CCSDS_OMM_VERS,COMMENT,CREATION_DATE,ORIGINATOR,OBJECT_NAME,OBJECT_ID,CENTER_NAME,REF_FRAME,TIME_SYSTEM,MEAN_ELEMENT_THEORY,EPOCH,MEAN_MOTION,ECCENTRICITY,INCLINATION,RA_OF_ASC_NODE,ARG_OF_PERICENTER,MEAN_ANOMALY,EPHEMERIS_TYPE,CLASSIFICATION_TYPE,NORAD_CAT_ID,ELEMENT_SET_NO,REV_AT_EPOCH,BSTAR,MEAN_MOTION_DOT,MEAN_MOTION_DDOT,SEMIMAJOR_AXIS,PERIOD,APOAPSIS,PERIAPSIS,OBJECT_TYPE,RCS_SIZE,COUNTRY_CODE,LAUNCH_DATE,SITE,DECAY_DATE,FILE,GP_ID,TLE_LINE0,TLE_LINE1,TLE_LINE2
"2.0","GENERATED VIA SPACE-TRACK.ORG API","2013-07-19T20:45:13","18 SPCS","TBA - TO BE ASSIGNED","2013-037A","EARTH","TEME","UTC","SGP4","2013-07-20T02:37:19.902432","14.68123733","0.00089510","98.0639","218.7627","26.0601","33.9766","0","U","39208","999","2","0.00000000000000","-0.00000049","0.0000000000000","7045.205","98.084","673.376","660.764","TBA","","","","","","1518870","93369994","0 TBA - TO BE ASSIGNED","1 39208U 13037A   13201.10925813 -.00000049  00000-0  00000+0 0  9995","2 39208 098.0639 218.7627 0008951 026.0601 033.9766 14.68123733    24"
"2.0","GENERATED VIA SPACE-TRACK.ORG API","2013-07-19T20:48:51","18 SPCS","TBA - TO BE ASSIGNED","2013-037A","EARTH","TEME","UTC","SGP4","2013-07-20T02:37:19.902432","14.68123733","0.00089510","98.0639","218.7627","26.0601","33.9766","0","U","39208","999","2","0.00000000000000","-0.00000049","0.0000000000000","7045.205","98.084","673.376","660.764","TBA","","","","","","1518872","93369996","0 TBA - TO BE ASSIGNED","1 39208U 13037A   13201.10925813 -.00000049  00000-0  00000+0 0  9995","2 39208 098.0639 218.7627 0008951 026.0601 033.9766 14.68123733    24"
"2.0","GENERATED VIA SPACE-TRACK.ORG API","2013-07-19T21:17:23","18 SPCS","TBA - TO BE ASSIGNED","2013-037B","EARTH","TEME","UTC","SGP4","2013-07-20T02:46:52.316255","14.67242368","0.00048540","98.0580","218.7641","55.7756","38.8936","0","U","39209","999","1","0.00000000000000","-0.00000048","0.0000000000000","7048.026","98.143","673.312","666.470","TBA","","","","","","1518879","93370003","0 TBA - TO BE ASSIGNED","1 39209U 13037B   13201.11588329 -.00000048  00000-0  00000+0 0  9993","2 39209 098.0580 218.7641 0004854 055.7756 038.8936 14.67242368    11"
"2.0","GENERATED VIA SPACE-TRACK.ORG API","2013-07-19T21:24:17","18 SPCS","TBA - TO BE ASSIGNED","2013-037C","EARTH","TEME","UTC","SGP4","2013-07-20T02:46:58.253664","14.67634248","0.00064040","98.0600","218.7641","40.4891","54.7060","0","U","39210","999","2","0.00000000000000","-0.00000048","0.0000000000000","7046.772","98.117","673.149","664.124","TBA","","","","","","1518880","93370004","0 TBA - TO BE ASSIGNED","1 39210U 13037C   13201.11595201 -.00000048  00000-0  00000+0 0  9992","2 39210 098.0600 218.7641 0006404 040.4891 054.7060 14.67634248    28"
"2.0","GENERATED VIA SPACE-TRACK.ORG API","2013-07-20T00:10:44","18 SPCS","TBA - TO BE ASSIGNED","2013-037A","EARTH","TEME","UTC","SGP4","2013-07-20T05:37:17.687999","14.68130646","0.00087220","98.0589","218.8821","25.1290","335.0336","0","U","39208","999","4","0.00000000000000","-0.00000048","0.0000000000000","7045.183","98.083","673.193","660.903","TBA","","","","","","1518900","93370025","0 TBA - TO BE ASSIGNED","1 39208U 13037A   13201.23423250 -.00000048  00000-0  00000+0 0  9996","2 39208 098.0589 218.8821 0008722 025.1290 335.0336 14.68130646    47"
"2.0","GENERATED VIA SPACE-TRACK.ORG API","2013-07-20T00:15:12","18 SPCS","TBA - TO BE ASSIGNED","2013-037C","EARTH","TEME","UTC","SGP4","2013-07-20T05:37:24.733919","14.67609960","0.00063840","98.0626","218.8826","41.8857","318.2887","0","U","39210","999","4","0.00000000000000","-0.00000048","0.0000000000000","7046.849","98.118","673.213","664.216","TBA","","","","","","1518905","93370108","0 TBA - TO BE ASSIGNED","1 39210U 13037C   13201.23431405 -.00000048  00000-0  00000+0 0  9990","2 39210 098.0626 218.8826 0006384 041.8857 318.2887 14.67609960    46"
"2.0","GENERATED VIA SPACE-TRACK.ORG API","2013-07-20T00:13:22","18 SPCS","TBA - TO BE ASSIGNED","2013-037B","EARTH","TEME","UTC","SGP4","2013-07-20T05:37:30.245376","14.67164383","0.00051870","98.0627","218.8855","34.5547","325.5863","0","U","39209","999","3","0.00000000000000","-0.00000048","0.0000000000000","7048.276","98.148","673.797","666.485","TBA","","","","","","1518903","93370076","0 TBA - TO BE ASSIGNED","1 39209U 13037B   13201.23437784 -.00000048  00000-0  00000+0 0  9994","2 39209 098.0627 218.8855 0005187 034.5547 325.5863 14.67164383    31"
"2.0","GENERATED VIA SPACE-TRACK.ORG API","2013-07-20T02:21:53","18 SPCS","TBA - TO BE ASSIGNED","2013-037B","EARTH","TEME","UTC","SGP4","2013-07-20T06:02:37.059648","14.67197315","0.00045990","98.0612","218.8996","48.2038","44.0201","0","U","39209","999","3","0.00000000000000","-0.00000048","0.0000000000000","7048.171","98.146","673.277","666.794","TBA","","","","","","1519006","93372517","0 TBA - TO BE ASSIGNED","1 39209U 13037B   13201.25181782 -.00000048  00000-0  00000+0 0  9990","2 39209 098.0612 218.8996 0004599 048.2038 044.0201 14.67197315    34"
"2.0","GENERATED VIA SPACE-TRACK.ORG API","2013-07-20T02:21:53","18 SPCS","TBA - TO BE ASSIGNED","2013-037A","EARTH","TEME","UTC","SGP4","2013-07-20T06:03:00.592415","14.68139342","0.00086870","98.0589","218.8994","23.7155","70.7758","0","U","39208","999","4","0.00000000000000","-0.00000048","0.0000000000000","7045.155","98.083","673.140","660.900","TBA","","","","","","1519006","93372519","0 TBA - TO BE ASSIGNED","1 39208U 13037A   13201.25209019 -.00000048  00000-0  00000+0 0  9993","2 39208 098.0589 218.8994 0008687 023.7155 070.7758 14.68139342    45"
"2.0","GENERATED VIA SPACE-TRACK.ORG API","2013-07-20T02:21:53","18 SPCS","TBA - TO BE ASSIGNED","2013-037C","EARTH","TEME","UTC","SGP4","2013-07-20T06:03:02.367936","14.67617289","0.00063840","98.0630","218.9011","41.8283","52.3211","0","U","39210","999","4","0.00000000000000","-0.00000048","0.0000000000000","7046.826","98.118","673.190","664.192","TBA","","","","","","1519006","93372524","0 TBA - TO BE ASSIGNED","1 39210U 13037C   13201.25211074 -.00000048  00000-0  00000+0 0  9990","2 39210 098.0630 218.9011 0006384 041.8283 052.3211 14.67617289    41"
"2.0","GENERATED VIA SPACE-TRACK.ORG API","2013-07-20T09:58:19","18 SPCS","TBA - TO BE ASSIGNED","2013-037A","EARTH","TEME","UTC","SGP4","2013-07-20T12:09:51.824448","14.68134661","0.00094010","98.0580","219.1484","15.8795","344.2652","0","U","39208","999","8","0.00000000000000","-0.00000049","0.0000000000000","7045.170","98.083","673.658","660.412","TBA","","","","","","1519114","93375040","0 TBA - TO BE ASSIGNED","1 39208U 13037A   13201.50684982 -.00000049  00000-0  00000+0 0  9998","2 39208 098.0580 219.1484 0009401 015.8795 344.2652 14.68134661    86"
"2.0","GENERATED VIA SPACE-TRACK.ORG API","2013-07-20T09:58:19","18 SPCS","TBA - TO BE ASSIGNED","2013-037C","EARTH","TEME","UTC","SGP4","2013-07-20T12:10:07.057632","14.67618534","0.00070790","98.0597","219.1494","17.2132","342.9247","0","U","39210","999","8","0.00000000000000","-0.00000048","0.0000000000000","7046.822","98.118","673.675","663.698","TBA","","","","","","1519114","93375042","0 TBA - TO BE ASSIGNED","1 39210U 13037C   13201.50702613 -.00000048  00000-0  00000+0 0  9992","2 39210 098.0597 219.1494 0007079 017.2132 342.9247 14.67618534    88"
"2.0","GENERATED VIA SPACE-TRACK.ORG API","2013-07-20T09:58:19","18 SPCS","TBA - TO BE ASSIGNED","2013-037B","EARTH","TEME","UTC","SGP4","2013-07-20T12:10:19.285823","14.67204685","0.00052700","98.0588","219.1481","16.8108","343.3198","0","U","39209","999","7","0.00000000000000","-0.00000048","0.0000000000000","7048.147","98.145","673.726","666.298","TBA","","","","","","1519114","93375038","0 TBA - TO BE ASSIGNED","1 39209U 13037B   13201.50716766 -.00000048  00000-0  00000+0 0  9994","2 39209 098.0588 219.1481 0005270 016.8108 343.3198 14.67204685    78"
"2.0","GENERATED VIA SPACE-TRACK.ORG API","2013-07-20T17:54:00","18 SPCS","TBA - TO BE ASSIGNED","2013-037A","EARTH","TEME","UTC","SGP4","2013-07-20T20:20:34.833695","14.68129706","0.00092440","98.0581","219.4830","16.5427","343.6085","0","U","39208","999","13","0.00000000000000","-0.00000048","0.0000000000000","7045.186","98.083","673.564","660.539","TBA","","","","","","1519329","93377597","0 TBA - TO BE ASSIGNED","1 39208U 13037A   13201.84762539 -.00000048  00000-0  00000+0 0  9999","2 39208 098.0581 219.4830 0009244 016.5427 343.6085 14.68129706   133"
"2.0","GENERATED VIA SPACE-TRACK.ORG API","2013-07-20T17:54:00","18 SPCS","TBA - TO BE ASSIGNED","2013-037C","EARTH","TEME","UTC","SGP4","2013-07-20T20:21:00.300959","14.67616450","0.00067020","98.0593","219.4834","17.9595","342.1857","0","U","39210","999","13","0.00000000000000","-0.00000048","0.0000000000000","7046.829","98.118","673.416","663.971","TBA","","","","","","1519329","93377603","0 TBA - TO BE ASSIGNED","1 39210U 13037C   13201.84792015 -.00000048  00000-0  00000+0 0  9994","2 39210 098.0593 219.4834 0006702 017.9595 342.1857 14.67616450   137"
"2.0","GENERATED VIA SPACE-TRACK.ORG API","2013-07-20T17:54:00","18 SPCS","TBA - TO BE ASSIGNED","2013-037B","EARTH","TEME","UTC","SGP4","2013-07-20T20:21:20.900448","14.67201638","0.00050580","98.0587","219.4825","16.6462","343.4920","0","U","39209","999","12","0.00000000000000","-0.00000048","0.0000000000000","7048.157","98.146","673.587","666.457","TBA","","","","","","1519329","93377595","0 TBA - TO BE ASSIGNED","1 39209U 13037B   13201.84815857 -.00000048  00000-0  00000+0 0  9992","2 39209 098.0587 219.4825 0005058 016.6462 343.4920 14.67201638   122"
"2.0","GENERATED VIA SPACE-TRACK.ORG API","2013-07-20T18:41:46","18 SPCS","TBA - TO BE ASSIGNED","2013-037C","EARTH","TEME","UTC","SGP4","2013-07-20T23:37:21.531072","14.67617386","0.00066510","98.0589","219.6171","17.2129","342.9330","0","U","39210","999","15","0.00000000000000","-0.00000048","0.0000000000000","7046.826","98.118","673.377","664.004","TBA","","","","","","1519348","93377795","0 TBA - TO BE ASSIGNED","1 39210U 13037C   13201.98427698 -.00000048  00000-0  00000+0 0  9991","2 39210 098.0589 219.6171 0006651 017.2129 342.9330 14.67617386   152"
"2.0","GENERATED VIA SPACE-TRACK.ORG API","2013-07-20T20:41:29","18 SPCS","TBA - TO BE ASSIGNED","2013-037A","EARTH","TEME","UTC","SGP4","2013-07-21T01:15:00.398016","14.68132053","0.00091430","98.0584","219.6840","15.3871","344.7619","0","U","39208","999","16","0.00000000000000","-0.00000048","0.0000000000000","7045.179","98.083","673.485","660.602","TBA","","","","","","1519365","93377812","0 TBA - TO BE ASSIGNED","1 39208U 13037A   13202.05208794 -.00000048  00000-0  00000+0 0  9991","2 39208 098.0584 219.6840 0009143 015.3871 344.7619 14.68132053   164"
"2.0","GENERATED VIA SPACE-TRACK.ORG API","2013-07-20T20:44:35","18 SPCS","TBA - TO BE ASSIGNED","2013-037B","EARTH","TEME","UTC","SGP4","2013-07-21T01:15:57.650975","14.67203570","0.00047560","98.0593","219.6842","17.0584","343.0806","0","U","39209","999","15","0.00000000000000","-0.00000048","0.0000000000000","7048.151","98.145","673.368","666.663","TBA","","","","","","1519366","93377813","0 TBA - TO BE ASSIGNED","1 39209U 13037B   13202.05275059 -.00000048  00000-0  00000+0 0  9990","2 39209 098.0593 219.6842 0004756 017.0584 343.0806 14.67203570   153"
"2.0","GENERATED VIA SPACE-TRACK.ORG API","2013-07-21T01:53:13","18 SPCS","TBA - TO BE ASSIGNED","2013-037A","EARTH","TEME","UTC","SGP4","2013-07-21T06:09:26.043552","14.68132584","0.00091860","98.0581","219.8854","14.5671","345.5807","0","U","39208","999","19","0.00000000000000","-0.00000048","0.0000000000000","7045.177","98.083","673.514","660.570","TBA","","","","","","1519506","93380263","0 TBA - TO BE ASSIGNED","1 39208U 13037A   13202.25655143 -.00000048  00000-0  00000+0 0  9997","2 39208 098.0581 219.8854 0009186 014.5671 345.5807 14.68132584   194"
"2.0","GENERATED VIA SPACE-TRACK.ORG API","2013-07-21T01:53:13","18 SPCS","TBA - TO BE ASSIGNED","2013-037C","EARTH","TEME","UTC","SGP4","2013-07-21T06:10:03.946368","14.67617844","0.00066970","98.0589","219.8857","15.8186","344.3229","0","U","39210","999","19","0.00000000000000","-0.00000048","0.0000000000000","7046.824","98.118","673.408","663.970","TBA","","","","","","1519506","93380268","0 TBA - TO BE ASSIGNED","1 39210U 13037C   13202.25699012 -.00000048  00000-0  00000+0 0  9993","2 39210 098.0589 219.8857 0006697 015.8186 344.3229 14.67617844   198"
"2.0","GENERATED VIA SPACE-TRACK.ORG API","2013-07-21T01:53:13","18 SPCS","TBA - TO BE ASSIGNED","2013-037B","EARTH","TEME","UTC","SGP4","2013-07-21T06:10:34.467168","14.67203697","0.00048740","98.0586","219.8850","14.8029","345.3321","0","U","39209","999","18","0.00000000000000","-0.00000048","0.0000000000000","7048.150","98.145","673.450","666.580","TBA","","","","","","1519506","93380262","0 TBA - TO BE ASSIGNED","1 39209U 13037B   13202.25734337 -.00000048  00000-0  00000+0 0  9991","2 39209 098.0586 219.8850 0004874 014.8029 345.3321 14.67203697   186"
"2.0","GENERATED VIA SPACE-TRACK.ORG API","2013-07-21T05:37:56","18 SPCS","TBA - TO BE ASSIGNED","2013-037B","EARTH","TEME","UTC","SGP4","2013-07-21T11:05:11.234975","14.67204887","0.00048320","98.0590","220.0862","15.3186","344.8167","0","U","39209","999","21","0.00000000000000","-0.00000048","0.0000000000000","7048.146","98.145","673.417","666.606","TBA","","","","","","1519523","93380477","0 TBA - TO BE ASSIGNED","1 39209U 13037B   13202.46193559 -.00000048  00000-0  00000+0 0  9999","2 39209 098.0590 220.0862 0004832 015.3186 344.8167 14.67204887   210"
"2.0","GENERATED VIA SPACE-TRACK.ORG API","2013-07-21T10:03:32","18 SPCS","OBJECT A","2013-037A","EARTH","TEME","UTC","SGP4","2013-07-21T12:42:00.138528","14.68134142","0.00091570","98.0577","220.1535","14.2277","345.9180","0","U","39208","999","23","0.00000000000000","-0.00000048","0.0000000000000","7045.172","98.083","673.488","660.586","TBA","","PRC","2013-07-19","TSC","","1519635","93382939","0 OBJECT A","1 39208U 13037A   13202.52916827 -.00000048  00000-0  00000+0 0  9996","2 39208 098.0577 220.1535 0009157 014.2277 345.9180 14.68134142   232"
"2.0","GENERATED VIA SPACE-TRACK.ORG API","2013-07-21T10:03:32","18 SPCS","OBJECT C","2013-037C","EARTH","TEME","UTC","SGP4","2013-07-21T12:42:46.381536","14.67618248","0.00067410","98.0587","220.1537","14.8522","345.2869","0","U","39210","999","23","0.00000000000000","-0.00000048","0.0000000000000","7046.823","98.118","673.438","663.938","TBA","","PRC","2013-07-19","TSC","","1519635","93382942","0 OBJECT C","1 39210U 13037C   13202.52970349 -.00000048  00000-0  00000+0 0  9998","2 39210 098.0587 220.1537 0006741 014.8522 345.2869 14.67618248   233"
"2.0","GENERATED VIA SPACE-TRACK.ORG API","2013-07-21T08:53:33","18 SPCS","TBA - TO BE ASSIGNED","2013-037C","EARTH","TEME","UTC","SGP4","2013-07-21T14:20:57.016031","14.67618131","0.00067380","98.0588","220.2205","15.0085","345.1312","0","U","39210","999","24","0.00000000000000","-0.00000048","0.0000000000000","7046.823","98.118","673.436","663.940","TBA","","","","","","1519572","93381485","0 TBA - TO BE ASSIGNED","1 39210U 13037C   13202.59788213 -.00000048  00000-0  00000+0 0  9992","2 39210 098.0588 220.2205 0006738 015.0085 345.1312 14.67618131   244"
"2.0","GENERATED VIA SPACE-TRACK.ORG API","2013-07-21T13:34:54","18 SPCS","OBJECT A","2013-037A","EARTH","TEME","UTC","SGP4","2013-07-21T19:14:34.351872","14.68134052","0.00090950","98.0578","220.4219","13.5903","346.5554","0","U","39208","999","27","0.00000000000000","-0.00000048","0.0000000000000","7045.172","98.083","673.445","660.630","TBA","","PRC","2013-07-19","TSC","","1519684","93383413","0 OBJECT A","1 39208U 13037A   13202.80178648 -.00000048  00000-0  00000+0 0  9998","2 39208 098.0578 220.4219 0009095 013.5903 346.5554 14.68134052   270"
"2.0","GENERATED VIA SPACE-TRACK.ORG API","2013-07-21T13:42:46","18 SPCS","OBJECT B","2013-037B","EARTH","TEME","UTC","SGP4","2013-07-21T19:16:12.636192","14.67203982","0.00046610","98.0576","220.4209","14.9185","345.2154","0","U","39209","999","26","0.00000000000000","-0.00000048","0.0000000000000","7048.149","98.145","673.299","666.729","TBA","","PRC","2013-07-19","TSC","","1519685","93383414","0 OBJECT B","1 39209U 13037B   13202.80292403 -.00000048  00000-0  00000+0 0  9995","2 39209 098.0576 220.4209 0004661 014.9185 345.2154 14.67203982   268"
"2.0","GENERATED VIA SPACE-TRACK.ORG API","2013-07-21T17:38:54","18 SPCS","OBJECT B","2013-037B","EARTH","TEME","UTC","SGP4","2013-07-21T19:16:12.639647","14.67204631","0.00047130","98.0575","220.4204","14.6428","345.4921","0","U","39209","999","26","0.00000000000000","-0.00000048","0.0000000000000","7048.147","98.145","673.334","666.690","TBA","","PRC","2013-07-19","TSC","","1519824","93385725","0 OBJECT B","1 39209U 13037B   13202.80292407 -.00000048  00000-0  00000+0 0  9999","2 39209 098.0575 220.4204 0004713 014.6428 345.4921 14.67204631   263"
"2.0","GENERATED VIA SPACE-TRACK.ORG API","2013-07-21T17:38:54","18 SPCS","OBJECT C","2013-037C","EARTH","TEME","UTC","SGP4","2013-07-21T20:53:39.495264","14.67618127","0.00066620","98.0579","220.4888","14.2299","345.9094","0","U","39210","999","28","0.00000000000000","-0.00000048","0.0000000000000","7046.823","98.118","673.383","663.994","TBA","","PRC","2013-07-19","TSC","","1519824","93385728","0 OBJECT C","1 39210U 13037C   13202.87059601 -.00000048  00000-0  00000+0 0  9995","2 39210 098.0579 220.4888 0006662 014.2299 345.9094 14.67618127   281"
"2.0","GENERATED VIA SPACE-TRACK.ORG API","2013-07-21T17:50:26","18 SPCS","OBJECT C","2013-037C","EARTH","TEME","UTC","SGP4","2013-07-21T22:31:50.109887","14.67618411","0.00066970","98.0583","220.5557","13.8187","346.3214","0","U","39210","999","29","0.00000000000000","-0.00000048","0.0000000000000","7046.822","98.118","673.407","663.968","TBA","","PRC","2013-07-19","TSC","","1519832","93385846","0 OBJECT C","1 39210U 13037C   13202.93877442 -.00000048  00000-0  00000+0 0  9993","2 39210 098.0583 220.5557 0006697 013.8187 346.3214 14.67618411   295"
"2.0","GENERATED VIA SPACE-TRACK.ORG API","2013-07-22T01:23:26","18 SPCS","OBJECT A","2013-037A","EARTH","TEME","UTC","SGP4","2013-07-22T03:25:16.947263","14.68135396","0.00089810","98.0570","220.7577","12.0388","348.1045","0","U","39208","999","32","0.00000000000000","-0.00000048","0.0000000000000","7045.168","98.083","673.360","660.706","TBA","","PRC","2013-07-19","TSC","","1520011","93388376","0 OBJECT A","1 39208U 13037A   13203.14255726 -.00000048  00000-0  00000+0 0  9999","2 39208 098.0570 220.7577 0008981 012.0388 348.1045 14.68135396   327"
"2.0","GENERATED VIA SPACE-TRACK.ORG API","2013-07-21T22:18:39","18 SPCS","OBJECT B","2013-037B","EARTH","TEME","UTC","SGP4","2013-07-22T03:27:13.952735","14.67205369","0.00046620","98.0578","220.7557","13.0246","347.1091","0","U","39209","999","31","0.00000000000000","-0.00000048","0.0000000000000","7048.145","98.145","673.296","666.724","TBA","","PRC","2013-07-19","TSC","","1519893","93385985","0 OBJECT B","1 39209U 13037B   13203.14391149 -.00000048  00000-0  00000+0 0  9990","2 39209 098.0578 220.7557 0004662 013.0246 347.1091 14.67205369   316"
"2.0","GENERATED VIA SPACE-TRACK.ORG API","2013-07-22T00:37:55","18 SPCS","OBJECT C","2013-037C","EARTH","TEME","UTC","SGP4","2013-07-22T05:04:32.520864","14.67618631","0.00066460","98.0576","220.8239","12.8676","347.2696","0","U","39210","999","33","0.00000000000000","-0.00000048","0.0000000000000","7046.822","98.118","673.370","664.003","TBA","","PRC","2013-07-19","TSC","","1519950","93386887","0 OBJECT C","1 39210U 13037C   13203.21148751 -.00000048  00000-0  00000+0 0  9999","2 39210 098.0576 220.8239 0006646 012.8676 347.2696 14.67618631   336"
"2.0","GENERATED VIA SPACE-TRACK.ORG API","2013-07-21T23:47:03","18 SPCS","OBJECT B","2013-037B","EARTH","TEME","UTC","SGP4","2013-07-22T05:05:26.207231","14.67205525","0.00046980","98.0578","220.8227","12.6785","347.4543","0","U","39209","999","32","0.00000000000000","-0.00000048","0.0000000000000","7048.144","98.145","673.320","666.698","TBA","","PRC","2013-07-19","TSC","","1519911","93386003","0 OBJECT B","1 39209U 13037B   13203.21210888 -.00000048  00000-0  00000+0 0  9998","2 39209 098.0578 220.8227 0004698 012.6785 347.4543 14.67205525   323"
"2.0","GENERATED VIA SPACE-TRACK.ORG API","2013-07-22T03:59:54","18 SPCS","OBJECT C","2013-037C","EARTH","TEME","UTC","SGP4","2013-07-22T08:20:53.753567","14.67618663","0.00066850","98.0578","220.9580","12.5024","347.6342","0","U","39210","999","35","0.00000000000000","-0.00000048","0.0000000000000","7046.822","98.118","673.397","663.976","TBA","","PRC","2013-07-19","TSC","","1520020","93388574","0 OBJECT C","1 39210U 13037C   13203.34784437 -.00000048  00000-0  00000+0 0  9990","2 39210 098.0578 220.9580 0006685 012.5024 347.6342 14.67618663   354"
"2.0","GENERATED VIA SPACE-TRACK.ORG API","2013-07-22T09:22:49","18 SPCS","OBJECT C","2013-037C","EARTH","TEME","UTC","SGP4","2013-07-22T11:37:14.974175","14.67618733","0.00066750","98.0577","221.0918","12.2106","347.9253","0","U","39210","999","37","0.00000000000000","-0.00000048","0.0000000000000","7046.821","98.118","673.390","663.983","TBA","","PRC","2013-07-19","TSC","","1520135","93390707","0 OBJECT C","1 39210U 13037C   13203.48420109 -.00000048  00000-0  00000+0 0  9998","2 39210 098.0577 221.0918 0006675 012.2106 347.9253 14.67618733   371"
"2.0","GENERATED VIA SPACE-TRACK.ORG API","2013-07-22T06:33:36","18 SPCS","OBJECT B","2013-037B","EARTH","TEME","UTC","SGP4","2013-07-22T11:38:15.228671","14.67206312","0.00047600","98.0577","221.0912","12.4642","347.6677","0","U","39209","999","36","0.00000000000000","-0.00000048","0.0000000000000","7048.142","98.145","673.362","666.652","TBA","","PRC","2013-07-19","TSC","","1520029","93388590","0 OBJECT B","1 39209U 13037B   13203.48489848 -.00000048  00000-0  00000+0 0  9991","2 39209 098.0577 221.0912 0004760 012.4642 347.6677 14.67206312   365"
"2.0","GENERATED VIA SPACE-TRACK.ORG API","2013-07-22T08:09:52","18 SPCS","OBJECT A","2013-037A","EARTH","TEME","UTC","SGP4","2013-07-22T13:14:08.148480","14.68135791","0.00090170","98.0572","221.1600","10.9772","349.1632","0","U","39208","999","38","0.00000000000000","-0.00000048","0.0000000000000","7045.167","98.083","673.384","660.679","TBA","","PRC","2013-07-19","TSC","","1520034","93388595","0 OBJECT A","1 39208U 13037A   13203.55148320 -.00000048  00000-0  00000+0 0  9995","2 39208 098.0572 221.1600 0009017 010.9772 349.1632 14.68135791   384"
"2.0","GENERATED VIA SPACE-TRACK.ORG API","2013-07-22T08:14:32","18 SPCS","OBJECT B","2013-037B","EARTH","TEME","UTC","SGP4","2013-07-22T13:16:27.503040","14.67206184","0.00047360","98.0575","221.1583","12.6749","347.4567","0","U","39209","999","37","0.00000000000000","-0.00000048","0.0000000000000","7048.142","98.145","673.345","666.669","TBA","","PRC","2013-07-19","TSC","","1520037","93388646","0 OBJECT B","1 39209U 13037B   13203.55309610 -.00000048  00000-0  00000+0 0  9997","2 39209 098.0575 221.1583 0004736 012.6749 347.4567 14.67206184   375"
"2.0","GENERATED VIA SPACE-TRACK.ORG API","2013-07-22T09:40:56","18 SPCS","OBJECT C","2013-037C","EARTH","TEME","UTC","SGP4","2013-07-22T14:53:36.256992","14.67618047","0.00064910","98.0576","221.2260","12.2127","347.9228","0","U","39210","999","39","0.00000000000000","-0.00000048","0.0000000000000","7046.823","98.118","673.263","664.114","TBA","","PRC","2013-07-19","TSC","","1520166","93391093","0 OBJECT C","1 39210U 13037C   13203.62055853 -.00000048  00000-0  00000+0 0  9994","2 39210 098.0576 221.2260 0006491 012.2127 347.9228 14.67618047   393"
"2.0","GENERATED VIA SPACE-TRACK.ORG API","2013-07-22T14:26:06","18 SPCS","OBJECT A","2013-037A","EARTH","TEME","UTC","SGP4","2013-07-22T19:46:42.233088","14.68137128","0.00089260","98.0569","221.4285","11.3034","348.8384","0","U","39208","999","42","0.00000000000000","-0.00000048","0.0000000000000","7045.162","98.083","673.316","660.739","TBA","","PRC","2013-07-19","TSC","","1520236","93391206","0 OBJECT A","1 39208U 13037A   13203.82409992 -.00000048  00000-0  00000+0 0  9990","2 39208 098.0569 221.4285 0008926 011.3034 348.8384 14.68137128   427"
"2.0","GENERATED VIA SPACE-TRACK.ORG API","2013-07-22T17:31:37","18 SPCS","OBJECT C","2013-037C","EARTH","TEME","UTC","SGP4","2013-07-22T19:48:08.144927","14.67617568","0.00064520","98.0573","221.4273","11.6612","348.4720","0","U","39210","999","42","0.00000000000000","-0.00000048","0.0000000000000","7046.825","98.118","673.237","664.143","TBA","","PRC","2013-07-19","TSC","","1520375","93393615","0 OBJECT C","1 39210U 13037C   13203.82509427 -.00000048  00000-0  00000+0 0  9997","2 39210 098.0573 221.4273 0006452 011.6612 348.4720 14.67617568   429"
"2.0","GENERATED VIA SPACE-TRACK.ORG API","2013-07-22T14:45:28","18 SPCS","OBJECT B","2013-037B","EARTH","TEME","UTC","SGP4","2013-07-22T19:49:16.593599","14.67206360","0.00046260","98.0566","221.4264","12.6156","347.5164","0","U","39209","999","41","0.00000000000000","-0.00000048","0.0000000000000","7048.142","98.145","673.267","666.746","TBA","","PRC","2013-07-19","TSC","","1520242","93391212","0 OBJECT B","1 39209U 13037B   13203.82588650 -.00000048  00000-0  00000+0 0  9990","2 39209 098.0566 221.4264 0004626 012.6156 347.5164 14.67206360   419"
"2.0","GENERATED VIA SPACE-TRACK.ORG API","2013-07-22T17:31:37","18 SPCS","OBJECT A","2013-037A","EARTH","TEME","UTC","SGP4","2013-07-22T21:24:50.746463","14.68137472","0.00088930","98.0560","221.4950","10.9155","349.2256","0","U","39208","999","43","0.00000000000000","-0.00000048","0.0000000000000","7045.161","98.083","673.292","660.761","TBA","","PRC","2013-07-19","TSC","","1520375","93393612","0 OBJECT A","1 39208U 13037A   13203.89225401 -.00000048  00000-0  00000+0 0  9998","2 39208 098.0560 221.4950 0008893 010.9155 349.2256 14.68137472   435"
"2.0","GENERATED VIA SPACE-TRACK.ORG API","2013-07-22T17:31:20","18 SPCS","OBJECT B","2013-037B","EARTH","TEME","UTC","SGP4","2013-07-22T21:27:28.864511","14.67206748","0.00046160","98.0560","221.4929","11.7858","348.3469","0","U","39209","999","42","0.00000000000000","-0.00000048","0.0000000000000","7048.140","98.145","673.259","666.752","TBA","","PRC","2013-07-19","TSC","","1520374","93393609","0 OBJECT B","1 39209U 13037B   13203.89408408 -.00000048  00000-0  00000+0 0  9999","2 39209 098.0560 221.4929 0004616 011.7858 348.3469 14.67206748   427"
"2.0","GENERATED VIA SPACE-TRACK.ORG API","2013-07-22T19:03:39","18 SPCS","OBJECT C","2013-037C","EARTH","TEME","UTC","SGP4","2013-07-23T00:42:40.038047","14.67617214","0.00062010","98.0569","221.6291","12.8470","347.2894","0","U","39210","999","45","0.00000000000000","-0.00000048","0.0000000000000","7046.826","98.118","673.061","664.321","TBA","","PRC","2013-07-19","TSC","","1520403","93393845","0 OBJECT C","1 39210U 13037C   13204.02963007 -.00000048  00000-0  00000+0 0  9998","2 39210 098.0569 221.6291 0006201 012.8470 347.2894 14.67617214   453"
"2.0","GENERATED VIA SPACE-TRACK.ORG API","2013-07-23T01:24:15","18 SPCS","OBJECT A","2013-037A","EARTH","TEME","UTC","SGP4","2013-07-23T03:57:24.762815","14.68138293","0.00087270","98.0561","221.7637","9.2534","350.8836","0","U","39208","999","47","0.00000000000000","-0.00000048","0.0000000000000","7045.159","98.083","673.172","660.875","TBA","","PRC","2013-07-19","TSC","","1520618","93396248","0 OBJECT A","1 39208U 13037A   13204.16486994 -.00000048  00000-0  00000+0 0  9995","2 39208 098.0561 221.7637 0008727 009.2534 350.8836 14.68138293   477"
"2.0","GENERATED VIA SPACE-TRACK.ORG API","2013-07-23T01:24:15","18 SPCS","OBJECT C","2013-037C","EARTH","TEME","UTC","SGP4","2013-07-23T03:59:01.294943","14.67617286","0.00063780","98.0568","221.7628","10.8018","349.3320","0","U","39210","999","47","0.00000000000000","-0.00000048","0.0000000000000","7046.826","98.118","673.185","664.196","TBA","","PRC","2013-07-19","TSC","","1520618","93396251","0 OBJECT C","1 39210U 13037C   13204.16598721 -.00000048  00000-0  00000+0 0  9990","2 39210 098.0568 221.7628 0006378 010.8018 349.3320 14.67617286   476"
"2.0","GENERATED VIA SPACE-TRACK.ORG API","2013-07-23T01:23:58","18 SPCS","OBJECT B","2013-037B","EARTH","TEME","UTC","SGP4","2013-07-23T04:00:17.882496","14.67207117","0.00045630","98.0559","221.7607","10.4643","349.6658","0","U","39209","999","46","0.00000000000000","-0.00000048","0.0000000000000","7048.139","98.145","673.220","666.788","TBA","","PRC","2013-07-19","TSC","","1520617","93396246","0 OBJECT B","1 39209U 13037B   13204.16687364 -.00000048  00000-0  00000+0 0  9990","2 39209 098.0559 221.7607 0004563 010.4643 349.6658 14.67207117   469"
"2.0","GENERATED VIA SPACE-TRACK.ORG API","2013-07-23T09:40:26","18 SPCS","OBJECT A","2013-037A","EARTH","TEME","UTC","SGP4","2013-07-23T12:08:07.388447","14.68138773","0.00087140","98.0564","222.0999","8.6424","351.4944","0","U","39208","999","52","0.00000000000000","-0.00000048","0.0000000000000","7045.157","98.083","673.161","660.883","TBA","","PRC","2013-07-19","TSC","","1520765","93399121","0 OBJECT A","1 39208U 13037A   13204.50564107 -.00000048  00000-0  00000+0 0  9996","2 39208 098.0564 222.0999 0008714 008.6424 351.4944 14.68138773   528"
"2.0","GENERATED VIA SPACE-TRACK.ORG API","2013-07-23T09:40:26","18 SPCS","OBJECT C","2013-037C","EARTH","TEME","UTC","SGP4","2013-07-23T12:09:54.425951","14.67616747","0.00064900","98.0564","222.0977","8.0691","352.0592","0","U","39210","999","52","0.00000000000000","-0.00000048","0.0000000000000","7046.828","98.118","673.266","664.119","TBA","","PRC","2013-07-19","TSC","","1520765","93399126","0 OBJECT C","1 39210U 13037C   13204.50687993 -.00000048  00000-0  00000+0 0  9998","2 39210 098.0564 222.0977 0006490 008.0691 352.0592 14.67616747   523"
"2.0","GENERATED VIA SPACE-TRACK.ORG API","2013-07-23T09:40:26","18 SPCS","OBJECT B","2013-037B","EARTH","TEME","UTC","SGP4","2013-07-23T12:11:19.197311","14.67207422","0.00045820","98.0562","222.0965","9.5711","350.5584","0","U","39209","999","51","0.00000000000000","-0.00000048","0.0000000000000","7048.138","98.145","673.233","666.774","TBA","","PRC","2013-07-19","TSC","","1520765","93399120","0 OBJECT B","1 39209U 13037B   13204.50786108 -.00000048  00000-0  00000+0 0  9994","2 39209 098.0562 222.0965 0004582 009.5711 350.5584 14.67207422   514"
"2.0","GENERATED VIA SPACE-TRACK.ORG API","2013-07-23T17:17:28","18 SPCS","OBJECT B","2013-037B","EARTH","TEME","UTC","SGP4","2013-07-23T17:05:56.004000","14.67207255","0.00045800","98.0563","222.2977","8.8932","351.2349","0","U","39209","999","54","0.00000000000000","-0.00000048","0.0000000000000","7048.139","98.145","673.232","666.776","TBA","","PRC","2013-07-19","TSC","","1520935","93401438","0 OBJECT B","1 39209U 13037B   13204.71245375 -.00000048  00000-0  00000+0 0  9993","2 39209 098.0563 222.2977 0004580 008.8932 351.2349 14.67207255   549"
"2.0","GENERATED VIA SPACE-TRACK.ORG API","2013-07-23T17:17:28","18 SPCS","OBJECT A","2013-037A","EARTH","TEME","UTC","SGP4","2013-07-23T18:40:41.485151","14.68138775","0.00087180","98.0562","222.3679","7.7956","352.3384","0","U","39208","999","56","0.00000000000000","-0.00000048","0.0000000000000","7045.157","98.083","673.164","660.880","TBA","","PRC","2013-07-19","TSC","","1520935","93401440","0 OBJECT A","1 39208U 13037A   13204.77825793 -.00000048  00000-0  00000+0 0  9996","2 39208 098.0562 222.3679 0008718 007.7956 352.3384 14.68138775   562"
"2.0","GENERATED VIA SPACE-TRACK.ORG API","2013-07-23T17:19:06","18 SPCS","OBJECT C","2013-037C","EARTH","TEME","UTC","SGP4","2013-07-23T21:58:58.245887","14.67610037","0.00064160","98.0561","222.5001","8.3395","351.7750","0","U","39210","999","58","-0.00030766000000","-0.00001795","0.0000000000000","7046.849","98.118","673.235","664.193","TBA","","PRC","2013-07-19","TSC","","1520937","93401467","0 OBJECT C","1 39210U 13037C   13204.91595192 -.00001795  00000-0 -30766-3 0  9999","2 39210 098.0561 222.5001 0006416 008.3395 351.7750 14.67610037   589"
"2.0","GENERATED VIA SPACE-TRACK.ORG API","2013-07-24T01:21:29","18 SPCS","OBJECT A","2013-037A","EARTH","TEME","UTC","SGP4","2013-07-24T01:13:15.395231","14.68143778","0.00086830","98.0560","222.6367","6.9640","353.1694","0","U","39208","999","60","0.00023805000000","0.00001321","0.0000000000000","7045.141","98.083","673.123","660.889","TBA","","PRC","2013-07-19","TSC","","1521117","93403922","0 OBJECT A","1 39208U 13037A   13205.05087263  .00001321  00000-0  23805-3 0  9996","2 39208 098.0560 222.6367 0008683 006.9640 353.1694 14.68143778   606"
"2.0","GENERATED VIA SPACE-TRACK.ORG API","2013-07-24T01:21:29","18 SPCS","OBJECT B","2013-037B","EARTH","TEME","UTC","SGP4","2013-07-24T01:16:57.340416","14.67207960","0.00045500","98.0561","222.6333","7.7641","352.3657","0","U","39209","999","59","0.00002281000000","0.00000081","0.0000000000000","7048.136","98.145","673.208","666.795","TBA","","PRC","2013-07-19","TSC","","1521117","93403920","0 OBJECT B","1 39209U 13037B   13205.05344144  .00000081  00000-0  22810-4 0  9999","2 39209 098.0561 222.6333 0004550 007.7641 352.3657 14.67207960   591"
"2.0","GENERATED VIA SPACE-TRACK.ORG API","2013-07-23T23:20:47","18 SPCS","OBJECT C","2013-037C","EARTH","TEME","UTC","SGP4","2013-07-24T04:31:41.011967","14.67610547","0.00064220","98.0557","222.7680","7.0713","353.0567","0","U","39210","999","62","-0.00024440000000","-0.00001436","0.0000000000000","7046.847","98.118","673.238","664.187","TBA","","PRC","2013-07-19","TSC","","1521011","93401679","0 OBJECT C","1 39210U 13037C   13205.18866912 -.00001436  00000-0 -24440-3 0  9994","2 39210 098.0557 222.7680 0006422 007.0713 353.0567 14.67610547   628"
"2.0","GENERATED VIA SPACE-TRACK.ORG API","2013-07-24T09:41:42","18 SPCS","OBJECT A","2013-037A","EARTH","TEME","UTC","SGP4","2013-07-24T09:23:57.967296","14.68143581","0.00087030","98.0560","222.9723","5.9317","354.1983","0","U","39208","999","65","0.00018923000000","0.00001040","0.0000000000000","7045.142","98.083","673.138","660.875","TBA","","PRC","2013-07-19","TSC","","1521266","93406882","0 OBJECT A","1 39208U 13037A   13205.39164314  .00001040  00000-0  18923-3 0  9999","2 39208 098.0560 222.9723 0008703 005.9317 354.1983 14.68143581   657"
"2.0","GENERATED VIA SPACE-TRACK.ORG API","2013-07-24T09:41:25","18 SPCS","OBJECT B","2013-037B","EARTH","TEME","UTC","SGP4","2013-07-24T09:27:58.627583","14.67207913","0.00045490","98.0561","222.9685","6.7647","353.3618","0","U","39209","999","64","0.00001309400000","0.00000026","0.0000000000000","7048.137","98.145","673.208","666.795","TBA","","PRC","2013-07-19","TSC","","1521265","93406881","0 OBJECT B","1 39209U 13037B   13205.39442856  .00000026  00000-0  13094-4 0  9998","2 39209 098.0561 222.9685 0004549 006.7647 353.3618 14.67207913   649"
"2.0","GENERATED VIA SPACE-TRACK.ORG API","2013-07-24T09:43:12","18 SPCS","OBJECT C","2013-037C","EARTH","TEME","UTC","SGP4","2013-07-24T11:04:23.560319","14.67612567","0.00064890","98.0556","223.0364","5.7751","354.3579","0","U","39210","999","66","-0.00014056000000","-0.00000847","0.0000000000000","7046.841","98.118","673.279","664.133","TBA","","PRC","2013-07-19","TSC","","1521267","93406920","0 OBJECT C","1 39210U 13037C   13205.46138380 -.00000847  00000-0 -14056-3 0  9993","2 39210 098.0556 223.0364 0006489 005.7751 354.3579 14.67612567   665"
"2.0","GENERATED VIA SPACE-TRACK.ORG API","2013-07-24T14:02:12","18 SPCS","OBJECT A","2013-037A","EARTH","TEME","UTC","SGP4","2013-07-24T19:12:49.127039","14.68142435","0.00086420","98.0559","223.3753","4.9781","355.1506","0","U","39208","999","71","0.00010050000000","0.00000530","0.0000000000000","7045.145","98.083","673.099","660.922","TBA","","PRC","2013-07-19","TSC","","1521366","93407207","0 OBJECT A","1 39208U 13037A   13205.80056860  .00000530  00000-0  10050-3 0  9997","2 39208 098.0559 223.3753 0008642 004.9781 355.1506 14.68142435   715"
"2.0","GENERATED VIA SPACE-TRACK.ORG API","2013-07-24T14:11:40","18 SPCS","OBJECT C","2013-037C","EARTH","TEME","UTC","SGP4","2013-07-24T19:15:16.719839","14.67612163","0.00064200","98.0555","223.3717","5.1883","354.9403","0","U","39210","999","71","-0.00012311000000","-0.00000747","0.0000000000000","7046.842","98.118","673.231","664.183","TBA","","PRC","2013-07-19","TSC","","1521369","93407210","0 OBJECT C","1 39210U 13037C   13205.80227685 -.00000747  00000-0 -12311-3 0  9999","2 39210 098.0555 223.3717 0006420 005.1883 354.9403 14.67612163   714"
"2.0","GENERATED VIA SPACE-TRACK.ORG API","2013-07-24T14:06:58","18 SPCS","OBJECT B","2013-037B","EARTH","TEME","UTC","SGP4","2013-07-24T19:17:12.253919","14.67207813","0.00045600","98.0556","223.3705","5.6158","354.5106","0","U","39209","999","70","0.00001425200000","0.00000032","0.0000000000000","7048.137","98.145","673.216","666.788","TBA","","PRC","2013-07-19","TSC","","1521367","93407208","0 OBJECT B","1 39209U 13037B   13205.80361405  .00000032  00000-0  14252-4 0  9998","2 39209 098.0556 223.3705 0004560 005.6158 354.5106 14.67207813   700"
"2.0","GENERATED VIA SPACE-TRACK.ORG API","2013-07-25T01:39:54","18 SPCS","OBJECT A","2013-037A","EARTH","TEME","UTC","SGP4","2013-07-25T03:23:31.664544","14.68143601","0.00086110","98.0559","223.7111","3.4337","356.6954","0","U","39208","999","76","0.00011892000000","0.00000636","0.0000000000000","7045.142","98.083","673.073","660.940","TBA","","PRC","2013-07-19","TSC","","1521640","93411898","0 OBJECT A","1 39208U 13037A   13206.14133871  .00000636  00000-0  11892-3 0  9995","2 39208 098.0559 223.7111 0008611 003.4337 356.6954 14.68143601   768"
"2.0","GENERATED VIA SPACE-TRACK.ORG API","2013-07-25T01:40:16","18 SPCS","OBJECT C","2013-037C","EARTH","TEME","UTC","SGP4","2013-07-25T03:26:09.788639","14.67614006","0.00063090","98.0554","223.7072","3.3782","356.7490","0","U","39210","999","76","-0.00003269000000","-0.00000234","0.0000000000000","7046.836","98.118","673.147","664.256","TBA","","PRC","2013-07-19","TSC","","1521641","93411921","0 OBJECT C","1 39210U 13037C   13206.14316885 -.00000234  00000-0 -32690-4 0  9992","2 39210 098.0554 223.7072 0006309 003.3782 356.7490 14.67614006   764"
"2.0","GENERATED VIA SPACE-TRACK.ORG API","2013-07-25T01:39:54","18 SPCS","OBJECT B","2013-037B","EARTH","TEME","UTC","SGP4","2013-07-25T03:28:13.504799","14.67209805","0.00045730","98.0556","223.7057","4.2450","355.8813","0","U","39209","999","75","0.00010397000000","0.00000537","0.0000000000000","7048.131","98.145","673.219","666.772","TBA","","PRC","2013-07-19","TSC","","1521640","93411896","0 OBJECT B","1 39209U 13037B   13206.14460075  .00000537  00000-0  10397-3 0  9994","2 39209 098.0556 223.7057 0004573 004.2450 355.8813 14.67209805   755"
"2.0","GENERATED VIA SPACE-TRACK.ORG API","2013-07-25T18:46:55","18 SPCS","OBJECT A","2013-037A","EARTH","TEME","UTC","SGP4","2013-07-25T19:44:56.736960","14.68143568","0.00085730","98.0561","224.3822","1.2944","358.8262","0","U","39208","999","86","0.00009135600000","0.00000477","0.0000000000000","7045.142","98.083","673.047","660.967","TBA","","PRC","2013-07-19","TSC","","1522044","93417971","0 OBJECT A","1 39208U 13037A   13206.82287890  .00000477  00000-0  91356-4 0  9998","2 39208 098.0561 224.3822 0008573 001.2944 358.8262 14.68143568   863"
"2.0","GENERATED VIA SPACE-TRACK.ORG API","2013-07-25T18:47:56","18 SPCS","OBJECT C","2013-037C","EARTH","TEME","UTC","SGP4","2013-07-25T19:47:56.074847","14.67615070","0.00062840","98.0559","224.3782","1.9508","358.1725","0","U","39210","999","86","0.00003603300000","0.00000157","0.0000000000000","7046.833","98.118","673.126","664.270","TBA","","PRC","2013-07-19","TSC","","1522045","93417993","0 OBJECT C","1 39210U 13037C   13206.82495457  .00000157  00000-0  36033-4 0  9997","2 39210 098.0559 224.3782 0006284 001.9508 358.1725 14.67615070   866"
"2.0","GENERATED VIA SPACE-TRACK.ORG API","2013-07-25T18:46:55","18 SPCS","OBJECT B","2013-037B","EARTH","TEME","UTC","SGP4","2013-07-25T19:50:16.089503","14.67208906","0.00045290","98.0555","224.3762","2.1473","357.9730","0","U","39209","999","85","0.00003746700000","0.00000163","0.0000000000000","7048.133","98.145","673.191","666.806","TBA","","PRC","2013-07-19","TSC","","1522044","93417970","0 OBJECT B","1 39209U 13037B   13206.82657511  .00000163  00000-0  37467-4 0  9995","2 39209 098.0555 224.3762 0004529 002.1473 357.9730 14.67208906   850"
"2.0","GENERATED VIA SPACE-TRACK.ORG API","2013-07-26T01:22:22","18 SPCS","OBJECT A","2013-037A","EARTH","TEME","UTC","SGP4","2013-07-26T02:17:30.818112","14.68143348","0.00086250","98.0556","224.6511","0.2312","359.8909","0","U","39208","999","90","0.00005186500000","0.00000250","0.0000000000000","7045.142","98.083","673.084","660.931","TBA","","PRC","2013-07-19","TSC","","1522213","93420476","0 OBJECT A","1 39208U 13037A   13207.09549558  .00000250  00000-0  51865-4 0  9990","2 39208 098.0556 224.6511 0008625 000.2312 359.8909 14.68143348   901"
"2.0","GENERATED VIA SPACE-TRACK.ORG API","2013-07-26T01:23:47","18 SPCS","OBJECT C","2013-037C","EARTH","TEME","UTC","SGP4","2013-07-26T02:20:38.562720","14.67616025","0.00062290","98.0552","224.6470","1.1325","358.9911","0","U","39210","999","90","0.00006692200000","0.00000332","0.0000000000000","7046.830","98.118","673.084","664.305","TBA","","PRC","2013-07-19","TSC","","1522214","93420515","0 OBJECT C","1 39210U 13037C   13207.09766855  .00000332  00000-0  66922-4 0  9995","2 39210 098.0552 224.6470 0006229 001.1325 358.9911 14.67616025   905"
"2.0","GENERATED VIA SPACE-TRACK.ORG API","2013-07-26T01:22:22","18 SPCS","OBJECT B","2013-037B","EARTH","TEME","UTC","SGP4","2013-07-26T02:23:05.151552","14.67209735","0.00044010","98.0551","224.6446","1.5059","358.6186","0","U","39209","999","89","0.00006281500000","0.00000306","0.0000000000000","7048.131","98.145","673.098","666.894","TBA","","PRC","2013-07-19","TSC","","1522213","93420475","0 OBJECT B","1 39209U 13037B   13207.09936518  .00000306  00000-0  62815-4 0  9996","2 39209 098.0551 224.6446 0004401 001.5059 358.6186 14.67209735   898"
"2.0","GENERATED VIA SPACE-TRACK.ORG API","2013-07-26T09:34:15","18 SPCS","OBJECT A","2013-037A","EARTH","TEME","UTC","SGP4","2013-07-26T10:28:13.324511","14.68144311","0.00086540","98.0560","224.9870","359.2895","0.8302","0","U","39208","999","95","0.00008176300000","0.00000422","0.0000000000000","7045.139","98.083","673.101","660.908","TBA","","PRC","2013-07-19","TSC","","1522340","93423058","0 OBJECT A","1 39208U 13037A   13207.43626533  .00000422  00000-0  81763-4 0  9998","2 39208 098.0560 224.9870 0008654 359.2895 000.8302 14.68144311   958"
"2.0","GENERATED VIA SPACE-TRACK.ORG API","2013-07-26T09:34:27","18 SPCS","OBJECT C","2013-037C","EARTH","TEME","UTC","SGP4","2013-07-26T10:31:31.662624","14.67616128","0.00062160","98.0554","224.9822","359.8909","0.2294","0","U","39210","999","95","0.00005745800000","0.00000278","0.0000000000000","7046.830","98.118","673.075","664.314","TBA","","PRC","2013-07-19","TSC","","1522341","93423087","0 OBJECT C","1 39210U 13037C   13207.43856091  .00000278  00000-0  57458-4 0  9998","2 39210 098.0554 224.9822 0006216 359.8909 000.2294 14.67616128   958"
"2.0","GENERATED VIA SPACE-TRACK.ORG API","2013-07-26T09:34:15","18 SPCS","OBJECT B","2013-037B","EARTH","TEME","UTC","SGP4","2013-07-26T10:34:06.398111","14.67209713","0.00044290","98.0553","224.9799","0.4128","359.7078","0","U","39209","999","94","0.00004746500000","0.00000219","0.0000000000000","7048.131","98.145","673.117","666.874","TBA","","PRC","2013-07-19","TSC","","1522340","93423056","0 OBJECT B","1 39209U 13037B   13207.44035183  .00000219  00000-0  47465-4 0  9990","2 39209 098.0553 224.9799 0004429 000.4128 359.7078 14.67209713   943"
"2.0","GENERATED VIA SPACE-TRACK.ORG API","2013-07-26T17:28:23","18 SPCS","OBJECT A","2013-037A","EARTH","TEME","UTC","SGP4","2013-07-26T18:38:55.873248","14.68143888","0.00085880","98.0562","225.3227","358.1034","2.0124","0","U","39208","999","100","0.00006424100000","0.00000321","0.0000000000000","7045.141","98.083","673.056","660.955","TBA","","PRC","2013-07-19","TSC","","1522552","93425710","0 OBJECT A","1 39208U 13037A   13207.77703557  .00000321  00000-0  64241-4 0  9997","2 39208 098.0562 225.3227 0008588 358.1034 002.0124 14.68143888  1001"
"2.0","GENERATED VIA SPACE-TRACK.ORG API","2013-07-26T17:29:39","18 SPCS","OBJECT C","2013-037C","EARTH","TEME","UTC","SGP4","2013-07-26T18:42:24.858432","14.67614435","0.00062150","98.0555","225.3181","357.8557","2.2606","0","U","39210","999","100","-0.00001292100000","-0.00000122","0.0000000000000","7046.835","98.118","673.080","664.320","TBA","","PRC","2013-07-19","TSC","","1522554","93425772","0 OBJECT C","1 39210U 13037C   13207.77945438 -.00000122  00000-0 -12921-4 0  9995","2 39210 098.0555 225.3181 0006215 357.8557 002.2606 14.67614435  1003"
"2.0","GENERATED VIA SPACE-TRACK.ORG API","2013-07-26T14:59:54","18 SPCS","OBJECT B","2013-037B","EARTH","TEME","UTC","SGP4","2013-07-26T20:23:20.039135","14.67208487","0.00043910","98.0555","225.3822","358.8113","1.3085","0","U","39209","999","100","-0.00000189820000","-0.00000059","0.0000000000000","7048.135","98.145","673.095","666.905","TBA","","PRC","2013-07-19","TSC","","1522421","93423550","0 OBJECT B","1 39209U 13037B   13207.84953749 -.00000059  00000-0 -18982-5 0  9998","2 39209 098.0555 225.3822 0004391 358.8113 001.3085 14.67208487  1002"
"2.0","GENERATED VIA SPACE-TRACK.ORG API","2013-07-26T20:49:10","18 SPCS","OBJECT A","2013-037A","EARTH","TEME","UTC","SGP4","2013-07-27T01:11:29.893919","14.68144759","0.00086070","98.0559","225.5911","356.8307","3.2848","0","U","39208","999","104","0.00008990300000","0.00000469","0.0000000000000","7045.138","98.082","673.067","660.939","TBA","","PRC","2013-07-19","TSC","","1522583","93425963","0 OBJECT A","1 39208U 13037A   13208.04965155  .00000469  00000-0  89903-4 0  9997","2 39208 098.0559 225.5911 0008607 356.8307 003.2848 14.68144759  1047"
"2.0","GENERATED VIA SPACE-TRACK.ORG API","2013-07-26T20:26:23","18 SPCS","OBJECT C","2013-037C","EARTH","TEME","UTC","SGP4","2013-07-27T01:15:07.365312","14.67615395","0.00061890","98.0556","225.5863","357.2735","2.8442","0","U","39210","999","104","0.00002322600000","0.00000084","0.0000000000000","7046.832","98.118","673.058","664.336","TBA","","PRC","2013-07-19","TSC","","1522579","93425957","0 OBJECT C","1 39210U 13037C   13208.05216858  .00000084  00000-0  23226-4 0  9999","2 39210 098.0556 225.5863 0006189 357.2735 002.8442 14.67615395  1049"
"2.0","GENERATED VIA SPACE-TRACK.ORG API","2013-07-26T20:21:00","18 SPCS","OBJECT B","2013-037B","EARTH","TEME","UTC","SGP4","2013-07-27T01:17:56.789663","14.67209129","0.00043920","98.0554","225.5834","358.0728","2.0463","0","U","39209","999","103","0.00002250700000","0.00000079","0.0000000000000","7048.133","98.145","673.093","666.902","TBA","","PRC","2013-07-19","TSC","","1522578","93425956","0 OBJECT B","1 39209U 13037B   13208.05412951  .00000079  00000-0  22507-4 0  9994","2 39209 098.0554 225.5834 0004392 358.0728 002.0463 14.67209129  1036"
"2.0","GENERATED VIA SPACE-TRACK.ORG API","2013-07-27T02:01:12","18 SPCS","OBJECT A","2013-037A","EARTH","TEME","UTC","SGP4","2013-07-27T04:27:46.893887","14.68144932","0.00086150","98.0559","225.7253","356.3650","3.7491","0","U","39208","999","106","0.00009184700000","0.00000480","0.0000000000000","7045.137","98.082","673.072","660.933","TBA","","PRC","2013-07-19","TSC","","1522742","93428643","0 OBJECT A","1 39208U 13037A   13208.18595942  .00000480  00000-0  91847-4 0  9998","2 39208 098.0559 225.7253 0008615 356.3650 003.7491 14.68144932  1067"
"2.0","GENERATED VIA SPACE-TRACK.ORG API","2013-07-27T02:03:17","18 SPCS","OBJECT C","2013-037C","EARTH","TEME","UTC","SGP4","2013-07-27T04:31:28.612703","14.67615309","0.00062200","98.0555","225.7204","356.5020","3.6135","0","U","39210","999","106","0.00001937400000","0.00000062","0.0000000000000","7046.832","98.118","673.080","664.314","TBA","","PRC","2013-07-19","TSC","","1522744","93428685","0 OBJECT C","1 39210U 13037C   13208.18852561  .00000062  00000-0  19374-4 0  9995","2 39210 098.0555 225.7204 0006220 356.5020 003.6135 14.67615309  1069"
"2.0","GENERATED VIA SPACE-TRACK.ORG API","2013-07-27T02:01:12","18 SPCS","OBJECT B","2013-037B","EARTH","TEME","UTC","SGP4","2013-07-27T04:34:21.302975","14.67209233","0.00044170","98.0553","225.7176","356.8827","3.2354","0","U","39209","999","105","0.00002781000000","0.00000109","0.0000000000000","7048.132","98.145","673.111","666.884","TBA","","PRC","2013-07-19","TSC","","1522742","93428642","0 OBJECT B","1 39209U 13037B   13208.19052434  .00000109  00000-0  27810-4 0  9991","2 39209 098.0553 225.7176 0004417 356.8827 003.2354 14.67209233  1050"
"2.0","GENERATED VIA SPACE-TRACK.ORG API","2013-07-27T00:49:07","18 SPCS","OBJECT A","2013-037A","EARTH","TEME","UTC","SGP4","2013-07-27T06:05:55.397759","14.68145201","0.00086000","98.0561","225.7924","356.4601","3.6544","0","U","39208","999","107","0.00009935300000","0.00000523","0.0000000000000","7045.137","98.082","673.060","660.943","TBA","","PRC","2013-07-19","TSC","","1522672","93427012","0 OBJECT A","1 39208U 13037A   13208.25411340  .00000523  00000-0  99353-4 0  9993","2 39208 098.0561 225.7924 0008600 356.4601 003.6544 14.68145201  1075"
"2.0","GENERATED VIA SPACE-TRACK.ORG API","2013-07-27T03:35:17","18 SPCS","OBJECT C","2013-037C","EARTH","TEME","UTC","SGP4","2013-07-27T07:47:49.879968","14.67615826","0.00061630","98.0557","225.8546","356.3155","3.8022","0","U","39210","999","108","0.00003959600000","0.00000177","0.0000000000000","7046.831","98.118","673.039","664.353","TBA","","PRC","2013-07-19","TSC","","1522753","93428860","0 OBJECT C","1 39210U 13037C   13208.32488287  .00000177  00000-0  39596-4 0  9996","2 39210 098.0557 225.8546 0006163 356.3155 003.8022 14.67615826  1087"
"2.0","GENERATED VIA SPACE-TRACK.ORG API","2013-07-27T09:35:40","18 SPCS","OBJECT C","2013-037C","EARTH","TEME","UTC","SGP4","2013-07-27T11:04:11.105760","14.67616142","0.00061810","98.0557","225.9890","355.7380","4.3780","0","U","39210","999","110","0.00004798100000","0.00000224","0.0000000000000","7046.830","98.118","673.050","664.339","TBA","","PRC","2013-07-19","TSC","","1522868","93431306","0 OBJECT C","1 39210U 13037C   13208.46123965  .00000224  00000-0  47981-4 0  9990","2 39210 098.0557 225.9890 0006181 355.7380 004.3780 14.67616142  1105"
"2.0","GENERATED VIA SPACE-TRACK.ORG API","2013-07-27T09:35:40","18 SPCS","OBJECT A","2013-037A","EARTH","TEME","UTC","SGP4","2013-07-27T12:38:29.385599","14.68145290","0.00085580","98.0563","226.0610","355.5923","4.5184","0","U","39208","999","111","0.00009580300000","0.00000503","0.0000000000000","7045.136","98.082","673.030","660.972","TBA","","PRC","2013-07-19","TSC","","1522868","93431279","0 OBJECT A","1 39208U 13037A   13208.52672900  .00000503  00000-0  95803-4 0  9998","2 39208 098.0563 226.0610 0008558 355.5923 004.5184 14.68145290  1115"
"2.0","GENERATED VIA SPACE-TRACK.ORG API","2013-07-27T09:35:40","18 SPCS","OBJECT B","2013-037B","EARTH","TEME","UTC","SGP4","2013-07-27T12:45:22.553855","14.67209616","0.00043610","98.0557","226.0527","355.7109","4.4044","0","U","39209","999","110","0.00004090400000","0.00000182","0.0000000000000","7048.131","98.145","673.070","666.922","TBA","","PRC","2013-07-19","TSC","","1522868","93431277","0 OBJECT B","1 39209U 13037B   13208.53151104  .00000182  00000-0  40904-4 0  9993","2 39209 098.0557 226.0527 0004361 355.7109 004.4044 14.67209616  1107"
"2.0","GENERATED VIA SPACE-TRACK.ORG API","2013-07-27T13:28:49","18 SPCS","OBJECT C","2013-037C","EARTH","TEME","UTC","SGP4","2013-07-27T19:15:04.305887","14.67614753","0.00061470","98.0564","226.3241","355.0355","5.0773","0","U","39210","999","115","-0.00000192940000","-0.00000059","0.0000000000000","7046.834","98.118","673.031","664.367","TBA","","PRC","2013-07-19","TSC","","1522918","93431725","0 OBJECT C","1 39210U 13037C   13208.80213317 -.00000059  00000-0 -19294-5 0  9994","2 39210 098.0564 226.3241 0006147 355.0355 005.0773 14.67614753  1156"
"2.0","GENERATED VIA SPACE-TRACK.ORG API","2013-07-27T13:38:20","18 SPCS","OBJECT B","2013-037B","EARTH","TEME","UTC","SGP4","2013-07-27T19:18:11.666015","14.67208726","0.00043340","98.0563","226.3210","355.7335","4.3825","0","U","39209","999","114","0.00000473160000","-0.00000021","0.0000000000000","7048.134","98.145","673.054","666.944","TBA","","PRC","2013-07-19","TSC","","1522923","93431730","0 OBJECT B","1 39209U 13037B   13208.80430169 -.00000021  00000-0  47316-5 0  9992","2 39209 098.0563 226.3210 0004334 355.7335 004.3825 14.67208726  1148"
"2.0","GENERATED VIA SPACE-TRACK.ORG API","2013-07-27T17:24:46","18 SPCS","OBJECT A","2013-037A","EARTH","TEME","UTC","SGP4","2013-07-27T20:49:12.004319","14.68144528","0.00084990","98.0566","226.3964","354.4840","5.6272","0","U","39208","999","116","0.00005998500000","0.00000296","0.0000000000000","7045.139","98.082","672.991","661.016","TBA","","PRC","2013-07-19","TSC","","1523043","93433832","0 OBJECT A","1 39208U 13037A   13208.86750005  .00000296  00000-0  59985-4 0  9998","2 39208 098.0566 226.3964 0008499 354.4840 005.6272 14.68144528  1161"
"2.0","GENERATED VIA SPACE-TRACK.ORG API","2013-07-27T21:10:30","18 SPCS","OBJECT B","2013-037B","EARTH","TEME","UTC","SGP4","2013-07-28T01:51:00.690912","14.67209291","0.00043060","98.0561","226.5892","354.6852","5.4318","0","U","39209","999","118","0.00001862900000","0.00000057","0.0000000000000","7048.132","98.145","673.032","666.962","TBA","","PRC","2013-07-19","TSC","","1523109","93434068","0 OBJECT B","1 39209U 13037B   13209.07709133  .00000057  00000-0  18629-4 0  9994","2 39209 098.0561 226.5892 0004306 354.6852 005.4318 14.67209291  1186"
"2.0","GENERATED VIA SPACE-TRACK.ORG API","2013-07-27T22:10:23","18 SPCS","OBJECT A","2013-037A","EARTH","TEME","UTC","SGP4","2013-07-28T03:21:45.993888","14.68145017","0.00084570","98.0563","226.6649","353.7027","6.4074","0","U","39208","999","120","0.00006325600000","0.00000315","0.0000000000000","7045.137","98.082","672.960","661.044","TBA","","PRC","2013-07-19","TSC","","1523111","93434070","0 OBJECT A","1 39208U 13037A   13209.14011567  .00000315  00000-0  63256-4 0  9991","2 39208 098.0563 226.6649 0008457 353.7027 006.4074 14.68145017  1202"
"2.0","GENERATED VIA SPACE-TRACK.ORG API","2013-07-27T22:44:31","18 SPCS","OBJECT C","2013-037C","EARTH","TEME","UTC","SGP4","2013-07-28T03:25:57.438624","14.67615295","0.00060910","98.0561","226.6596","353.5476","6.5656","0","U","39210","999","120","0.00001047600000","0.00000011","0.0000000000000","7046.832","98.118","672.990","664.405","TBA","","PRC","2013-07-19","TSC","","1523119","93434078","0 OBJECT C","1 39210U 13037C   13209.14302591  .00000011  00000-0  10476-4 0  9993","2 39210 098.0561 226.6596 0006091 353.5476 006.5656 14.67615295  1208"
"2.0","GENERATED VIA SPACE-TRACK.ORG API","2013-07-27T22:41:10","18 SPCS","OBJECT B","2013-037B","EARTH","TEME","UTC","SGP4","2013-07-28T03:29:12.932447","14.67209305","0.00043060","98.0561","226.6562","354.4693","5.6463","0","U","39209","999","119","0.00001862900000","0.00000057","0.0000000000000","7048.132","98.145","673.032","666.962","TBA","","PRC","2013-07-19","TSC","","1523118","93434077","0 OBJECT B","1 39209U 13037B   13209.14528857  .00000057  00000-0  18629-4 0  9994","2 39209 098.0561 226.6562 0004306 354.4693 005.6463 14.67209305  1192"
"2.0","GENERATED VIA SPACE-TRACK.ORG API","2013-07-28T03:26:16","18 SPCS","OBJECT A","2013-037A","EARTH","TEME","UTC","SGP4","2013-07-28T08:16:11.482176","14.68145529","0.00083970","98.0564","226.8661","353.3599","6.7498","0","U","39208","999","123","0.00007343000000","0.00000374","0.0000000000000","7045.135","98.082","672.916","661.085","TBA","","PRC","2013-07-19","TSC","","1523219","93436352","0 OBJECT A","1 39208U 13037A   13209.34457734  .00000374  00000-0  73430-4 0  9993","2 39208 098.0564 226.8661 0008397 353.3599 006.7498 14.68145529  1236"
"2.0","GENERATED VIA SPACE-TRACK.ORG API","2013-07-28T03:28:36","18 SPCS","OBJECT B","2013-037B","EARTH","TEME","UTC","SGP4","2013-07-28T08:23:49.699392","14.67209314","0.00042730","98.0558","226.8572","353.8895","6.2256","0","U","39209","999","122","0.00001317600000","0.00000026","0.0000000000000","7048.132","98.145","673.009","666.985","TBA","","PRC","2013-07-19","TSC","","1523220","93436353","0 OBJECT B","1 39209U 13037B   13209.34988078  .00000026  00000-0  13176-4 0  9999","2 39209 098.0558 226.8572 0004273 353.8895 006.2256 14.67209314  1222"
"2.0","GENERATED VIA SPACE-TRACK.ORG API","2013-07-28T09:43:10","18 SPCS","OBJECT A","2013-037A","EARTH","TEME","UTC","SGP4","2013-07-28T11:32:28.478687","14.68145602","0.00084100","98.0561","227.0002","352.5191","7.5893","0","U","39208","999","125","0.00007035600000","0.00000356","0.0000000000000","7045.135","98.082","672.925","661.075","TBA","LARGE","PRC","2013-07-19","TSC","","1523340","93438918","0 OBJECT A","1 39208U 13037A   13209.48088517  .00000356  00000-0  70356-4 0  9991","2 39208 098.0561 227.0002 0008410 352.5191 007.5893 14.68145602  1252"
"2.0","GENERATED VIA SPACE-TRACK.ORG API","2013-07-28T09:43:31","18 SPCS","OBJECT C","2013-037C","EARTH","TEME","UTC","SGP4","2013-07-28T11:36:50.567903","14.67615728","0.00060610","98.0562","226.9951","352.5481","7.5650","0","U","39210","999","125","0.00002104900000","0.00000071","0.0000000000000","7046.831","98.118","672.967","664.425","TBA","LARGE","PRC","2013-07-19","TSC","","1523341","93438960","0 OBJECT C","1 39210U 13037C   13209.48391861  .00000071  00000-0  21049-4 0  9992","2 39210 098.0562 226.9951 0006061 352.5481 007.5650 14.67615728  1250"
"2.0","GENERATED VIA SPACE-TRACK.ORG API","2013-07-28T09:42:00","18 SPCS","OBJECT B","2013-037B","EARTH","TEME","UTC","SGP4","2013-07-28T11:40:14.219616","14.67209631","0.00042620","98.0556","226.9914","352.8031","7.3128","0","U","39209","999","124","0.00002368300000","0.00000085","0.0000000000000","7048.131","98.145","673.000","666.992","TBA","LARGE","PRC","2013-07-19","TSC","","1523339","93438916","0 OBJECT B","1 39209U 13037B   13209.48627569  .00000085  00000-0  23683-4 0  9998","2 39209 098.0556 226.9914 0004262 352.8031 007.3128 14.67209631  1244"
"2.0","GENERATED VIA SPACE-TRACK.ORG API","2013-07-28T10:57:52","18 SPCS","OBJECT A","2013-037A","EARTH","TEME","UTC","SGP4","2013-07-28T16:26:53.973888","14.68145176","0.00084050","98.0562","227.2013","352.0852","8.0194","0","U","39208","999","128","0.00005105600000","0.00000245","0.0000000000000","7045.137","98.082","672.923","661.080","TBA","LARGE","PRC","2013-07-19","TSC","","1523366","93439380","0 OBJECT A","1 39208U 13037A   13209.68534692  .00000245  00000-0  51056-4 0  9996","2 39208 098.0562 227.2013 0008405 352.0852 008.0194 14.68145176  1289"
"2.0","GENERATED VIA SPACE-TRACK.ORG API","2013-07-28T11:01:13","18 SPCS","OBJECT C","2013-037C","EARTH","TEME","UTC","SGP4","2013-07-28T16:31:22.427327","14.67615719","0.00060530","98.0566","227.1962","352.1912","7.9188","0","U","39210","999","128","0.00002428700000","0.00000090","0.0000000000000","7046.831","98.118","672.961","664.430","TBA","LARGE","PRC","2013-07-19","TSC","","1523367","93439381","0 OBJECT C","1 39210U 13037C   13209.68845402  .00000090  00000-0  24287-4 0  9997","2 39210 098.0566 227.1962 0006053 352.1912 007.9188 14.67615719  1288"
"2.0","GENERATED VIA SPACE-TRACK.ORG API","2013-07-28T13:19:58","18 SPCS","OBJECT B","2013-037B","EARTH","TEME","UTC","SGP4","2013-07-28T18:13:03.254880","14.67209367","0.00042770","98.0558","227.2594","352.5364","7.5770","0","U","39209","999","128","0.00001579400000","0.00000041","0.0000000000000","7048.132","98.145","673.011","666.982","TBA","LARGE","PRC","2013-07-19","TSC","","1523377","93439391","0 OBJECT B","1 39209U 13037B   13209.75906545  .00000041  00000-0  15794-4 0  9998","2 39209 098.0558 227.2594 0004277 352.5364 007.5770 14.67209367  1281"
"2.0","GENERATED VIA SPACE-TRACK.ORG API","2013-07-28T17:27:31","18 SPCS","OBJECT A","2013-037A","EARTH","TEME","UTC","SGP4","2013-07-28T19:43:11.023968","14.68145385","0.00083900","98.0560","227.3357","351.3766","8.7303","0","U","39208","999","130","0.00005569700000","0.00000272","0.0000000000000","7045.136","98.082","672.912","661.090","TBA","LARGE","PRC","2013-07-19","TSC","","1523526","93441530","0 OBJECT A","1 39208U 13037A   13209.82165537  .00000272  00000-0  55697-4 0  9995","2 39208 098.0560 227.3357 0008390 351.3766 008.7303 14.68145385  1302"
"2.0","GENERATED VIA SPACE-TRACK.ORG API","2013-07-28T17:27:44","18 SPCS","OBJECT C","2013-037C","EARTH","TEME","UTC","SGP4","2013-07-28T19:47:43.698048","14.67615585","0.00060560","98.0565","227.3305","351.7022","8.4077","0","U","39210","999","130","0.00001666300000","0.00000047","0.0000000000000","7046.831","98.118","672.964","664.429","TBA","LARGE","PRC","2013-07-19","TSC","","1523527","93441553","0 OBJECT C","1 39210U 13037C   13209.82481132  .00000047  00000-0  16663-4 0  9990","2 39210 098.0565 227.3305 0006056 351.7022 008.4077 14.67615585  1307"
"2.0","GENERATED VIA SPACE-TRACK.ORG API","2013-07-28T15:23:26","18 SPCS","OBJECT B","2013-037B","EARTH","TEME","UTC","SGP4","2013-07-28T19:51:15.524063","14.67209741","0.00042030","98.0559","227.3266","352.7250","7.3908","0","U","39209","999","129","0.00002892100000","0.00000115","0.0000000000000","7048.131","98.145","672.958","667.033","TBA","LARGE","PRC","2013-07-19","TSC","","1523405","93439468","0 OBJECT B","1 39209U 13037B   13209.82726301  .00000115  00000-0  28921-4 0  9994","2 39209 098.0559 227.3266 0004203 352.7250 007.3908 14.67209741  1292"
"2.0","GENERATED VIA SPACE-TRACK.ORG API","2013-07-28T17:24:40","18 SPCS","OBJECT B","2013-037B","EARTH","TEME","UTC","SGP4","2013-07-28T23:07:40.014911","14.67209597","0.00042030","98.0559","227.4606","352.2934","7.8226","0","U","39209","999","131","0.00001240000000","0.00000022","0.0000000000000","7048.131","98.145","672.959","667.034","TBA","LARGE","PRC","2013-07-19","TSC","","1523523","93441456","0 OBJECT B","1 39209U 13037B   13209.96365758  .00000022  00000-0  12400-4 0  9996","2 39209 098.0559 227.4606 0004203 352.2934 007.8226 14.67209597  1315"
"2.0","GENERATED VIA SPACE-TRACK.ORG API","2013-07-28T19:19:59","18 SPCS","OBJECT B","2013-037B","EARTH","TEME","UTC","SGP4","2013-07-29T00:45:52.240031","14.67210226","0.00042030","98.0559","227.5276","352.0775","8.0389","0","U","39209","999","132","0.00003132300000","0.00000128","0.0000000000000","7048.129","98.145","672.957","667.032","TBA","LARGE","PRC","2013-07-19","TSC","","1523558","93441735","0 OBJECT B","1 39209U 13037B   13210.03185463  .00000128  00000-0  31323-4 0  9991","2 39209 098.0559 227.5276 0004203 352.0775 008.0389 14.67210226  1325"
"2.0","GENERATED VIA SPACE-TRACK.ORG API","2013-07-28T22:12:01","18 SPCS","OBJECT C","2013-037C","EARTH","TEME","UTC","SGP4","2013-07-29T02:20:26.160863","14.67616203","0.00060170","98.0564","227.5987","350.9802","9.1285","0","U","39210","999","134","0.00003316900000","0.00000140","0.0000000000000","7046.829","98.118","672.934","664.454","TBA","LARGE","PRC","2013-07-19","TSC","","1523591","93441778","0 OBJECT C","1 39210U 13037C   13210.09752501  .00000140  00000-0  33169-4 0  9996","2 39210 098.0564 227.5987 0006017 350.9802 009.1285 14.67616203  1349"
"2.0","GENERATED VIA SPACE-TRACK.ORG API","2013-07-28T23:30:48","18 SPCS","OBJECT A","2013-037A","EARTH","TEME","UTC","SGP4","2013-07-29T03:53:53.441376","14.68146750","0.00084300","98.0564","227.6711","350.3929","9.7114","0","U","39208","999","135","0.00008916600000","0.00000464","0.0000000000000","7045.132","98.082","672.936","661.058","TBA","LARGE","PRC","2013-07-19","TSC","","1523620","93441807","0 OBJECT A","1 39208U 13037A   13210.16242409  .00000464  00000-0  89166-4 0  9999","2 39208 098.0564 227.6711 0008430 350.3929 009.7114 14.68146750  1351"
"2.0","GENERATED VIA SPACE-TRACK.ORG API","2013-07-28T22:25:50","18 SPCS","OBJECT B","2013-037B","EARTH","TEME","UTC","SGP4","2013-07-29T04:02:16.708416","14.67211271","0.00041580","98.0561","227.6627","351.7206","8.3936","0","U","39209","999","134","0.00008292700000","0.00000419","0.0000000000000","7048.126","98.145","672.921","667.060","TBA","LARGE","PRC","2013-07-19","TSC","","1523592","93441779","0 OBJECT B","1 39209U 13037B   13210.16824894  .00000419  00000-0  82927-4 0  9992","2 39209 098.0561 227.6627 0004158 351.7206 008.3936 14.67211271  1347"
"2.0","GENERATED VIA SPACE-TRACK.ORG API","2013-07-29T00:45:08","18 SPCS","OBJECT C","2013-037C","EARTH","TEME","UTC","SGP4","2013-07-29T05:36:47.427264","14.67616549","0.00060670","98.0567","227.7334","350.5360","9.5733","0","U","39210","999","136","0.00004773800000","0.00000223","0.0000000000000","7046.828","98.118","672.969","664.418","TBA","LARGE","PRC","2013-07-19","TSC","","1523674","93442851","0 OBJECT C","1 39210U 13037C   13210.23388226  .00000223  00000-0  47738-4 0  9990","2 39210 098.0567 227.7334 0006067 350.5360 009.5733 14.67616549  1367"
"2.0","GENERATED VIA SPACE-TRACK.ORG API","2013-07-29T03:23:32","18 SPCS","OBJECT C","2013-037C","EARTH","TEME","UTC","SGP4","2013-07-29T08:53:08.669472","14.67617127","0.00060570","98.0574","227.8684","350.3423","9.7679","0","U","39210","999","138","0.00006959900000","0.00000347","0.0000000000000","7046.826","98.118","672.960","664.423","TBA","LARGE","PRC","2013-07-19","TSC","","1523746","93444521","0 OBJECT C","1 39210U 13037C   13210.37023923  .00000347  00000-0  69599-4 0  9991","2 39210 098.0574 227.8684 0006057 350.3423 009.7679 14.67617127  1387"
"2.0","GENERATED VIA SPACE-TRACK.ORG API","2013-07-29T05:31:04","18 SPCS","OBJECT A","2013-037A","EARTH","TEME","UTC","SGP4","2013-07-29T10:26:27.412799","14.68147366","0.00084010","98.0564","227.9395","349.5476","10.5559","0","U","39208","999","139","0.00009975300000","0.00000525","0.0000000000000","7045.130","98.082","672.913","661.076","TBA","LARGE","PRC","2013-07-19","TSC","","1523749","93444523","0 OBJECT A","1 39208U 13037A   13210.43503950  .00000525  00000-0  99753-4 0  9991","2 39208 098.0564 227.9395 0008401 349.5476 010.5559 14.68147366  1398"
"2.0","GENERATED VIA SPACE-TRACK.ORG API","2013-07-29T05:18:19","18 SPCS","OBJECT C","2013-037C","EARTH","TEME","UTC","SGP4","2013-07-29T10:31:19.267680","14.67617132","0.00060570","98.0574","227.9354","350.1263","9.9834","0","U","39210","999","139","0.00006749100000","0.00000335","0.0000000000000","7046.826","98.118","672.960","664.423","TBA","LARGE","PRC","2013-07-19","TSC","","1523748","93444522","0 OBJECT C","1 39210U 13037C   13210.43841745  .00000335  00000-0  67491-4 0  9994","2 39210 098.0574 227.9354 0006057 350.1263 009.9834 14.67617132  1394"
"2.0","GENERATED VIA SPACE-TRACK.ORG API","2013-07-29T09:43:39","18 SPCS","OBJECT B","2013-037B","EARTH","TEME","UTC","SGP4","2013-07-29T10:35:05.684928","14.67211809","0.00041640","98.0568","227.9321","350.5228","9.5896","0","U","39209","999","138","0.00009746900000","0.00000501","0.0000000000000","7048.124","98.145","672.924","667.054","TBA","LARGE","PRC","2013-07-19","TSC","","1523881","93447155","0 OBJECT B","1 39209U 13037B   13210.44103802  .00000501  00000-0  97469-4 0  9991","2 39209 098.0568 227.9321 0004164 350.5228 009.5896 14.67211809  1385"
"2.0","GENERATED VIA SPACE-TRACK.ORG API","2013-07-29T08:50:38","18 SPCS","OBJECT C","2013-037C","EARTH","TEME","UTC","SGP4","2013-07-29T13:47:40.491743","14.67616506","0.00059520","98.0574","228.0699","349.5903","10.5151","0","U","39210","999","141","0.00003728900000","0.00000164","0.0000000000000","7046.828","98.118","672.888","664.499","TBA","LARGE","PRC","2013-07-19","TSC","","1523813","93445690","0 OBJECT C","1 39210U 13037C   13210.57477421  .00000164  00000-0  37289-4 0  9997","2 39210 098.0574 228.0699 0005952 349.5903 010.5151 14.67616506  1411"
"2.0","GENERATED VIA SPACE-TRACK.ORG API","2013-07-29T17:28:49","18 SPCS","OBJECT B","2013-037B","EARTH","TEME","UTC","SGP4","2013-07-29T18:46:07.044671","14.67206101","0.00040140","98.0572","228.2674","350.8845","9.2231","0","U","39209","999","143","-0.00029207000000","-0.00001691","0.0000000000000","7048.142","98.145","672.837","667.178","TBA","LARGE","PRC","2013-07-19","TSC","","1524077","93449549","0 OBJECT B","1 39209U 13037B   13210.78202598 -.00001691  00000-0 -29207-3 0  9997","2 39209 098.0572 228.2674 0004014 350.8845 009.2231 14.67206101  1432"
"2.0","GENERATED VIA SPACE-TRACK.ORG API","2013-07-29T15:16:46","18 SPCS","OBJECT A","2013-037A","EARTH","TEME","UTC","SGP4","2013-07-29T20:15:18.431712","14.68147088","0.00083390","98.0564","228.3423","348.4845","11.6167","0","U","39208","999","145","0.00008130200000","0.00000419","0.0000000000000","7045.131","98.082","672.870","661.121","TBA","LARGE","PRC","2013-07-19","TSC","","1523969","93447428","0 OBJECT A","1 39208U 13037A   13210.84396333  .00000419  00000-0  81302-4 0  9994","2 39208 098.0564 228.3423 0008339 348.4845 011.6167 14.68147088  1458"
"2.0","GENERATED VIA SPACE-TRACK.ORG API","2013-07-29T17:29:35","18 SPCS","OBJECT C","2013-037C","EARTH","TEME","UTC","SGP4","2013-07-29T20:20:23.037503","14.67616587","0.00058750","98.0572","228.3385","348.4399","11.6672","0","U","39210","999","145","0.00004382400000","0.00000201","0.0000000000000","7046.828","98.118","672.833","664.553","TBA","LARGE","PRC","2013-07-19","TSC","","1524079","93449581","0 OBJECT C","1 39210U 13037C   13210.84748886  .00000201  00000-0  43824-4 0  9997","2 39210 098.0572 228.3385 0005875 348.4399 011.6672 14.67616587  1458"
"2.0","GENERATED VIA SPACE-TRACK.ORG API","2013-07-29T17:21:10","18 SPCS","OBJECT A","2013-037A","EARTH","TEME","UTC","SGP4","2013-07-29T21:53:26.928672","14.68147595","0.00083490","98.0566","228.4097","348.3512","11.7510","0","U","39208","999","146","0.00009872100000","0.00000519","0.0000000000000","7045.129","98.082","672.876","661.112","TBA","LARGE","PRC","2013-07-19","TSC","","1524069","93449444","0 OBJECT A","1 39208U 13037A   13210.91211723  .00000519  00000-0  98721-4 0  9995","2 39208 098.0566 228.4097 0008349 348.3512 011.7510 14.68147595  1466"
"2.0","GENERATED VIA SPACE-TRACK.ORG API","2013-07-30T01:36:51","18 SPCS","OBJECT B","2013-037B","EARTH","TEME","UTC","SGP4","2013-07-30T02:57:08.373311","14.67209039","0.00039180","98.0572","228.6033","348.1008","12.0130","0","U","39209","999","148","-0.00004200400000","-0.00000284","0.0000000000000","7048.133","98.145","672.759","667.237","TBA","LARGE","PRC","2013-07-19","TSC","","1524241","93452150","0 OBJECT B","1 39209U 13037B   13211.12301358 -.00000284  00000-0 -42004-4 0  9998","2 39209 098.0572 228.6033 0003918 348.1008 012.0130 14.67209039  1486"
"2.0","GENERATED VIA SPACE-TRACK.ORG API","2013-07-30T01:37:09","18 SPCS","OBJECT C","2013-037C","EARTH","TEME","UTC","SGP4","2013-07-30T04:31:16.149503","14.67616391","0.00058570","98.0570","228.6738","347.3373","12.7676","0","U","39210","999","150","0.00002180900000","0.00000076","0.0000000000000","7046.829","98.118","672.821","664.566","TBA","LARGE","PRC","2013-07-19","TSC","","1524242","93452178","0 OBJECT C","1 39210U 13037C   13211.18838136  .00000076  00000-0  21809-4 0  9992","2 39210 098.0570 228.6738 0005857 347.3373 012.7676 14.67616391  1506"
"2.0","GENERATED VIA SPACE-TRACK.ORG API","2013-07-30T00:20:06","18 SPCS","OBJECT A","2013-037A","EARTH","TEME","UTC","SGP4","2013-07-30T06:04:09.421247","14.68148423","0.00084780","98.0573","228.7466","348.3257","11.7756","0","U","39208","999","151","0.00012437000000","0.00000667","0.0000000000000","7045.126","98.082","672.964","661.018","TBA","LARGE","PRC","2013-07-19","TSC","","1524149","93449939","0 OBJECT A","1 39208U 13037A   13211.25288682  .00000667  00000-0  12437-3 0  9994","2 39208 098.0573 228.7466 0008478 348.3257 011.7756 14.68148423  1515"
"2.0","GENERATED VIA SPACE-TRACK.ORG API","2013-07-30T09:21:18","18 SPCS","OBJECT C","2013-037C","EARTH","TEME","UTC","SGP4","2013-07-30T09:25:48.037440","14.67615949","0.00058470","98.0572","228.8750","346.8806","13.2228","0","U","39210","999","153","0.00000281780000","-0.00000032","0.0000000000000","7046.830","98.118","672.815","664.575","TBA","LARGE","PRC","2013-07-19","TSC","","1524337","93454363","0 OBJECT C","1 39210U 13037C   13211.39291710 -.00000032  00000-0  28178-5 0  9996","2 39210 098.0572 228.8750 0005847 346.8806 013.2228 14.67615949  1538"
"2.0","GENERATED VIA SPACE-TRACK.ORG API","2013-07-30T09:19:48","18 SPCS","OBJECT B","2013-037B","EARTH","TEME","UTC","SGP4","2013-07-30T11:08:09.607776","14.67210970","0.00038990","98.0576","228.9388","347.6831","12.4301","0","U","39209","999","153","0.00009179700000","0.00000469","0.0000000000000","7048.127","98.145","672.740","667.244","TBA","LARGE","PRC","2013-07-19","TSC","","1524335","93454328","0 OBJECT B","1 39209U 13037B   13211.46400009  .00000469  00000-0  91797-4 0  9994","2 39209 098.0576 228.9388 0003899 347.6831 012.4301 14.67210970  1538"
"2.0","GENERATED VIA SPACE-TRACK.ORG API","2013-07-30T09:19:48","18 SPCS","OBJECT A","2013-037A","EARTH","TEME","UTC","SGP4","2013-07-30T12:36:43.296768","14.68148780","0.00082410","98.0572","229.0141","346.5420","13.5560","0","U","39208","999","155","0.00011647000000","0.00000621","0.0000000000000","7045.125","98.082","672.796","661.184","TBA","LARGE","PRC","2013-07-19","TSC","","1524335","93454329","0 OBJECT A","1 39208U 13037A   13211.52550112  .00000621  00000-0  11647-3 0  9996","2 39208 098.0572 229.0141 0008241 346.5420 013.5560 14.68148780  1551"
"2.0","GENERATED VIA SPACE-TRACK.ORG API","2013-07-30T13:26:21","18 SPCS","OBJECT A","2013-037A","EARTH","TEME","UTC","SGP4","2013-07-30T15:53:00.281183","14.68148360","0.00082420","98.0567","229.1482","345.7395","14.3561","0","U","39208","999","157","0.00009414900000","0.00000493","0.0000000000000","7045.126","98.082","672.798","661.185","TBA","LARGE","PRC","2013-07-19","TSC","","1524419","93455731","0 OBJECT A","1 39208U 13037A   13211.66180881  .00000493  00000-0  94149-4 0  9999","2 39208 098.0567 229.1482 0008242 345.7395 014.3561 14.68148360  1573"
"2.0","GENERATED VIA SPACE-TRACK.ORG API","2013-07-30T13:26:21","18 SPCS","OBJECT B","2013-037B","EARTH","TEME","UTC","SGP4","2013-07-30T16:02:46.326336","14.67209281","0.00038740","98.0574","229.1399","346.8794","13.2265","0","U","39209","999","156","-0.00002054500000","-0.00000163","0.0000000000000","7048.132","98.145","672.728","667.267","TBA","LARGE","PRC","2013-07-19","TSC","","1524419","93455730","0 OBJECT B","1 39209U 13037B   13211.66859174 -.00000163  00000-0 -20545-4 0  9993","2 39209 098.0574 229.1399 0003874 346.8794 013.2265 14.67209281  1567"
"2.0","GENERATED VIA SPACE-TRACK.ORG API","2013-07-30T12:50:39","18 SPCS","OBJECT C","2013-037C","EARTH","TEME","UTC","SGP4","2013-07-30T17:36:41.201279","14.67607585","0.00058130","98.0584","229.2121","346.1732","13.9070","0","U","39210","999","158","0.00000281780000","-0.00000032","0.0000000000000","7046.857","98.118","672.818","664.626","TBA","LARGE","PRC","2013-07-19","TSC","","1524380","93454853","0 OBJECT C","1 39210U 13037C   13211.73381020 -.00000032  00000-0  28178-5 0  9998","2 39210 098.0584 229.2121 0005813 346.1732 013.9070 14.67607585  1586"
"2.0","GENERATED VIA SPACE-TRACK.ORG API","2013-07-30T17:11:29","18 SPCS","OBJECT B","2013-037B","EARTH","TEME","UTC","SGP4","2013-07-30T19:19:10.918271","14.67209811","0.00038570","98.0573","229.2738","346.3193","13.7924","0","U","39209","999","158","0.00000592920000","-0.00000014","0.0000000000000","7048.131","98.145","672.714","667.277","TBA","LARGE","PRC","2013-07-19","TSC","","1524527","93457610","0 OBJECT B","1 39209U 13037B   13211.80498748 -.00000014  00000-0  59292-5 0  9991","2 39209 098.0573 229.2738 0003857 346.3193 013.7924 14.67209811  1581"
"2.0","GENERATED VIA SPACE-TRACK.ORG API","2013-07-30T17:11:29","18 SPCS","OBJECT A","2013-037A","EARTH","TEME","UTC","SGP4","2013-07-30T20:47:25.778975","14.68147650","0.00081680","98.0566","229.3497","345.0452","15.0485","0","U","39208","999","160","0.00005972300000","0.00000295","0.0000000000000","7045.129","98.082","672.748","661.239","TBA","LARGE","PRC","2013-07-19","TSC","","1524527","93457612","0 OBJECT A","1 39208U 13037A   13211.86627059  .00000295  00000-0  59723-4 0  9993","2 39208 098.0566 229.3497 0008168 345.0452 015.0485 14.68147650  1602"
"2.0","GENERATED VIA SPACE-TRACK.ORG API","2013-07-30T21:27:06","18 SPCS","OBJECT C","2013-037C","EARTH","TEME","UTC","SGP4","2013-07-31T01:47:34.900800","14.67608698","0.00058060","98.0576","229.5459","345.8924","14.2158","0","U","39210","999","163","-0.00024935000000","-0.00001464","0.0000000000000","7046.853","98.118","672.810","664.627","TBA","LARGE","PRC","2013-07-19","TSC","","1524563","93457793","0 OBJECT C","1 39210U 13037C   13212.07470950 -.00001464  00000-0 -24935-3 0  9993","2 39210 098.0576 229.5459 0005806 345.8924 014.2158 14.67608698  1638"
"2.0","GENERATED VIA SPACE-TRACK.ORG API","2013-07-31T01:58:25","18 SPCS","OBJECT A","2013-037A","EARTH","TEME","UTC","SGP4","2013-07-31T04:58:08.252544","14.68147889","0.00081500","98.0566","229.6849","343.7508","16.3430","0","U","39208","999","165","0.00004650100000","0.00000219","0.0000000000000","7045.128","98.082","672.735","661.251","TBA","LARGE","PRC","2013-07-19","TSC","","1524700","93460386","0 OBJECT A","1 39208U 13037A   13212.20703996  .00000219  00000-0  46501-4 0  9993","2 39208 098.0566 229.6849 0008150 343.7508 016.3430 14.68147889  1657"
"2.0","GENERATED VIA SPACE-TRACK.ORG API","2013-07-31T01:18:37","18 SPCS","OBJECT B","2013-037B","EARTH","TEME","UTC","SGP4","2013-07-31T06:46:36.692832","14.67219124","0.00041120","98.0587","229.7449","349.2854","10.8390","0","U","39209","999","165","0.00062707000000","0.00003484","0.0000000000000","7048.101","98.144","672.864","667.068","TBA","LARGE","PRC","2013-07-19","TSC","","1524663","93459527","0 OBJECT B","1 39209U 13037B   13212.28236913  .00003484  00000-0  62707-3 0  9994","2 39209 098.0587 229.7449 0004112 349.2854 010.8390 14.67219124  1652"
"2.0","GENERATED VIA SPACE-TRACK.ORG API","2013-07-31T04:11:24","18 SPCS","OBJECT B","2013-037B","EARTH","TEME","UTC","SGP4","2013-07-31T08:24:48.703680","14.67218126","0.00041800","98.0587","229.8119","348.2416","11.8659","0","U","39209","999","166","0.00053801000000","0.00002982","0.0000000000000","7048.104","98.144","672.915","667.023","TBA","LARGE","PRC","2013-07-19","TSC","","1524714","93460641","0 OBJECT B","1 39209U 13037B   13212.35056370  .00002982  00000-0  53801-3 0  9996","2 39209 098.0587 229.8119 0004180 348.2416 011.8659 14.67218126  1666"
"2.0","GENERATED VIA SPACE-TRACK.ORG API","2013-07-31T09:42:31","18 SPCS","OBJECT C","2013-037C","EARTH","TEME","UTC","SGP4","2013-07-31T09:58:28.164864","14.67605877","0.00057980","98.0575","229.8812","344.0813","16.0186","0","U","39210","999","168","-0.00032718000000","-0.00001906","0.0000000000000","7046.862","98.118","672.813","664.642","TBA","LARGE","PRC","2013-07-19","TSC","","1524833","93463245","0 OBJECT C","1 39210U 13037C   13212.41560376 -.00001906  00000-0 -32718-3 0  9992","2 39210 098.0575 229.8812 0005798 344.0813 016.0186 14.67605877  1683"
"2.0","GENERATED VIA SPACE-TRACK.ORG API","2013-07-31T09:42:14","18 SPCS","OBJECT A","2013-037A","EARTH","TEME","UTC","SGP4","2013-07-31T11:30:42.236063","14.68147904","0.00081570","98.0570","229.9536","342.7400","17.3533","0","U","39208","999","169","0.00003721800000","0.00000166","0.0000000000000","7045.128","98.082","672.740","661.246","TBA","LARGE","PRC","2013-07-19","TSC","","1524832","93463205","0 OBJECT A","1 39208U 13037A   13212.47965551  .00000166  00000-0  37218-4 0  9995","2 39208 098.0570 229.9536 0008157 342.7400 017.3533 14.68147904  1692"
"2.0","GENERATED VIA SPACE-TRACK.ORG API","2013-07-31T09:42:14","18 SPCS","OBJECT B","2013-037B","EARTH","TEME","UTC","SGP4","2013-07-31T11:41:13.199711","14.67216160","0.00039070","98.0576","229.9444","344.4853","15.6223","0","U","39209","999","168","0.00036625000000","0.00002015","0.0000000000000","7048.110","98.145","672.729","667.222","TBA","LARGE","PRC","2013-07-19","TSC","","1524832","93463204","0 OBJECT B","1 39209U 13037B   13212.48695833  .00002015  00000-0  36625-3 0  9995","2 39209 098.0576 229.9444 0003907 344.4853 015.6223 14.67216160  1682"
"2.0","GENERATED VIA SPACE-TRACK.ORG API","2013-07-31T17:25:36","18 SPCS","OBJECT C","2013-037C","EARTH","TEME","UTC","SGP4","2013-07-31T18:09:21.600863","14.67602696","0.00057610","98.0574","230.2165","342.3360","17.7615","0","U","39210","999","173","-0.00039997000000","-0.00002319","0.0000000000000","7046.873","98.119","672.797","664.678","TBA","LARGE","PRC","2013-07-19","TSC","","1525030","93465838","0 OBJECT C","1 39210U 13037C   13212.75650001 -.00002319  00000-0 -39997-3 0  9999","2 39210 098.0574 230.2165 0005761 342.3360 017.7615 14.67602696  1734"
"2.0","GENERATED VIA SPACE-TRACK.ORG API","2013-07-31T17:25:19","18 SPCS","OBJECT A","2013-037A","EARTH","TEME","UTC","SGP4","2013-07-31T19:41:24.719135","14.68148027","0.00081470","98.0568","230.2893","341.4972","18.5944","0","U","39208","999","174","0.00004855400000","0.00000231","0.0000000000000","7045.128","98.082","672.732","661.253","TBA","LARGE","PRC","2013-07-19","TSC","","1525029","93465809","0 OBJECT A","1 39208U 13037A   13212.82042499  .00000231  00000-0  48554-4 0  9999","2 39208 098.0568 230.2893 0008147 341.4972 018.5944 14.68148027  1741"
"2.0","GENERATED VIA SPACE-TRACK.ORG API","2013-07-31T17:25:19","18 SPCS","OBJECT B","2013-037B","EARTH","TEME","UTC","SGP4","2013-07-31T19:52:14.492064","14.67212913","0.00038640","98.0571","230.2797","341.9000","18.2033","0","U","39209","999","173","0.00013421000000","0.00000708","0.0000000000000","7048.121","98.145","672.709","667.262","TBA","LARGE","PRC","2013-07-19","TSC","","1525029","93465808","0 OBJECT B","1 39209U 13037B   13212.82794551  .00000708  00000-0  13421-3 0  9996","2 39209 098.0571 230.2797 0003864 341.9000 018.2033 14.67212913  1737"
"2.0","GENERATED VIA SPACE-TRACK.ORG API","2013-08-01T01:43:41","18 SPCS","OBJECT A","2013-037A","EARTH","TEME","UTC","SGP4","2013-08-01T03:52:07.108031","14.68148629","0.00081180","98.0567","230.6249","340.1069","19.9817","0","U","39208","999","179","0.00004920300000","0.00000235","0.0000000000000","7045.126","98.082","672.710","661.271","TBA","LARGE","PRC","2013-07-19","TSC","","1525140","93468075","0 OBJECT A","1 39208U 13037A   13213.16119338  .00000235  00000-0  49203-4 0  9990","2 39208 098.0567 230.6249 0008118 340.1069 019.9817 14.68148629  1797"
"2.0","GENERATED VIA SPACE-TRACK.ORG API","2013-07-31T23:39:14","18 SPCS","OBJECT C","2013-037C","EARTH","TEME","UTC","SGP4","2013-08-01T03:58:25.747392","14.66911680","0.00025470","98.0689","230.6301","46.8721","313.0209","0","U","39210","999","179","-0.28258000000000","-0.01455194","0.0000000000000","7049.085","98.165","672.746","669.155","TBA","LARGE","PRC","2013-07-19","TSC","","1525054","93465990","0 OBJECT C","1 39210U 13037C   13213.16557578 -.01455194  00000-0 -28258+0 0  9998","2 39210 098.0689 230.6301 0002547 046.8721 313.0209 14.66911680  1795"
"2.0","GENERATED VIA SPACE-TRACK.ORG API","2013-08-01T01:43:41","18 SPCS","OBJECT B","2013-037B","EARTH","TEME","UTC","SGP4","2013-08-01T04:03:15.724800","14.67213605","0.00038650","98.0573","230.6148","340.7372","19.3671","0","U","39209","999","178","0.00013486000000","0.00000711","0.0000000000000","7048.118","98.145","672.707","667.259","TBA","LARGE","PRC","2013-07-19","TSC","","1525140","93468073","0 OBJECT B","1 39209U 13037B   13213.16893200  .00000711  00000-0  13486-3 0  9990","2 39209 098.0573 230.6148 0003865 340.7372 019.3671 14.67213605  1787"
"2.0","GENERATED VIA SPACE-TRACK.ORG API","2013-08-01T03:34:10","18 SPCS","OBJECT C","2013-037C","EARTH","TEME","UTC","SGP4","2013-08-01T08:53:14.059967","14.67013067","0.00039850","98.0666","230.8281","6.6885","353.7225","0","U","39210","999","182","0.00986830000000","0.00055720","0.0000000000000","7048.761","98.158","673.435","667.817","TBA","LARGE","PRC","2013-07-19","TSC","","1525151","93468299","0 OBJECT C","1 39210U 13037C   13213.37030162  .00055720  00000-0  98683-2 0  9996","2 39210 098.0666 230.8281 0003985 006.6885 353.7225 14.67013067  1827"
"2.0","GENERATED VIA SPACE-TRACK.ORG API","2013-08-01T08:09:52","18 SPCS","OBJECT A","2013-037A","EARTH","TEME","UTC","SGP4","2013-08-01T12:02:49.548768","14.68149836","0.00081300","98.0570","230.9605","339.2222","20.8664","0","U","39208","999","184","0.00010563000000","0.00000559","0.0000000000000","7045.122","98.082","672.714","661.259","TBA","LARGE","PRC","2013-07-19","TSC","","1525225","93469915","0 OBJECT A","1 39208U 13037A   13213.50196237  .00000559  00000-0  10563-3 0  9996","2 39208 098.0570 230.9605 0008130 339.2222 020.8664 14.68149836  1842"
"2.0","GENERATED VIA SPACE-TRACK.ORG API","2013-08-01T08:09:52","18 SPCS","OBJECT B","2013-037B","EARTH","TEME","UTC","SGP4","2013-08-01T12:14:16.960128","14.67213325","0.00038520","98.0574","230.9502","339.3082","20.7948","0","U","39209","999","183","0.00009943600000","0.00000512","0.0000000000000","7048.119","98.145","672.699","667.269","TBA","LARGE","PRC","2013-07-19","TSC","","1525225","93469914","0 OBJECT B","1 39209U 13037B   13213.50991852  .00000512  00000-0  99436-4 0  9999","2 39209 098.0574 230.9502 0003852 339.3082 020.7948 14.67213325  1831"
"2.0","GENERATED VIA SPACE-TRACK.ORG API","2013-08-01T08:33:08","18 SPCS","OBJECT C","2013-037C","EARTH","TEME","UTC","SGP4","2013-08-01T13:47:49.309728","14.66997446","0.00034480","98.0600","231.0208","354.5864","5.5807","0","U","39210","999","185","0.00003883500000","0.00000217","0.0000000000000","7048.811","98.159","673.106","668.245","TBA","LARGE","PRC","2013-07-19","TSC","","1525230","93470029","0 OBJECT C","1 39210U 13037C   13213.57487627  .00000217  00000-0  38835-4 0  9996","2 39210 098.0600 231.0208 0003448 354.5864 005.5807 14.66997446  1855"
"2.0","GENERATED VIA SPACE-TRACK.ORG API","2013-08-01T21:46:13","18 SPCS","OBJECT A","2013-037A","EARTH","TEME","UTC","SGP4","2013-08-01T23:29:49.062912","14.68148148","0.00080630","98.0567","231.4300","337.3492","22.7376","0","U","39208","999","191","0.00000817630000","-0.00000001","0.0000000000000","7045.127","98.082","672.673","661.312","TBA","LARGE","PRC","2013-07-19","TSC","","1525551","93473624","0 OBJECT A","1 39208U 13037A   13213.97904008 -.00000001  00000-0  81763-5 0  9995","2 39208 098.0567 231.4300 0008063 337.3492 022.7376 14.68148148  1913"
"2.0","GENERATED VIA SPACE-TRACK.ORG API","2013-08-01T21:13:26","18 SPCS","OBJECT C","2013-037C","EARTH","TEME","UTC","SGP4","2013-08-02T01:15:20.606112","14.67015245","0.00033400","98.0559","231.4901","359.6207","0.5331","0","U","39210","999","192","-0.00042045000000","-0.00002403","0.0000000000000","7048.754","98.158","672.973","668.264","TBA","LARGE","PRC","2013-07-19","TSC","","1525495","93472656","0 OBJECT C","1 39210U 13037C   13214.05232183 -.00002403  00000-0 -42045-3 0  9993","2 39210 098.0559 231.4901 0003340 359.6207 000.5331 14.67015245  1924"
"2.0","GENERATED VIA SPACE-TRACK.ORG API","2013-08-01T19:45:08","18 SPCS","OBJECT B","2013-037B","EARTH","TEME","UTC","SGP4","2013-08-02T01:19:55.066943","14.67211592","0.00038520","98.0559","231.4859","335.1455","24.9569","0","U","39209","999","191","0.00004918700000","0.00000229","0.0000000000000","7048.125","98.145","672.705","667.275","TBA","LARGE","PRC","2013-07-19","TSC","","1525407","93471225","0 OBJECT B","1 39209U 13037B   13214.05549846  .00000229  00000-0  49187-4 0  9995","2 39209 098.0559 231.4859 0003852 335.1455 024.9569 14.67211592  1911"
"2.0","GENERATED VIA SPACE-TRACK.ORG API","2013-08-02T00:30:06","18 SPCS","OBJECT A","2013-037A","EARTH","TEME","UTC","SGP4","2013-08-02T04:24:14.508000","14.68148937","0.00080910","98.0570","231.6315","336.7798","23.3054","0","U","39208","999","194","0.00005178400000","0.00000249","0.0000000000000","7045.125","98.082","672.690","661.289","TBA","LARGE","PRC","2013-07-19","TSC","","1525657","93474360","0 OBJECT A","1 39208U 13037A   13214.18350125  .00000249  00000-0  51784-4 0  9996","2 39208 098.0570 231.6315 0008091 336.7798 023.3054 14.68148937  1947"
"2.0","GENERATED VIA SPACE-TRACK.ORG API","2013-08-01T23:35:44","18 SPCS","OBJECT C","2013-037C","EARTH","TEME","UTC","SGP4","2013-08-02T04:31:46.134624","14.66346527","0.00036290","98.0640","231.6348","40.1428","319.6934","0","U","39210","999","194","-0.00766170000000","-0.00042077","0.0000000000000","7050.897","98.203","675.320","670.203","TBA","LARGE","PRC","2013-07-19","TSC","","1525643","93474036","0 OBJECT C","1 39210U 13037C   13214.18872841 -.00042077  00000-0 -76617-2 0  9990","2 39210 098.0640 231.6348 0003629 040.1428 319.6934 14.66346527  1943"
"2.0","GENERATED VIA SPACE-TRACK.ORG API","2013-08-02T00:30:06","18 SPCS","OBJECT B","2013-037B","EARTH","TEME","UTC","SGP4","2013-08-02T04:36:19.560384","14.67211457","0.00038370","98.0570","231.6204","338.5054","21.5966","0","U","39209","999","193","0.00000040982000","-0.00000046","0.0000000000000","7048.125","98.145","672.695","667.286","TBA","LARGE","PRC","2013-07-19","TSC","","1525657","93474359","0 OBJECT B","1 39209U 13037B   13214.19189306 -.00000046  00000-0  40982-6 0  9995","2 39209 098.0570 231.6204 0003837 338.5054 021.5966 14.67211457  1931"
"2.0","GENERATED VIA SPACE-TRACK.ORG API","2013-08-02T00:34:46","18 SPCS","OBJECT C","2013-037C","EARTH","TEME","UTC","SGP4","2013-08-02T06:10:06.962591","14.66373987","0.00024030","98.0628","231.6957","72.0305","288.1405","0","U","39210","999","195","0.03210900000000","0.00182287","0.0000000000000","7050.809","98.201","674.368","670.979","TBA","LARGE","PRC","2013-07-19","TSC","","1525660","93474394","0 OBJECT C","1 39210U 13037C   13214.25702503  .00182287  00000-0  32109-1 0  9998","2 39210 098.0628 231.6957 0002403 072.0305 288.1405 14.66373987  1956"
"2.0","GENERATED VIA SPACE-TRACK.ORG API","2013-08-02T01:10:13","18 SPCS","OBJECT B","2013-037B","EARTH","TEME","UTC","SGP4","2013-08-02T06:14:31.848576","14.67211624","0.00040850","98.0579","231.6890","341.2257","18.8770","0","U","39209","999","194","0.00000040982000","-0.00000046","0.0000000000000","7048.125","98.145","672.869","667.111","TBA","LARGE","PRC","2013-07-19","TSC","","1525661","93474395","0 OBJECT B","1 39209U 13037B   13214.26009084 -.00000046  00000-0  40982-6 0  9997","2 39209 098.0579 231.6890 0004085 341.2257 018.8770 14.67211624  1942"
"2.0","GENERATED VIA SPACE-TRACK.ORG API","2013-08-02T10:46:22","18 SPCS","OBJECT A","2013-037A","EARTH","TEME","UTC","SGP4","2013-08-02T12:34:56.920223","14.68149562","0.00081170","98.0571","231.9671","335.7162","24.3667","0","U","39208","999","199","0.00007037400000","0.00000356","0.0000000000000","7045.123","98.082","672.706","661.269","TBA","LARGE","PRC","2013-07-19","TSC","","1525865","93478153","0 OBJECT A","1 39208U 13037A   13214.52426991  .00000356  00000-0  70374-4 0  9994","2 39208 098.0571 231.9671 0008117 335.7162 024.3667 14.68149562  1990"
"2.0","GENERATED VIA SPACE-TRACK.ORG API","2013-08-02T08:51:23","18 SPCS","OBJECT C","2013-037C","EARTH","TEME","UTC","SGP4","2013-08-02T12:43:08.246783","14.66309873","0.00034850","98.0617","231.9555","51.4169","308.6404","0","U","39210","999","199","-0.09600700000000","-0.00501649","0.0000000000000","7051.014","98.205","675.336","670.422","TBA","LARGE","PRC","2013-07-19","TSC","","1525737","93475528","0 OBJECT C","1 39210U 13037C   13214.52995656 -.00501649  00000-0 -96007-1 0  9997","2 39210 098.0617 231.9555 0003485 051.4169 308.6404 14.66309873  1995"
"2.0","GENERATED VIA SPACE-TRACK.ORG API","2013-08-02T08:06:07","18 SPCS","OBJECT B","2013-037B","EARTH","TEME","UTC","SGP4","2013-08-02T12:47:20.894208","14.67211164","0.00041130","98.0576","231.9568","340.6922","19.4113","0","U","39209","999","198","-0.00002171000000","-0.00000170","0.0000000000000","7048.126","98.145","672.890","667.092","TBA","LARGE","PRC","2013-07-19","TSC","","1525689","93474424","0 OBJECT B","1 39209U 13037B   13214.53288072 -.00000170  00000-0 -21710-4 0  9998","2 39209 098.0576 231.9568 0004113 340.6922 019.4113 14.67211164  1989"
"2.0","GENERATED VIA SPACE-TRACK.ORG API","2013-08-02T12:50:48","18 SPCS","OBJECT C","2013-037C","EARTH","TEME","UTC","SGP4","2013-08-02T17:37:58.710719","14.66351779","0.00029920","98.0603","232.1590","52.3300","307.9360","0","U","39210","999","202","0.00081666000000","0.00004464","0.0000000000000","7050.880","98.202","674.854","670.635","TBA","LARGE","PRC","2013-07-19","TSC","","1525913","93478764","0 OBJECT C","1 39210U 13037C   13214.73470730  .00004464  00000-0  81666-3 0  9999","2 39210 098.0603 232.1590 0002992 052.3300 307.9360 14.66351779  2021"
"2.0","GENERATED VIA SPACE-TRACK.ORG API","2013-08-02T12:07:55","18 SPCS","OBJECT B","2013-037B","EARTH","TEME","UTC","SGP4","2013-08-02T17:41:57.671520","14.67210482","0.00041020","98.0576","232.1580","339.8181","20.2838","0","U","39209","999","201","-0.00004411500000","-0.00000296","0.0000000000000","7048.128","98.145","672.885","667.102","TBA","LARGE","PRC","2013-07-19","TSC","","1525909","93478760","0 OBJECT B","1 39209U 13037B   13214.73747305 -.00000296  00000-0 -44115-4 0  9992","2 39209 098.0576 232.1580 0004102 339.8181 020.2838 14.67210482  2012"
"2.0","GENERATED VIA SPACE-TRACK.ORG API","2013-08-02T15:07:58","18 SPCS","OBJECT C","2013-037C","EARTH","TEME","UTC","SGP4","2013-08-02T19:16:12.472895","14.66362593","0.00026610","98.0594","232.2268","54.9412","305.2177","0","U","39210","999","203","0.00227070000000","0.00012516","0.0000000000000","7050.845","98.202","674.586","670.834","TBA","LARGE","PRC","2013-07-19","TSC","","1525945","93478796","0 OBJECT C","1 39210U 13037C   13214.80292214  .00012516  00000-0  22707-2 0  9993","2 39210 098.0594 232.2268 0002661 054.9412 305.2177 14.66362593  2032"
"2.0","GENERATED VIA SPACE-TRACK.ORG API","2013-08-02T18:03:43","18 SPCS","OBJECT A","2013-037A","EARTH","TEME","UTC","SGP4","2013-08-02T20:45:39.411935","14.68148891","0.00079640","98.0571","232.3028","334.4991","25.5840","0","U","39208","999","204","0.00003021000000","0.00000125","0.0000000000000","7045.125","98.082","672.600","661.379","TBA","LARGE","PRC","2013-07-19","TSC","","1526119","93482261","0 OBJECT A","1 39208U 13037A   13214.86503949  .00000125  00000-0  30210-4 0  9999","2 39208 098.0571 232.3028 0007964 334.4991 025.5840 14.68148891  2043"
"2.0","GENERATED VIA SPACE-TRACK.ORG API","2013-08-02T18:03:43","18 SPCS","OBJECT B","2013-037B","EARTH","TEME","UTC","SGP4","2013-08-02T20:58:22.218528","14.67211357","0.00036550","98.0558","232.2899","333.9967","26.1151","0","U","39209","999","203","-0.00001348000000","-0.00000124","0.0000000000000","7048.126","98.145","672.567","667.415","TBA","LARGE","PRC","2013-07-19","TSC","","1526119","93482259","0 OBJECT B","1 39209U 13037B   13214.87386827 -.00000124  00000-0 -13480-4 0  9996","2 39209 098.0558 232.2899 0003655 333.9967 026.1151 14.67211357  2032"
"2.0","GENERATED VIA SPACE-TRACK.ORG API","2013-08-02T21:42:28","18 SPCS","OBJECT B","2013-037B","EARTH","TEME","UTC","SGP4","2013-08-03T01:52:58.789344","14.67211902","0.00037650","98.0561","232.4914","333.9451","26.1564","0","U","39209","999","206","0.00000478220000","-0.00000021","0.0000000000000","7048.124","98.145","672.642","667.335","TBA","LARGE","PRC","2013-07-19","TSC","","1526169","93482730","0 OBJECT B","1 39209U 13037B   13215.07845821 -.00000021  00000-0  47822-5 0  9996","2 39209 098.0561 232.4914 0003765 333.9451 026.1564 14.67211902  2063"
"2.0","GENERATED VIA SPACE-TRACK.ORG API","2013-08-02T21:42:03","18 SPCS","OBJECT A","2013-037A","EARTH","TEME","UTC","SGP4","2013-08-03T03:18:13.300416","14.68149362","0.00079780","98.0582","232.5725","334.4858","25.5925","0","U","39208","999","208","0.00004659700000","0.00000219","0.0000000000000","7045.123","98.082","672.609","661.368","TBA","LARGE","PRC","2013-07-19","TSC","","1526168","93482729","0 OBJECT A","1 39208U 13037A   13215.13765394  .00000219  00000-0  46597-4 0  9993","2 39208 098.0582 232.5725 0007978 334.4858 025.5925 14.68149362  2080"
"2.0","GENERATED VIA SPACE-TRACK.ORG API","2013-08-03T00:21:14","18 SPCS","OBJECT A","2013-037A","EARTH","TEME","UTC","SGP4","2013-08-03T04:56:21.831936","14.68149357","0.00079770","98.0581","232.6397","334.2772","25.8034","0","U","39208","999","209","0.00004505200000","0.00000211","0.0000000000000","7045.123","98.082","672.608","661.368","TBA","LARGE","PRC","2013-07-19","TSC","","1526206","93483055","0 OBJECT A","1 39208U 13037A   13215.20580824  .00000211  00000-0  45052-4 0  9991","2 39208 098.0581 232.6397 0007977 334.2772 025.8034 14.68149357  2096"
"2.0","GENERATED VIA SPACE-TRACK.ORG API","2013-08-02T23:44:57","18 SPCS","OBJECT C","2013-037C","EARTH","TEME","UTC","SGP4","2013-08-03T05:05:46.090463","14.66009166","0.00029550","98.0687","232.6285","71.7560","288.1506","0","U","39210","999","209","0.69570000000000","0.04250093","0.0000000000000","7051.978","98.225","675.927","671.759","TBA","LARGE","PRC","2013-07-19","TSC","","1526191","93482752","0 OBJECT C","1 39210U 13037C   13215.21233901  .04250093  00000-0  69570+0 0  9991","2 39210 098.0687 232.6285 0002955 071.7560 288.1506 14.66009166  2090"
"2.0","GENERATED VIA SPACE-TRACK.ORG API","2013-08-03T00:26:03","18 SPCS","OBJECT B","2013-037B","EARTH","TEME","UTC","SGP4","2013-08-03T05:09:23.288831","14.67211586","0.00039690","98.0569","232.6269","336.1362","23.9627","0","U","39209","999","208","-0.00001212500000","-0.00000116","0.0000000000000","7048.125","98.145","672.787","667.192","TBA","LARGE","PRC","2013-07-19","TSC","","1526213","93483205","0 OBJECT B","1 39209U 13037B   13215.21485288 -.00000116  00000-0 -12125-4 0  9992","2 39209 098.0569 232.6269 0003969 336.1362 023.9627 14.67211586  2083"
"2.0","GENERATED VIA SPACE-TRACK.ORG API","2013-08-03T03:12:17","18 SPCS","OBJECT C","2013-037C","EARTH","TEME","UTC","SGP4","2013-08-03T08:22:20.079263","14.65891689","0.00041460","98.0715","232.7587","12.3909","347.4141","0","U","39210","999","211","0.09669700000000","0.00556582","0.0000000000000","7052.355","98.233","677.144","671.296","TBA","LARGE","PRC","2013-07-19","TSC","","1526261","93484342","0 OBJECT C","1 39210U 13037C   13215.34884351  .00556582  00000-0  96697-1 0  9996","2 39210 098.0715 232.7587 0004146 012.3909 347.4141 14.65891689  2115"
"2.0","GENERATED VIA SPACE-TRACK.ORG API","2013-08-03T06:19:26","18 SPCS","OBJECT B","2013-037B","EARTH","TEME","UTC","SGP4","2013-08-03T10:04:00.011712","14.67211983","0.00039830","98.0571","232.8282","335.4214","24.6767","0","U","39209","999","211","0.00000178240000","-0.00000038","0.0000000000000","7048.124","98.145","672.796","667.181","TBA","LARGE","PRC","2013-07-19","TSC","","1526277","93484358","0 OBJECT B","1 39209U 13037B   13215.41944458 -.00000038  00000-0  17824-5 0  9997","2 39209 098.0571 232.8282 0003983 335.4214 024.6767 14.67211983  2115"
"2.0","GENERATED VIA SPACE-TRACK.ORG API","2013-08-03T06:30:59","18 SPCS","OBJECT C","2013-037C","EARTH","TEME","UTC","SGP4","2013-08-03T11:38:59.928576","14.65833819","0.00029480","98.0636","232.8923","10.4878","349.6190","0","U","39210","999","213","-0.08699800000000","-0.00452125","0.0000000000000","7052.541","98.237","676.485","672.327","TBA","LARGE","PRC","2013-07-19","TSC","","1526278","93484359","0 OBJECT C","1 39210U 13037C   13215.48541584 -.00452125  00000-0 -86998-1 0  9992","2 39210 098.0636 232.8923 0002948 010.4878 349.6190 14.65833819  2135"
"2.0","GENERATED VIA SPACE-TRACK.ORG API","2013-08-03T09:31:02","18 SPCS","PAYLOAD A","2013-037A","EARTH","TEME","UTC","SGP4","2013-08-03T13:07:04.206144","14.68149894","0.00079360","98.0570","232.9738","331.8730","28.2049","0","U","39208","999","214","0.00005405100000","0.00000262","0.0000000000000","7045.122","98.082","672.578","661.396","PAYLOAD","LARGE","PRC","2013-07-19","TSC","","1526393","93486953","0 PAYLOAD A","1 39208U 13037A   13215.54657646  .00000262  00000-0  54051-4 0  9990","2 39208 098.0570 232.9738 0007936 331.8730 028.2049 14.68149894  2143"
"2.0","GENERATED VIA SPACE-TRACK.ORG API","2013-08-03T07:59:12","18 SPCS","OBJECT C","2013-037C","EARTH","TEME","UTC","SGP4","2013-08-03T13:17:18.166271","14.65709163","0.00021300","98.0579","232.9641","289.3591","70.7877","0","U","39210","999","214","-0.08039200000000","-0.00414970","0.0000000000000","7052.940","98.245","676.308","673.303","TBA","LARGE","PRC","2013-07-19","TSC","","1526284","93484451","0 OBJECT C","1 39210U 13037C   13215.55368248 -.00414970  00000-0 -80392-1 0  9992","2 39210 098.0579 232.9641 0002130 289.3591 070.7877 14.65709163  2140"
"2.0","GENERATED VIA SPACE-TRACK.ORG API","2013-08-03T09:31:02","18 SPCS","PAYLOAD B","2013-037B","EARTH","TEME","UTC","SGP4","2013-08-03T13:20:24.563040","14.67212625","0.00037020","98.0568","232.9610","331.9781","28.1262","0","U","39209","999","213","0.00003657200000","0.00000158","0.0000000000000","7048.122","98.145","672.596","667.377","PAYLOAD","LARGE","PRC","2013-07-19","TSC","","1526393","93486952","0 PAYLOAD B","1 39209U 13037B   13215.55583985  .00000158  00000-0  36572-4 0  9998","2 39209 098.0568 232.9610 0003702 331.9781 028.1262 14.67212625  2131"
"2.0","GENERATED VIA SPACE-TRACK.ORG API","2013-08-03T09:49:55","18 SPCS","PAYLOAD C","2013-037C","EARTH","TEME","UTC","SGP4","2013-08-03T14:55:35.765472","14.65703775","0.00022000","98.0527","233.0314","280.0359","80.1060","0","U","39210","999","215","-0.07209500000000","-0.00374044","0.0000000000000","7052.958","98.246","676.374","673.271","PAYLOAD","LARGE","PRC","2013-07-19","TSC","","1526404","93487164","0 PAYLOAD C","1 39210U 13037C   13215.62194173 -.00374044  00000-0 -72095-1 0  9992","2 39210 098.0527 233.0314 0002200 280.0359 080.1060 14.65703775  2153"
"2.0","GENERATED VIA SPACE-TRACK.ORG API","2013-08-03T11:39:41","18 SPCS","PAYLOAD C","2013-037C","EARTH","TEME","UTC","SGP4","2013-08-03T16:33:53.425152","14.65877958","0.00033820","98.0604","233.0960","10.7178","349.4200","0","U","39210","999","216","0.00077093000000","0.00004167","0.0000000000000","7052.399","98.234","676.649","671.879","PAYLOAD","LARGE","PRC","2013-07-19","TSC","","1526408","93487168","0 PAYLOAD C","1 39210U 13037C   13215.69020168  .00004167  00000-0  77093-3 0  9990","2 39210 098.0604 233.0960 0003382 010.7178 349.4200 14.65877958  2168"
"2.0","GENERATED VIA SPACE-TRACK.ORG API","2013-08-03T13:48:39","18 SPCS","PAYLOAD A","2013-037A","EARTH","TEME","UTC","SGP4","2013-08-03T18:01:29.696159","14.68149521","0.00079050","98.0578","233.1764","332.3421","27.7343","0","U","39208","999","217","0.00004056300000","0.00000185","0.0000000000000","7045.123","98.082","672.557","661.419","PAYLOAD","LARGE","PRC","2013-07-19","TSC","","1526420","93487184","0 PAYLOAD A","1 39208U 13037A   13215.75103815  .00000185  00000-0  40563-4 0  9994","2 39208 098.0578 233.1764 0007905 332.3421 027.7343 14.68149521  2173"
"2.0","GENERATED VIA SPACE-TRACK.ORG API","2013-08-03T13:03:30","18 SPCS","PAYLOAD B","2013-037B","EARTH","TEME","UTC","SGP4","2013-08-03T18:15:01.295423","14.67212157","0.00036910","98.0567","233.1621","331.7993","28.3010","0","U","39209","999","216","0.00002768800000","0.00000108","0.0000000000000","7048.123","98.145","672.590","667.387","PAYLOAD","LARGE","PRC","2013-07-19","TSC","","1526413","93487176","0 PAYLOAD B","1 39209U 13037B   13215.76043166  .00000108  00000-0  27688-4 0  9996","2 39209 098.0567 233.1621 0003691 331.7993 028.3010 14.67212157  2161"
"2.0","GENERATED VIA SPACE-TRACK.ORG API","2013-08-03T16:29:27","18 SPCS","PAYLOAD A","2013-037A","EARTH","TEME","UTC","SGP4","2013-08-03T21:17:46.703040","14.68149664","0.00079190","98.0575","233.3105","331.8215","28.2568","0","U","39208","999","219","0.00004017300000","0.00000183","0.0000000000000","7045.122","98.082","672.566","661.408","PAYLOAD","LARGE","PRC","2013-07-19","TSC","","1526460","93487782","0 PAYLOAD A","1 39208U 13037A   13215.88734610  .00000183  00000-0  40173-4 0  9996","2 39208 098.0575 233.3105 0007919 331.8215 028.2568 14.68149664  2196"
"2.0","GENERATED VIA SPACE-TRACK.ORG API","2013-08-03T16:44:08","18 SPCS","PAYLOAD C","2013-037C","EARTH","TEME","UTC","SGP4","2013-08-03T21:28:46.067231","14.65899614","0.00024100","98.0569","233.3015","5.7178","354.4393","0","U","39210","999","219","0.00309800000000","0.00016928","0.0000000000000","7052.330","98.233","675.894","672.495","PAYLOAD","LARGE","PRC","2013-07-19","TSC","","1526482","93488187","0 PAYLOAD C","1 39210U 13037C   13215.89497763  .00016928  00000-0  30980-2 0  9992","2 39210 098.0569 233.3015 0002410 005.7178 354.4393 14.65899614  2192"
"2.0","GENERATED VIA SPACE-TRACK.ORG API","2013-08-04T00:18:28","18 SPCS","PAYLOAD C","2013-037C","EARTH","TEME","UTC","SGP4","2013-08-03T21:28:46.067231","14.65899614","0.00024100","98.0569","233.3015","5.7178","354.4393","0","U","39210","999","219","0.00309800000000","0.00016928","0.0000000000000","7052.330","98.233","675.894","672.495","PAYLOAD","LARGE","PRC","2013-07-19","TSC","","1526629","93490449","0 PAYLOAD C","1 39210U 13037C   13215.89497763  .00016928  00000-0  30980-2 0  9992","2 39210 098.0569 233.3015 0002410 005.7178 354.4393 14.65899614  2192"
"2.0","GENERATED VIA SPACE-TRACK.ORG API","2013-08-04T00:57:46","18 SPCS","PAYLOAD B","2013-037B","EARTH","TEME","UTC","SGP4","2013-08-04T02:26:02.499647","14.67213578","0.00036510","98.0562","233.4979","329.2475","30.8549","0","U","39209","999","221","0.00008111900000","0.00000409","0.0000000000000","7048.118","98.145","672.557","667.410","PAYLOAD","LARGE","PRC","2013-07-19","TSC","","1526673","93491512","0 PAYLOAD B","1 39209U 13037B   13216.10141782  .00000409  00000-0  81119-4 0  9991","2 39209 098.0562 233.4979 0003651 329.2475 030.8549 14.67213578  2217"
"2.0","GENERATED VIA SPACE-TRACK.ORG API","2013-08-04T00:57:46","18 SPCS","PAYLOAD A","2013-037A","EARTH","TEME","UTC","SGP4","2013-08-04T05:28:29.008992","14.68151090","0.00079050","98.0567","233.6451","329.4333","30.6418","0","U","39208","999","224","0.00008187000000","0.00000422","0.0000000000000","7045.118","98.082","672.552","661.414","PAYLOAD","LARGE","PRC","2013-07-19","TSC","","1526673","93491513","0 PAYLOAD A","1 39208U 13037A   13216.22811353  .00000422  00000-0  81870-4 0  9990","2 39208 098.0567 233.6451 0007905 329.4333 030.6418 14.68151090  2246"
"2.0","GENERATED VIA SPACE-TRACK.ORG API","2013-08-04T04:17:51","18 SPCS","PAYLOAD C","2013-037C","EARTH","TEME","UTC","SGP4","2013-08-04T08:56:41.210015","14.66384112","0.00035590","98.0626","233.7741","341.7200","18.3870","0","U","39210","999","226","0.08816100000000","0.00515471","0.0000000000000","7050.776","98.200","675.150","670.132","PAYLOAD","LARGE","PRC","2013-07-19","TSC","","1526682","93491637","0 PAYLOAD C","1 39210U 13037C   13216.37269919  .00515471  00000-0  88161-1 0  9996","2 39210 098.0626 233.7741 0003559 341.7200 018.3870 14.66384112  2267"
"2.0","GENERATED VIA SPACE-TRACK.ORG API","2013-08-04T04:23:44","18 SPCS","PAYLOAD C","2013-037C","EARTH","TEME","UTC","SGP4","2013-08-04T08:56:41.210015","14.66141095","0.00059530","98.0617","233.7773","52.6522","307.3879","0","U","39210","999","226","0.02382400000000","0.00133563","0.0000000000000","7051.555","98.217","677.618","669.222","PAYLOAD","LARGE","PRC","2013-07-19","TSC","","1526683","93491638","0 PAYLOAD C","1 39210U 13037C   13216.37269919  .00133563  00000-0  23824-1 0  9999","2 39210 098.0617 233.7773 0005953 052.6522 307.3879 14.66141095  2268"
"2.0","GENERATED VIA SPACE-TRACK.ORG API","2013-08-04T09:50:20","18 SPCS","PAYLOAD B","2013-037B","EARTH","TEME","UTC","SGP4","2013-08-04T08:58:51.394080","14.67214893","0.00035730","98.0563","233.7660","328.6171","31.4830","0","U","39209","999","225","0.00013682000000","0.00000722","0.0000000000000","7048.114","98.145","672.498","667.461","PAYLOAD","LARGE","PRC","2013-07-19","TSC","","1526816","93494292","0 PAYLOAD B","1 39209U 13037B   13216.37420595  .00000722  00000-0  13682-3 0  9999","2 39209 098.0563 233.7660 0003573 328.6171 031.4830 14.67214893  2252"
"2.0","GENERATED VIA SPACE-TRACK.ORG API","2013-08-04T05:44:53","18 SPCS","PAYLOAD A","2013-037A","EARTH","TEME","UTC","SGP4","2013-08-04T10:22:54.433344","14.68151889","0.00079060","98.0577","233.8477","330.0780","29.9963","0","U","39208","999","227","0.00010621000000","0.00000562","0.0000000000000","7045.115","98.082","672.550","661.410","PAYLOAD","LARGE","PRC","2013-07-19","TSC","","1526693","93491648","0 PAYLOAD A","1 39208U 13037A   13216.43257446  .00000562  00000-0  10621-3 0  9990","2 39208 098.0577 233.8477 0007906 330.0780 029.9963 14.68151889  2277"
"2.0","GENERATED VIA SPACE-TRACK.ORG API","2013-08-04T05:47:03","18 SPCS","PAYLOAD C","2013-037C","EARTH","TEME","UTC","SGP4","2013-08-04T10:35:05.379935","14.66263877","0.00035780","98.0625","233.8410","337.9722","22.6289","0","U","39210","999","227","0.00282240000000","0.00015541","0.0000000000000","7051.162","98.208","675.549","670.504","PAYLOAD","LARGE","PRC","2013-07-19","TSC","","1526694","93491649","0 PAYLOAD C","1 39210U 13037C   13216.44103449  .00015541  00000-0  28224-2 0  9997","2 39210 098.0625 233.8410 0003578 337.9722 022.6289 14.66263877  2274"
"2.0","GENERATED VIA SPACE-TRACK.ORG API","2013-08-04T08:36:44","18 SPCS","PAYLOAD C","2013-037C","EARTH","TEME","UTC","SGP4","2013-08-04T13:51:29.349792","14.66240539","0.00035060","98.0605","233.9726","336.2482","23.8437","0","U","39210","999","229","-0.00463040000000","-0.00025451","0.0000000000000","7051.236","98.210","675.574","670.629","PAYLOAD","LARGE","PRC","2013-07-19","TSC","","1526735","93492424","0 PAYLOAD C","1 39210U 13037C   13216.57742303 -.00025451  00000-0 -46304-2 0  9991","2 39210 098.0605 233.9726 0003506 336.2482 023.8437 14.66240539  2299"
"2.0","GENERATED VIA SPACE-TRACK.ORG API","2013-08-04T10:19:11","18 SPCS","PAYLOAD A","2013-037A","EARTH","TEME","UTC","SGP4","2013-08-04T15:17:19.905216","14.68150812","0.00078750","98.0574","234.0491","329.3124","30.7580","0","U","39208","999","230","0.00006615700000","0.00000332","0.0000000000000","7045.119","98.082","672.532","661.436","PAYLOAD","LARGE","PRC","2013-07-19","TSC","","1526833","93494531","0 PAYLOAD A","1 39208U 13037A   13216.63703594  .00000332  00000-0  66157-4 0  9993","2 39208 098.0574 234.0491 0007875 329.3124 030.7580 14.68150812  2305"
"2.0","GENERATED VIA SPACE-TRACK.ORG API","2013-08-04T11:44:40","18 SPCS","PAYLOAD C","2013-037C","EARTH","TEME","UTC","SGP4","2013-08-04T17:08:01.878431","14.66245421","0.00035230","98.0600","234.1054","330.1247","29.9894","0","U","39210","999","231","-0.00263710000000","-0.00014541","0.0000000000000","7051.221","98.210","675.570","670.602","PAYLOAD","LARGE","PRC","2013-07-19","TSC","","1526844","93494542","0 PAYLOAD C","1 39210U 13037C   13216.71391063 -.00014541  00000-0 -26371-2 0  9990","2 39210 098.0600 234.1054 0003523 330.1247 029.9894 14.66245421  2314"
"2.0","GENERATED VIA SPACE-TRACK.ORG API","2013-08-04T17:48:19","18 SPCS","PAYLOAD B","2013-037B","EARTH","TEME","UTC","SGP4","2013-08-04T18:48:04.893408","14.67212737","0.00035760","98.0561","234.1684","326.6855","33.4103","0","U","39209","999","231","0.00001411600000","0.00000032","0.0000000000000","7048.121","98.145","672.507","667.466","PAYLOAD","LARGE","PRC","2013-07-19","TSC","","1527034","93497342","0 PAYLOAD B","1 39209U 13037B   13216.78338997  .00000032  00000-0  14116-4 0  9996","2 39209 098.0561 234.1684 0003576 326.6855 033.4103 14.67212737  2318"
"2.0","GENERATED VIA SPACE-TRACK.ORG API","2013-08-04T17:48:19","18 SPCS","PAYLOAD A","2013-037A","EARTH","TEME","UTC","SGP4","2013-08-04T20:11:45.437568","14.68150320","0.00076770","98.0562","234.2502","327.5187","32.5560","0","U","39208","999","233","0.00004090400000","0.00000187","0.0000000000000","7045.120","98.082","672.394","661.577","PAYLOAD","LARGE","PRC","2013-07-19","TSC","","1527034","93497345","0 PAYLOAD A","1 39208U 13037A   13216.84149812  .00000187  00000-0  40904-4 0  9993","2 39208 098.0562 234.2502 0007677 327.5187 032.5560 14.68150320  2331"
"2.0","GENERATED VIA SPACE-TRACK.ORG API","2013-08-04T17:49:54","18 SPCS","PAYLOAD C","2013-037C","EARTH","TEME","UTC","SGP4","2013-08-04T20:24:33.929279","14.66188950","0.00040100","98.0586","234.2392","313.3002","46.7894","0","U","39210","999","233","-0.01653600000000","-0.00089797","0.0000000000000","7051.402","98.213","676.094","670.439","PAYLOAD","LARGE","PRC","2013-07-19","TSC","","1527036","93497397","0 PAYLOAD C","1 39210U 13037C   13216.85039270 -.00089797  00000-0 -16536-1 0  9990","2 39210 098.0586 234.2392 0004010 313.3002 046.7894 14.66188950  2339"
"2.0","GENERATED VIA SPACE-TRACK.ORG API","2013-08-04T17:41:40","18 SPCS","PAYLOAD A","2013-037A","EARTH","TEME","UTC","SGP4","2013-08-04T23:28:02.380511","14.68149923","0.00076860","98.0563","234.3852","327.7239","32.3486","0","U","39208","999","235","0.00000242060000","-0.00000035","0.0000000000000","7045.121","98.082","672.401","661.572","PAYLOAD","LARGE","PRC","2013-07-19","TSC","","1527027","93497189","0 PAYLOAD A","1 39208U 13037A   13216.97780533 -.00000035  00000-0  24206-5 0  9999","2 39208 098.0563 234.3852 0007686 327.7239 032.3486 14.68149923  2355"
"2.0","GENERATED VIA SPACE-TRACK.ORG API","2013-08-05T01:51:58","18 SPCS","PAYLOAD C","2013-037C","EARTH","TEME","UTC","SGP4","2013-08-05T01:19:21.866879","14.66269948","0.00033650","98.0588","234.4405","329.8742","30.2316","0","U","39210","999","236","0.00193570000000","0.00010638","0.0000000000000","7051.142","98.208","675.380","670.634","PAYLOAD","LARGE","PRC","2013-07-19","TSC","","1527209","93500265","0 PAYLOAD C","1 39210U 13037C   13217.05511420  .00010638  00000-0  19357-2 0  9996","2 39210 098.0588 234.4405 0003365 329.8742 030.2316 14.66269948  2360"
"2.0","GENERATED VIA SPACE-TRACK.ORG API","2013-08-05T01:51:39","18 SPCS","PAYLOAD B","2013-037B","EARTH","TEME","UTC","SGP4","2013-08-05T01:20:53.890655","14.67213792","0.00035580","98.0557","234.4365","325.1154","34.9846","0","U","39209","999","235","0.00005308700000","0.00000251","0.0000000000000","7048.118","98.145","672.491","667.475","PAYLOAD","LARGE","PRC","2013-07-19","TSC","","1527208","93500233","0 PAYLOAD B","1 39209U 13037B   13217.05617929  .00000251  00000-0  53087-4 0  9995","2 39209 098.0557 234.4365 0003558 325.1154 034.9846 14.67213792  2354"
"2.0","GENERATED VIA SPACE-TRACK.ORG API","2013-08-04T21:21:58","18 SPCS","PAYLOAD A","2013-037A","EARTH","TEME","UTC","SGP4","2013-08-05T02:44:19.366656","14.68151436","0.00074080","98.0563","234.5185","327.0519","33.0277","0","U","39208","999","237","0.00007760500000","0.00000398","0.0000000000000","7045.117","98.082","672.201","661.763","PAYLOAD","LARGE","PRC","2013-07-19","TSC","","1527091","93497665","0 PAYLOAD A","1 39208U 13037A   13217.11411304  .00000398  00000-0  77605-4 0  9994","2 39208 098.0563 234.5185 0007408 327.0519 033.0277 14.68151436  2372"
"2.0","GENERATED VIA SPACE-TRACK.ORG API","2013-08-05T09:31:30","18 SPCS","PAYLOAD A","2013-037A","EARTH","TEME","UTC","SGP4","2013-08-05T09:16:53.192063","14.68152140","0.00076530","98.0561","234.7868","325.5236","34.5474","0","U","39208","999","241","0.00010841000000","0.00000575","0.0000000000000","7045.114","98.082","672.371","661.588","PAYLOAD","LARGE","PRC","2013-07-19","TSC","","1527327","93502778","0 PAYLOAD A","1 39208U 13037A   13217.38672676  .00000575  00000-0  10841-3 0  9999","2 39208 098.0561 234.7868 0007653 325.5236 034.5474 14.68152140  2414"
"2.0","GENERATED VIA SPACE-TRACK.ORG API","2013-08-05T09:33:11","18 SPCS","PAYLOAD C","2013-037C","EARTH","TEME","UTC","SGP4","2013-08-05T09:30:42.049727","14.66268878","0.00033710","98.0588","234.7754","326.9646","33.1343","0","U","39210","999","241","0.00110080000000","0.00006025","0.0000000000000","7051.146","98.208","675.387","670.634","PAYLOAD","LARGE","PRC","2013-07-19","TSC","","1527330","93502813","0 PAYLOAD C","1 39210U 13037C   13217.39632002  .00006025  00000-0  11008-2 0  9993","2 39210 098.0588 234.7754 0003371 326.9646 033.1343 14.66268878  2417"
"2.0","GENERATED VIA SPACE-TRACK.ORG API","2013-08-05T09:31:30","18 SPCS","PAYLOAD B","2013-037B","EARTH","TEME","UTC","SGP4","2013-08-05T09:31:55.027487","14.67215076","0.00035610","98.0561","234.7718","324.8654","35.2319","0","U","39209","999","240","0.00010940000000","0.00000568","0.0000000000000","7048.114","98.145","672.489","667.469","PAYLOAD","LARGE","PRC","2013-07-19","TSC","","1527327","93502777","0 PAYLOAD B","1 39209U 13037B   13217.39716467  .00000568  00000-0  10940-3 0  9990","2 39209 098.0561 234.7718 0003561 324.8654 035.2319 14.67215076  2401"
"2.0","GENERATED VIA SPACE-TRACK.ORG API","2013-08-05T17:25:46","18 SPCS","PAYLOAD A","2013-037A","EARTH","TEME","UTC","SGP4","2013-08-05T17:27:35.692416","14.68149555","0.00076140","98.0559","235.1227","324.4348","35.6338","0","U","39208","999","246","-0.00002898000000","-0.00000215","0.0000000000000","7045.123","98.082","672.352","661.623","PAYLOAD","LARGE","PRC","2013-07-19","TSC","","1527500","93505421","0 PAYLOAD A","1 39208U 13037A   13217.72749644 -.00000215  00000-0 -28980-4 0  9994","2 39208 098.0559 235.1227 0007614 324.4348 035.6338 14.68149555  2466"
"2.0","GENERATED VIA SPACE-TRACK.ORG API","2013-08-05T17:27:25","18 SPCS","PAYLOAD C","2013-037C","EARTH","TEME","UTC","SGP4","2013-08-05T17:42:02.487455","14.66260790","0.00034070","98.0581","235.1099","324.5009","35.5915","0","U","39210","999","246","0.00015341000000","0.00000798","0.0000000000000","7051.171","98.208","675.439","670.634","PAYLOAD","LARGE","PRC","2013-07-19","TSC","","1527502","93505488","0 PAYLOAD C","1 39210U 13037C   13217.73752879  .00000798  00000-0  15341-3 0  9992","2 39210 098.0581 235.1099 0003407 324.5009 035.5915 14.66260790  2465"
"2.0","GENERATED VIA SPACE-TRACK.ORG API","2013-08-05T17:25:46","18 SPCS","PAYLOAD B","2013-037B","EARTH","TEME","UTC","SGP4","2013-08-05T17:42:56.223936","14.67214013","0.00035600","98.0559","235.1075","323.2043","36.8884","0","U","39209","999","245","0.00004797200000","0.00000222","0.0000000000000","7048.117","98.145","672.491","667.473","PAYLOAD","LARGE","PRC","2013-07-19","TSC","","1527500","93505420","0 PAYLOAD B","1 39209U 13037B   13217.73815074  .00000222  00000-0  47972-4 0  9995","2 39209 098.0559 235.1075 0003560 323.2043 036.8884 14.67214013  2452"
"2.0","GENERATED VIA SPACE-TRACK.ORG API","2013-08-05T16:58:05","18 SPCS","PAYLOAD A","2013-037A","EARTH","TEME","UTC","SGP4","2013-08-05T22:22:01.172927","14.68174663","0.00075670","98.0566","235.3250","327.4643","32.6147","0","U","39208","999","249","0.00597020000000","0.00034483","0.0000000000000","7045.042","98.080","672.238","661.576","PAYLOAD","LARGE","PRC","2013-07-19","TSC","","1527466","93504658","0 PAYLOAD A","1 39208U 13037A   13217.93195802  .00034483  00000-0  59702-2 0  9994","2 39208 098.0566 235.3250 0007567 327.4643 032.6147 14.68174663  2496"
"2.0","GENERATED VIA SPACE-TRACK.ORG API","2013-08-06T01:48:56","18 SPCS","PAYLOAD C","2013-037C","EARTH","TEME","UTC","SGP4","2013-08-06T01:53:22.854336","14.66264028","0.00034340","98.0576","235.4450","323.5448","36.5545","0","U","39210","999","251","0.00032758000000","0.00001758","0.0000000000000","7051.161","98.208","675.447","670.605","PAYLOAD","LARGE","PRC","2013-07-19","TSC","","1527685","93508182","0 PAYLOAD C","1 39210U 13037C   13218.07873674  .00001758  00000-0  32758-3 0  9995","2 39210 098.0576 235.4450 0003434 323.5448 036.5545 14.66264028  2513"
"2.0","GENERATED VIA SPACE-TRACK.ORG API","2013-08-06T01:48:53","18 SPCS","PAYLOAD B","2013-037B","EARTH","TEME","UTC","SGP4","2013-08-06T01:53:57.455808","14.67215276","0.00035750","98.0557","235.4429","321.4829","38.6149","0","U","39209","999","250","0.00008915000000","0.00000454","0.0000000000000","7048.113","98.145","672.498","667.458","PAYLOAD","LARGE","PRC","2013-07-19","TSC","","1527684","93508143","0 PAYLOAD B","1 39209U 13037B   13218.07913722  .00000454  00000-0  89150-4 0  9993","2 39209 098.0557 235.4429 0003575 321.4829 038.6149 14.67215276  2506"
"2.0","GENERATED VIA SPACE-TRACK.ORG API","2013-08-06T01:48:53","18 SPCS","PAYLOAD A","2013-037A","EARTH","TEME","UTC","SGP4","2013-08-06T04:54:34.955999","14.68152440","0.00076640","98.0559","235.5925","322.5815","37.4859","0","U","39208","999","253","0.00009880600000","0.00000520","0.0000000000000","7045.113","98.082","672.378","661.579","PAYLOAD","LARGE","PRC","2013-07-19","TSC","","1527684","93508146","0 PAYLOAD A","1 39208U 13037A   13218.20457125  .00000520  00000-0  98806-4 0  9999","2 39208 098.0559 235.5925 0007664 322.5815 037.4859 14.68152440  2531"
"2.0","GENERATED VIA SPACE-TRACK.ORG API","2013-08-06T09:31:05","18 SPCS","PAYLOAD C","2013-037C","EARTH","TEME","UTC","SGP4","2013-08-06T10:04:43.109759","14.66264770","0.00034300","98.0577","235.7799","322.5924","37.5042","0","U","39210","999","256","0.00030043000000","0.00001608","0.0000000000000","7051.159","98.208","675.442","670.605","PAYLOAD","LARGE","PRC","2013-07-19","TSC","","1527812","93510726","0 PAYLOAD C","1 39210U 13037C   13218.41994340  .00001608  00000-0  30043-3 0  9996","2 39210 098.0577 235.7799 0003430 322.5924 037.5042 14.66264770  2569"
"2.0","GENERATED VIA SPACE-TRACK.ORG API","2013-08-06T09:29:34","18 SPCS","PAYLOAD B","2013-037B","EARTH","TEME","UTC","SGP4","2013-08-06T10:04:58.574495","14.67216387","0.00035930","98.0561","235.7785","320.9906","39.1043","0","U","39209","999","255","0.00012904000000","0.00000679","0.0000000000000","7048.109","98.145","672.507","667.442","PAYLOAD","LARGE","PRC","2013-07-19","TSC","","1527811","93510699","0 PAYLOAD B","1 39209U 13037B   13218.42012239  .00000679  00000-0  12904-3 0  9996","2 39209 098.0561 235.7785 0003593 320.9906 039.1043 14.67216387  2557"
"2.0","GENERATED VIA SPACE-TRACK.ORG API","2013-08-06T09:29:34","18 SPCS","PAYLOAD A","2013-037A","EARTH","TEME","UTC","SGP4","2013-08-06T13:05:17.313792","14.68153242","0.00076180","98.0561","235.9284","321.4669","38.5993","0","U","39208","999","258","0.00012205000000","0.00000654","0.0000000000000","7045.111","98.082","672.343","661.609","PAYLOAD","LARGE","PRC","2013-07-19","TSC","","1527811","93510700","0 PAYLOAD A","1 39208U 13037A   13218.54533928  .00000654  00000-0  12205-3 0  9998","2 39208 098.0561 235.9284 0007618 321.4669 038.5993 14.68153242  2587"
"2.0","GENERATED VIA SPACE-TRACK.ORG API","2013-08-06T17:10:56","18 SPCS","PAYLOAD B","2013-037B","EARTH","TEME","UTC","SGP4","2013-08-06T18:15:59.742431","14.67215396","0.00035550","98.0559","236.1136","318.7665","41.3231","0","U","39209","999","260","0.00007605900000","0.00000380","0.0000000000000","7048.113","98.145","672.483","667.472","PAYLOAD","LARGE","PRC","2013-07-19","TSC","","1527905","93512534","0 PAYLOAD B","1 39209U 13037B   13218.76110813  .00000380  00000-0  76059-4 0  9991","2 39209 098.0559 236.1136 0003555 318.7665 041.3231 14.67215396  2603"
"2.0","GENERATED VIA SPACE-TRACK.ORG API","2013-08-06T17:10:56","18 SPCS","PAYLOAD C","2013-037C","EARTH","TEME","UTC","SGP4","2013-08-06T18:16:03.470592","14.66261677","0.00034050","98.0576","236.1149","320.2390","39.8521","0","U","39210","999","261","0.00008159200000","0.00000402","0.0000000000000","7051.169","98.208","675.435","670.633","PAYLOAD","LARGE","PRC","2013-07-19","TSC","","1527905","93512562","0 PAYLOAD C","1 39210U 13037C   13218.76115128  .00000402  00000-0  81592-4 0  9990","2 39210 098.0576 236.1149 0003405 320.2390 039.8521 14.66261677  2612"
"2.0","GENERATED VIA SPACE-TRACK.ORG API","2013-08-06T17:10:56","18 SPCS","PAYLOAD A","2013-037A","EARTH","TEME","UTC","SGP4","2013-08-06T21:15:59.730335","14.68152373","0.00075770","98.0560","236.2636","320.3810","39.6834","0","U","39208","999","263","0.00006352400000","0.00000317","0.0000000000000","7045.114","98.082","672.317","661.641","PAYLOAD","LARGE","PRC","2013-07-19","TSC","","1527905","93512535","0 PAYLOAD A","1 39208U 13037A   13218.88610799  .00000317  00000-0  63524-4 0  9994","2 39208 098.0560 236.2636 0007577 320.3810 039.6834 14.68152373  2637"
"2.0","GENERATED VIA SPACE-TRACK.ORG API","2013-08-06T18:59:18","18 SPCS","PAYLOAD C","2013-037C","EARTH","TEME","UTC","SGP4","2013-08-07T00:49:07.782240","14.66262457","0.00033810","98.0578","236.3829","319.4725","40.6230","0","U","39210","999","265","0.00010647000000","0.00000539","0.0000000000000","7051.166","98.208","675.415","670.647","PAYLOAD","LARGE","PRC","2013-07-19","TSC","","1527914","93512693","0 PAYLOAD C","1 39210U 13037C   13219.03411785  .00000539  00000-0  10647-3 0  9992","2 39210 098.0578 236.3829 0003381 319.4725 040.6230 14.66262457  2654"
"2.0","GENERATED VIA SPACE-TRACK.ORG API","2013-08-07T01:51:01","18 SPCS","PAYLOAD B","2013-037B","EARTH","TEME","UTC","SGP4","2013-08-07T02:27:00.996768","14.67215070","0.00035610","98.0558","236.4489","317.7238","42.3697","0","U","39209","999","265","0.00003796000000","0.00000166","0.0000000000000","7048.114","98.145","672.489","667.469","PAYLOAD","LARGE","PRC","2013-07-19","TSC","","1528106","93516084","0 PAYLOAD B","1 39209U 13037B   13219.10209487  .00000166  00000-0  37960-4 0  9996","2 39209 098.0558 236.4489 0003561 317.7238 042.3697 14.67215070  2659"
"2.0","GENERATED VIA SPACE-TRACK.ORG API","2013-08-07T01:52:07","18 SPCS","PAYLOAD C","2013-037C","EARTH","TEME","UTC","SGP4","2013-08-07T04:05:39.900479","14.66262741","0.00034220","98.0575","236.5168","318.8579","41.2371","0","U","39210","999","267","0.00011311000000","0.00000576","0.0000000000000","7051.165","98.208","675.443","670.617","PAYLOAD","LARGE","PRC","2013-07-19","TSC","","1528108","93516124","0 PAYLOAD C","1 39210U 13037C   13219.17060070  .00000576  00000-0  11311-3 0  9994","2 39210 098.0575 236.5168 0003422 318.8579 041.2371 14.66262741  2676"
"2.0","GENERATED VIA SPACE-TRACK.ORG API","2013-08-07T01:51:24","18 SPCS","PAYLOAD A","2013-037A","EARTH","TEME","UTC","SGP4","2013-08-07T05:26:42.006912","14.68154907","0.00075330","98.0560","236.5995","319.3929","40.6701","0","U","39208","999","268","0.00017692000000","0.00000969","0.0000000000000","7045.105","98.082","672.278","661.663","PAYLOAD","LARGE","PRC","2013-07-19","TSC","","1528107","93516085","0 PAYLOAD A","1 39208U 13037A   13219.22687508  .00000969  00000-0  17692-3 0  9992","2 39208 098.0560 236.5995 0007533 319.3929 040.6701 14.68154907  2684"
"2.0","GENERATED VIA SPACE-TRACK.ORG API","2013-08-07T09:51:31","18 SPCS","PAYLOAD B","2013-037B","EARTH","TEME","UTC","SGP4","2013-08-07T12:16:14.402783","14.67215092","0.00035840","98.0559","236.8514","316.1705","43.9211","0","U","39209","999","271","0.00002855500000","0.00000113","0.0000000000000","7048.114","98.145","672.505","667.453","PAYLOAD","LARGE","PRC","2013-07-19","TSC","","1528305","93520143","0 PAYLOAD B","1 39209U 13037B   13219.51127781  .00000113  00000-0  28555-4 0  9999","2 39209 098.0559 236.8514 0003584 316.1705 043.9211 14.67215092  2710"
"2.0","GENERATED VIA SPACE-TRACK.ORG API","2013-08-07T09:51:49","18 SPCS","PAYLOAD C","2013-037C","EARTH","TEME","UTC","SGP4","2013-08-07T12:17:00.207743","14.66262437","0.00034650","98.0577","236.8519","317.6996","42.3925","0","U","39210","999","272","0.00008229500000","0.00000406","0.0000000000000","7051.166","98.208","675.474","670.588","PAYLOAD","LARGE","PRC","2013-07-19","TSC","","1528306","93520186","0 PAYLOAD C","1 39210U 13037C   13219.51180796  .00000406  00000-0  82295-4 0  9992","2 39210 098.0577 236.8519 0003465 317.6996 042.3925 14.66262437  2723"
"2.0","GENERATED VIA SPACE-TRACK.ORG API","2013-08-07T09:51:31","18 SPCS","PAYLOAD A","2013-037A","EARTH","TEME","UTC","SGP4","2013-08-07T13:37:24.356064","14.68152565","0.00075180","98.0561","236.9350","318.2354","41.8198","0","U","39208","999","273","0.00003258200000","0.00000139","0.0000000000000","7045.113","98.082","672.275","661.681","PAYLOAD","LARGE","PRC","2013-07-19","TSC","","1528305","93520146","0 PAYLOAD A","1 39208U 13037A   13219.56764301  .00000139  00000-0  32582-4 0  9991","2 39208 098.0561 236.9350 0007518 318.2354 041.8198 14.68152565  2734"
"2.0","GENERATED VIA SPACE-TRACK.ORG API","2013-08-07T14:47:06","18 SPCS","PAYLOAD B","2013-037B","EARTH","TEME","UTC","SGP4","2013-08-07T18:49:03.440639","14.67214117","0.00034820","98.0559","237.1193","315.1434","44.9490","0","U","39209","999","275","-0.00000311420000","-0.00000065","0.0000000000000","7048.117","98.145","672.436","667.528","PAYLOAD","LARGE","PRC","2013-07-19","TSC","","1528365","93520455","0 PAYLOAD B","1 39209U 13037B   13219.78406760 -.00000065  00000-0 -31142-5 0  9990","2 39209 098.0559 237.1193 0003482 315.1434 044.9490 14.67214117  2753"
"2.0","GENERATED VIA SPACE-TRACK.ORG API","2013-08-07T14:43:06","18 SPCS","PAYLOAD C","2013-037C","EARTH","TEME","UTC","SGP4","2013-08-07T18:50:04.556543","14.66260943","0.00032900","98.0578","237.1199","316.0751","44.0183","0","U","39210","999","276","0.00001195800000","0.00000018","0.0000000000000","7051.171","98.208","675.356","670.716","PAYLOAD","LARGE","PRC","2013-07-19","TSC","","1528363","93520453","0 PAYLOAD C","1 39210U 13037C   13219.78477496  .00000018  00000-0  11958-4 0  9994","2 39210 098.0578 237.1199 0003290 316.0751 044.0183 14.66260943  2769"
"2.0","GENERATED VIA SPACE-TRACK.ORG API","2013-08-07T14:47:59","18 SPCS","PAYLOAD A","2013-037A","EARTH","TEME","UTC","SGP4","2013-08-07T20:09:58.464864","14.68150941","0.00075120","98.0558","237.2035","317.2383","42.8237","0","U","39208","999","277","-0.00004596300000","-0.00000313","0.0000000000000","7045.118","98.082","672.275","661.691","PAYLOAD","LARGE","PRC","2013-07-19","TSC","","1528366","93520456","0 PAYLOAD A","1 39208U 13037A   13219.84026001 -.00000313  00000-0 -45963-4 0  9993","2 39208 098.0558 237.2035 0007512 317.2383 042.8237 14.68150941  2774"
"2.0","GENERATED VIA SPACE-TRACK.ORG API","2013-08-08T02:03:22","18 SPCS","PAYLOAD A","2013-037A","EARTH","TEME","UTC","SGP4","2013-08-08T02:42:32.292864","14.68152744","0.00075400","98.0555","237.4720","315.6388","44.4227","0","U","39208","999","281","0.00003109900000","0.00000130","0.0000000000000","7045.112","98.082","672.289","661.665","PAYLOAD","LARGE","PRC","2013-07-19","TSC","","1528623","93525288","0 PAYLOAD A","1 39208U 13037A   13220.11287376  .00000130  00000-0  31099-4 0  9999","2 39208 098.0555 237.4720 0007540 315.6388 044.4227 14.68152744  2817"
"2.0","GENERATED VIA SPACE-TRACK.ORG API","2013-08-08T02:03:06","18 SPCS","PAYLOAD B","2013-037B","EARTH","TEME","UTC","SGP4","2013-08-08T03:00:04.608575","14.67215247","0.00034830","98.0555","237.4545","313.3692","46.7244","0","U","39209","999","280","0.00003771800000","0.00000165","0.0000000000000","7048.113","98.145","672.433","667.523","PAYLOAD","LARGE","PRC","2013-07-19","TSC","","1528622","93525287","0 PAYLOAD B","1 39209U 13037B   13220.12505334  .00000165  00000-0  37718-4 0  9990","2 39209 098.0555 237.4545 0003483 313.3692 046.7244 14.67215247  2808"
"2.0","GENERATED VIA SPACE-TRACK.ORG API","2013-08-08T02:04:17","18 SPCS","PAYLOAD C","2013-037C","EARTH","TEME","UTC","SGP4","2013-08-08T03:01:24.887136","14.66261345","0.00033220","98.0571","237.4550","314.1367","45.9570","0","U","39210","999","281","0.00001961900000","0.00000061","0.0000000000000","7051.170","98.208","675.377","670.692","PAYLOAD","LARGE","PRC","2013-07-19","TSC","","1528624","93525335","0 PAYLOAD C","1 39210U 13037C   13220.12598249  .00000061  00000-0  19619-4 0  9994","2 39210 098.0571 237.4550 0003322 314.1367 045.9570 14.66261345  2817"
"2.0","GENERATED VIA SPACE-TRACK.ORG API","2013-08-08T05:52:07","18 SPCS","PAYLOAD B","2013-037B","EARTH","TEME","UTC","SGP4","2013-08-08T06:16:29.046719","14.67215448","0.00034990","98.0555","237.5886","313.1654","46.9259","0","U","39209","999","282","0.00004444900000","0.00000202","0.0000000000000","7048.112","98.145","672.444","667.511","PAYLOAD","LARGE","PRC","2013-07-19","TSC","","1528663","93526266","0 PAYLOAD B","1 39209U 13037B   13220.26144730  .00000202  00000-0  44449-4 0  9995","2 39209 098.0555 237.5886 0003499 313.1654 046.9259 14.67215448  2823"
"2.0","GENERATED VIA SPACE-TRACK.ORG API","2013-08-08T05:52:07","18 SPCS","PAYLOAD A","2013-037A","EARTH","TEME","UTC","SGP4","2013-08-08T07:36:57.693888","14.68153283","0.00075710","98.0557","237.6734","315.0598","45.0006","0","U","39208","999","284","0.00005291600000","0.00000256","0.0000000000000","7045.111","98.082","672.310","661.642","PAYLOAD","LARGE","PRC","2013-07-19","TSC","","1528663","93526267","0 PAYLOAD A","1 39208U 13037A   13220.31733442  .00000256  00000-0  52916-4 0  9991","2 39208 098.0557 237.6734 0007571 315.0598 045.0006 14.68153283  2841"
"2.0","GENERATED VIA SPACE-TRACK.ORG API","2013-08-08T05:52:32","18 SPCS","PAYLOAD C","2013-037C","EARTH","TEME","UTC","SGP4","2013-08-08T07:56:13.077024","14.66261301","0.00033270","98.0571","237.6558","313.4523","46.6403","0","U","39210","999","284","0.00001420900000","0.00000031","0.0000000000000","7051.170","98.208","675.381","670.689","PAYLOAD","LARGE","PRC","2013-07-19","TSC","","1528664","93526278","0 PAYLOAD C","1 39210U 13037C   13220.33070691  .00000031  00000-0  14209-4 0  9990","2 39210 098.0571 237.6558 0003327 313.4523 046.6403 14.66261301  2846"
"2.0","GENERATED VIA SPACE-TRACK.ORG API","2013-08-08T18:11:33","18 SPCS","PAYLOAD A","2013-037A","EARTH","TEME","UTC","SGP4","2013-08-08T19:03:56.992031","14.68153458","0.00075330","98.0561","238.1434","313.4167","46.6404","0","U","39208","999","291","0.00005805100000","0.00000285","0.0000000000000","7045.110","98.082","672.282","661.668","PAYLOAD","LARGE","PRC","2013-07-19","TSC","","1529017","93531474","0 PAYLOAD A","1 39208U 13037A   13220.79440963  .00000285  00000-0  58051-4 0  9994","2 39208 098.0561 238.1434 0007533 313.4167 046.6404 14.68153458  2912"
"2.0","GENERATED VIA SPACE-TRACK.ORG API","2013-08-08T18:10:00","18 SPCS","PAYLOAD B","2013-037B","EARTH","TEME","UTC","SGP4","2013-08-08T19:22:06.918527","14.67215822","0.00034920","98.0553","238.1250","310.8956","49.1940","0","U","39209","999","290","0.00005144000000","0.00000242","0.0000000000000","7048.111","98.145","672.438","667.515","PAYLOAD","LARGE","PRC","2013-07-19","TSC","","1529016","93531471","0 PAYLOAD B","1 39209U 13037B   13220.80702452  .00000242  00000-0  51440-4 0  9999","2 39209 098.0553 238.1250 0003492 310.8956 049.1940 14.67215822  2902"
"2.0","GENERATED VIA SPACE-TRACK.ORG API","2013-08-08T18:13:15","18 SPCS","PAYLOAD C","2013-037C","EARTH","TEME","UTC","SGP4","2013-08-08T19:24:05.560415","14.66260744","0.00033520","98.0566","238.1245","311.4720","48.6190","0","U","39210","999","291","-0.00001535700000","-0.00000132","0.0000000000000","7051.172","98.208","675.400","670.673","PAYLOAD","LARGE","PRC","2013-07-19","TSC","","1529019","93531527","0 PAYLOAD C","1 39210U 13037C   13220.80839769 -.00000132  00000-0 -15357-4 0  9990","2 39210 098.0566 238.1245 0003352 311.4720 048.6190 14.66260744  2917"
"2.0","GENERATED VIA SPACE-TRACK.ORG API","2013-08-08T21:46:21","18 SPCS","PAYLOAD C","2013-037C","EARTH","TEME","UTC","SGP4","2013-08-09T01:56:29.233823","14.72802918","0.00007480","98.0570","238.3957","16.4050","343.3820","0","U","39210","999","295","-0.01252400000000","-0.00079153","0.0000000000000","7030.275","97.772","652.666","651.614","PAYLOAD","LARGE","PRC","2013-07-19","TSC","","1529047","93531792","0 PAYLOAD C","1 39210U 13037C   13221.08089391 -.00079153  00000-0 -12524-1 0  9998","2 39210 098.0570 238.3957 0000748 016.4050 343.3820 14.72802918  2959"
"2.0","GENERATED VIA SPACE-TRACK.ORG API","2013-08-08T21:02:32","18 SPCS","PAYLOAD C","2013-037C","EARTH","TEME","UTC","SGP4","2013-08-09T02:21:27.280224","14.73571677","0.00179140","98.0121","238.3871","231.7024","220.1800","0","U","39210","999","295","0.00001161300000","0.00000025","0.0000000000000","7027.830","97.721","662.285","637.105","PAYLOAD","LARGE","PRC","2013-07-19","TSC","","1529036","93531781","0 PAYLOAD C","1 39210U 13037C   13221.09823241  .00000025  00000-0  11613-4 0  9990","2 39210 098.0121 238.3871 0017914 231.7024 220.1800 14.73571677  2958"
"2.0","GENERATED VIA SPACE-TRACK.ORG API","2013-08-09T01:45:07","18 SPCS","PAYLOAD A","2013-037A","EARTH","TEME","UTC","SGP4","2013-08-09T03:14:39.333408","14.68154397","0.00075430","98.0560","238.4789","311.9500","48.1072","0","U","39208","999","296","0.00008679000000","0.00000451","0.0000000000000","7045.107","98.082","672.286","661.658","PAYLOAD","LARGE","PRC","2013-07-19","TSC","","1529184","93534430","0 PAYLOAD A","1 39208U 13037A   13221.13517747  .00000451  00000-0  86790-4 0  9994","2 39208 098.0560 238.4789 0007543 311.9500 048.1072 14.68154397  2968"
"2.0","GENERATED VIA SPACE-TRACK.ORG API","2013-08-09T01:45:07","18 SPCS","PAYLOAD B","2013-037B","EARTH","TEME","UTC","SGP4","2013-08-09T03:33:08.068320","14.67216659","0.00034860","98.0552","238.4602","309.0967","50.9944","0","U","39209","999","295","0.00006960700000","0.00000344","0.0000000000000","7048.109","98.145","672.431","667.517","PAYLOAD","LARGE","PRC","2013-07-19","TSC","","1529184","93534429","0 PAYLOAD B","1 39209U 13037B   13221.14801005  .00000344  00000-0  69607-4 0  9998","2 39209 098.0552 238.4602 0003486 309.0967 050.9944 14.67216659  2958"
"2.0","GENERATED VIA SPACE-TRACK.ORG API","2013-08-09T02:12:03","18 SPCS","PAYLOAD C","2013-037C","EARTH","TEME","UTC","SGP4","2013-08-09T06:50:03.763391","14.72864254","0.00010390","98.0569","238.5980","318.6023","41.5058","0","U","39210","999","298","0.01340100000000","0.00086851","0.0000000000000","7030.080","97.768","652.676","651.215","PAYLOAD","LARGE","PRC","2013-07-19","TSC","","1529194","93534670","0 PAYLOAD C","1 39210U 13037C   13221.28476578  .00086851  00000-0  13401-1 0  9993","2 39210 098.0569 238.5980 0001039 318.6023 041.5058 14.72864254  2980"
"2.0","GENERATED VIA SPACE-TRACK.ORG API","2013-08-09T09:40:28","18 SPCS","PAYLOAD B","2013-037B","EARTH","TEME","UTC","SGP4","2013-08-09T10:05:56.965343","14.67216852","0.00034840","98.0554","238.7284","308.0733","52.0158","0","U","39209","999","299","0.00006866000000","0.00000339","0.0000000000000","7048.108","98.145","672.429","667.517","PAYLOAD","LARGE","PRC","2013-07-19","TSC","","1529315","93537280","0 PAYLOAD B","1 39209U 13037B   13221.42079821  .00000339  00000-0  68660-4 0  9994","2 39209 098.0554 238.7284 0003484 308.0733 052.0158 14.67216852  2996"
"2.0","GENERATED VIA SPACE-TRACK.ORG API","2013-08-09T05:21:13","18 SPCS","PAYLOAD C","2013-037C","EARTH","TEME","UTC","SGP4","2013-08-09T10:39:00.335232","14.68674221","0.00231160","98.0811","238.6908","357.3222","123.6429","0","U","39210","999","300","0.01340100000000","0.00079141","0.0000000000000","7043.445","98.047","681.591","649.028","PAYLOAD","LARGE","PRC","2013-07-19","TSC","","1529196","93534672","0 PAYLOAD C","1 39210U 13037C   13221.44375388  .00079141  00000-0  13401-1 0  9992","2 39210 098.0811 238.6908 0023116 357.3222 123.6429 14.68674221  3008"
"2.0","GENERATED VIA SPACE-TRACK.ORG API","2013-08-09T09:40:28","18 SPCS","PAYLOAD A","2013-037A","EARTH","TEME","UTC","SGP4","2013-08-09T11:25:21.657503","14.68154691","0.00075350","98.0563","238.8144","310.8386","49.2165","0","U","39208","999","301","0.00008404600000","0.00000435","0.0000000000000","7045.106","98.082","672.280","661.663","PAYLOAD","LARGE","PRC","2013-07-19","TSC","","1529315","93537282","0 PAYLOAD A","1 39208U 13037A   13221.47594511  .00000435  00000-0  84046-4 0  9999","2 39208 098.0563 238.8144 0007535 310.8386 049.2165 14.68154691  3010"
"2.0","GENERATED VIA SPACE-TRACK.ORG API","2013-08-09T08:03:53","18 SPCS","PAYLOAD C","2013-037C","EARTH","TEME","UTC","SGP4","2013-08-09T13:49:17.262335","14.67006593","0.00100210","98.0472","238.8792","247.8896","210.9083","0","U","39210","999","302","0.01340100000000","0.00075948","0.0000000000000","7048.781","98.159","677.710","663.583","PAYLOAD","LARGE","PRC","2013-07-19","TSC","","1529204","93534717","0 PAYLOAD C","1 39210U 13037C   13221.57589424  .00075948  00000-0  13401-1 0  9995","2 39210 098.0472 238.8792 0010021 247.8896 210.9083 14.67006593  3023"
"2.0","GENERATED VIA SPACE-TRACK.ORG API","2013-08-09T13:42:24","18 SPCS","PAYLOAD C","2013-037C","EARTH","TEME","UTC","SGP4","2013-08-09T18:16:59.291039","14.67233094","0.00029850","98.0552","239.0651","309.2089","50.8663","0","U","39210","999","305","0.01340100000000","0.00076295","0.0000000000000","7048.056","98.143","672.025","667.817","PAYLOAD","LARGE","PRC","2013-07-19","TSC","","1529342","93537514","0 PAYLOAD C","1 39210U 13037C   13221.76179735  .00076295  00000-0  13401-1 0  9992","2 39210 098.0552 239.0651 0002985 309.2089 050.8663 14.67233094  3052"
"2.0","GENERATED VIA SPACE-TRACK.ORG API","2013-08-09T17:18:42","18 SPCS","PAYLOAD A","2013-037A","EARTH","TEME","UTC","SGP4","2013-08-09T19:36:04.051584","14.68153623","0.00074840","98.0559","239.1500","309.3410","50.7118","0","U","39208","999","306","0.00003585600000","0.00000158","0.0000000000000","7045.110","98.082","672.247","661.702","PAYLOAD","LARGE","PRC","2013-07-19","TSC","","1529447","93539626","0 PAYLOAD A","1 39208U 13037A   13221.81671356  .00000158  00000-0  35856-4 0  9997","2 39208 098.0559 239.1500 0007484 309.3410 050.7118 14.68153623  3063"
"2.0","GENERATED VIA SPACE-TRACK.ORG API","2013-08-09T17:18:42","18 SPCS","PAYLOAD B","2013-037B","EARTH","TEME","UTC","SGP4","2013-08-09T19:55:10.414560","14.67215906","0.00033730","98.0551","239.1311","306.0264","54.0618","0","U","39209","999","305","0.00003118300000","0.00000128","0.0000000000000","7048.111","98.145","672.353","667.599","PAYLOAD","LARGE","PRC","2013-07-19","TSC","","1529447","93539624","0 PAYLOAD B","1 39209U 13037B   13221.82998165  .00000128  00000-0  31183-4 0  9995","2 39209 098.0551 239.1311 0003373 306.0264 054.0618 14.67215906  3053"
"2.0","GENERATED VIA SPACE-TRACK.ORG API","2013-08-09T14:55:33","18 SPCS","PAYLOAD C","2013-037C","EARTH","TEME","UTC","SGP4","2013-08-09T19:55:11.741663","14.67239322","0.00029480","98.0554","239.1333","307.7282","52.3627","0","U","39210","999","306","0.01340100000000","0.00076306","0.0000000000000","7048.036","98.143","671.979","667.823","PAYLOAD","LARGE","PRC","2013-07-19","TSC","","1529344","93537516","0 PAYLOAD C","1 39210U 13037C   13221.82999701  .00076306  00000-0  13401-1 0  9995","2 39210 098.0554 239.1333 0002948 307.7282 052.3627 14.67239322  3067"
"2.0","GENERATED VIA SPACE-TRACK.ORG API","2013-08-09T17:19:51","18 SPCS","PAYLOAD C","2013-037C","EARTH","TEME","UTC","SGP4","2013-08-09T21:33:23.907168","14.67249042","0.00029040","98.0555","239.1984","306.4957","53.5974","0","U","39210","999","307","0.01340100000000","0.00076323","0.0000000000000","7048.005","98.142","671.917","667.823","PAYLOAD","LARGE","PRC","2013-07-19","TSC","","1529448","93539652","0 PAYLOAD C","1 39210U 13037C   13221.89819337  .00076323  00000-0  13401-1 0  9997","2 39210 098.0555 239.1984 0002904 306.4957 053.5974 14.67249042  3076"
"2.0","GENERATED VIA SPACE-TRACK.ORG API","2013-08-10T01:48:24","18 SPCS","PAYLOAD A","2013-037A","EARTH","TEME","UTC","SGP4","2013-08-10T02:08:37.922783","14.68154862","0.00074970","98.0556","239.4186","308.3988","51.6565","0","U","39208","999","310","0.00007496800000","0.00000383","0.0000000000000","7045.106","98.082","672.252","661.689","PAYLOAD","LARGE","PRC","2013-07-19","TSC","","1529597","93542395","0 PAYLOAD A","1 39208U 13037A   13222.08932781  .00000383  00000-0  74968-4 0  9996","2 39208 098.0556 239.4186 0007497 308.3988 051.6565 14.68154862  3103"
"2.0","GENERATED VIA SPACE-TRACK.ORG API","2013-08-10T01:48:24","18 SPCS","PAYLOAD B","2013-037B","EARTH","TEME","UTC","SGP4","2013-08-10T02:27:59.353920","14.67216656","0.00034080","98.0548","239.3989","304.6841","55.4066","0","U","39209","999","309","0.00005045700000","0.00000236","0.0000000000000","7048.109","98.145","672.376","667.572","PAYLOAD","LARGE","PRC","2013-07-19","TSC","","1529597","93542393","0 PAYLOAD B","1 39209U 13037B   13222.10277030  .00000236  00000-0  50457-4 0  9993","2 39209 098.0548 239.3989 0003408 304.6841 055.4066 14.67216656  3095"
"2.0","GENERATED VIA SPACE-TRACK.ORG API","2013-08-09T22:55:00","18 SPCS","PAYLOAD C","2013-037C","EARTH","TEME","UTC","SGP4","2013-08-10T04:29:06.817343","14.67779015","0.00031910","98.0540","239.4795","309.2453","135.1807","0","U","39210","999","311","0.01340100000000","0.00077250","0.0000000000000","7046.308","98.107","670.422","665.925","PAYLOAD","LARGE","PRC","2013-07-19","TSC","","1529489","93539852","0 PAYLOAD C","1 39210U 13037C   13222.18688446  .00077250  00000-0  13401-1 0  9995","2 39210 098.0540 239.4795 0003191 309.2453 135.1807 14.67779015  3119"
"2.0","GENERATED VIA SPACE-TRACK.ORG API","2013-08-10T02:18:22","18 SPCS","PAYLOAD C","2013-037C","EARTH","TEME","UTC","SGP4","2013-08-10T07:22:26.914080","14.67767753","0.00058550","98.0596","239.6052","320.6170","39.4238","0","U","39210","999","313","0.01340100000000","0.00077241","0.0000000000000","7046.344","98.108","672.335","664.084","PAYLOAD","LARGE","PRC","2013-07-19","TSC","","1529607","93542618","0 PAYLOAD C","1 39210U 13037C   13222.30725595  .00077241  00000-0  13401-1 0  9996","2 39210 098.0596 239.6052 0005855 320.6170 039.4238 14.67767753  3132"
"2.0","GENERATED VIA SPACE-TRACK.ORG API","2013-08-10T09:28:42","18 SPCS","PAYLOAD A","2013-037A","EARTH","TEME","UTC","SGP4","2013-08-10T10:19:20.215776","14.68155548","0.00074540","98.0558","239.7543","307.3082","52.7448","0","U","39208","999","315","0.00009289500000","0.00000486","0.0000000000000","7045.103","98.082","672.220","661.717","PAYLOAD","LARGE","PRC","2013-07-19","TSC","","1529717","93545063","0 PAYLOAD A","1 39208U 13037A   13222.43009509  .00000486  00000-0  92895-4 0  9991","2 39208 098.0558 239.7543 0007454 307.3082 052.7448 14.68155548  3151"
"2.0","GENERATED VIA SPACE-TRACK.ORG API","2013-08-10T09:28:42","18 SPCS","PAYLOAD B","2013-037B","EARTH","TEME","UTC","SGP4","2013-08-10T10:39:00.474336","14.67217177","0.00033960","98.0553","239.7346","303.8167","56.2725","0","U","39209","999","314","0.00006208000000","0.00000302","0.0000000000000","7048.107","98.144","672.365","667.578","PAYLOAD","LARGE","PRC","2013-07-19","TSC","","1529717","93545062","0 PAYLOAD B","1 39209U 13037B   13222.44375549  .00000302  00000-0  62080-4 0  9993","2 39209 098.0553 239.7346 0003396 303.8167 056.2725 14.67217177  3146"
"2.0","GENERATED VIA SPACE-TRACK.ORG API","2013-08-10T17:11:42","18 SPCS","PAYLOAD A","2013-037A","EARTH","TEME","UTC","SGP4","2013-08-10T18:30:02.598624","14.68154466","0.00074490","98.0556","240.0898","305.7796","54.2709","0","U","39208","999","320","0.00004374800000","0.00000203","0.0000000000000","7045.107","98.082","672.220","661.724","PAYLOAD","LARGE","PRC","2013-07-19","TSC","","1529853","93547417","0 PAYLOAD A","1 39208U 13037A   13222.77086341  .00000203  00000-0  43748-4 0  9997","2 39208 098.0556 240.0898 0007449 305.7796 054.2709 14.68154466  3206"
"2.0","GENERATED VIA SPACE-TRACK.ORG API","2013-08-10T12:59:38","18 SPCS","PAYLOAD C","2013-037C","EARTH","TEME","UTC","SGP4","2013-08-10T18:49:36.627744","14.67544913","0.00045850","98.0619","240.0727","309.2465","50.4961","0","U","39210","999","320","0.01340100000000","0.00076844","0.0000000000000","7047.058","98.123","672.154","665.692","PAYLOAD","LARGE","PRC","2013-07-19","TSC","","1529756","93545515","0 PAYLOAD C","1 39210U 13037C   13222.78445171  .00076844  00000-0  13401-1 0  9995","2 39210 098.0619 240.0727 0004585 309.2465 050.4961 14.67544913  3207"
"2.0","GENERATED VIA SPACE-TRACK.ORG API","2013-08-10T17:11:25","18 SPCS","PAYLOAD B","2013-037B","EARTH","TEME","UTC","SGP4","2013-08-10T18:50:01.676832","14.67216190","0.00032620","98.0554","240.0699","301.4041","58.6839","0","U","39209","999","319","0.00002631800000","0.00000100","0.0000000000000","7048.110","98.145","672.274","667.676","PAYLOAD","LARGE","PRC","2013-07-19","TSC","","1529852","93547416","0 PAYLOAD B","1 39209U 13037B   13222.78474163  .00000100  00000-0  26318-4 0  9992","2 39209 098.0554 240.0699 0003262 301.4041 058.6839 14.67216190  3191"
"2.0","GENERATED VIA SPACE-TRACK.ORG API","2013-08-10T16:34:45","18 SPCS","PAYLOAD C","2013-037C","EARTH","TEME","UTC","SGP4","2013-08-10T22:06:03.886848","14.67472063","0.00056740","98.0571","240.2034","331.1209","28.8455","0","U","39210","999","322","0.01340100000000","0.00076722","0.0000000000000","7047.291","98.127","673.154","665.157","PAYLOAD","LARGE","PRC","2013-07-19","TSC","","1529807","93546333","0 PAYLOAD C","1 39210U 13037C   13222.92087832  .00076722  00000-0  13401-1 0  9992","2 39210 098.0571 240.2034 0005674 331.1209 028.8455 14.67472063  3222"
"2.0","GENERATED VIA SPACE-TRACK.ORG API","2013-08-10T17:24:31","18 SPCS","PAYLOAD B","2013-037B","EARTH","TEME","UTC","SGP4","2013-08-10T22:06:26.152992","14.67224971","0.00027600","98.0580","240.2040","296.4365","63.6589","0","U","39209","999","321","0.00240540000000","0.00013523","0.0000000000000","7048.082","98.144","671.892","668.002","PAYLOAD","LARGE","PRC","2013-07-19","TSC","","1529865","93547604","0 PAYLOAD B","1 39209U 13037B   13222.92113603  .00013523  00000-0  24054-2 0  9993","2 39209 098.0580 240.2040 0002760 296.4365 063.6589 14.67224971  3213"
"2.0","GENERATED VIA SPACE-TRACK.ORG API","2013-08-10T18:06:46","18 SPCS","PAYLOAD C","2013-037C","EARTH","TEME","UTC","SGP4","2013-08-10T23:44:17.077055","14.67474129","0.00056740","98.0571","240.2705","330.8950","29.1853","0","U","39210","999","323","0.01340100000000","0.00076725","0.0000000000000","7047.284","98.127","673.148","665.151","PAYLOAD","LARGE","PRC","2013-07-19","TSC","","1529870","93547610","0 PAYLOAD C","1 39210U 13037C   13222.98908654  .00076725  00000-0  13401-1 0  9995","2 39210 098.0571 240.2705 0005674 330.8950 029.1853 14.67474129  3238"
"2.0","GENERATED VIA SPACE-TRACK.ORG API","2013-08-10T18:06:46","18 SPCS","PAYLOAD B","2013-037B","EARTH","TEME","UTC","SGP4","2013-08-10T23:44:38.293440","14.67227526","0.00028160","98.0579","240.2719","297.0935","62.9990","0","U","39209","999","322","0.00240540000000","0.00013524","0.0000000000000","7048.074","98.144","671.924","667.954","PAYLOAD","LARGE","PRC","2013-07-19","TSC","","1529870","93547609","0 PAYLOAD B","1 39209U 13037B   13222.98933210  .00013524  00000-0  24054-2 0  9994","2 39209 098.0579 240.2719 0002816 297.0935 062.9990 14.67227526  3224"
"2.0","GENERATED VIA SPACE-TRACK.ORG API","2013-08-10T19:22:00","18 SPCS","PAYLOAD A","2013-037A","EARTH","TEME","UTC","SGP4","2013-08-11T01:02:36.448224","14.68155302","0.00074580","98.0564","240.3586","305.1246","54.9255","0","U","39208","999","324","0.00007246200000","0.00000368","0.0000000000000","7045.104","98.082","672.223","661.715","PAYLOAD","LARGE","PRC","2013-07-19","TSC","","1529886","93547626","0 PAYLOAD A","1 39208U 13037A   13223.04347741  .00000368  00000-0  72462-4 0  9999","2 39208 098.0564 240.3586 0007458 305.1246 054.9255 14.68155302  3243"
"2.0","GENERATED VIA SPACE-TRACK.ORG API","2013-08-10T21:06:12","18 SPCS","PAYLOAD C","2013-037C","EARTH","TEME","UTC","SGP4","2013-08-11T01:22:28.390656","14.67477916","0.00053000","98.0568","240.3386","327.0907","32.9924","0","U","39210","999","324","0.01340100000000","0.00076730","0.0000000000000","7047.272","98.127","672.872","665.402","PAYLOAD","LARGE","PRC","2013-07-19","TSC","","1529888","93547628","0 PAYLOAD C","1 39210U 13037C   13223.05727304  .00076730  00000-0  13401-1 0  9991","2 39210 098.0568 240.3386 0005300 327.0907 032.9924 14.67477916  3245"
"2.0","GENERATED VIA SPACE-TRACK.ORG API","2013-08-10T21:09:09","18 SPCS","PAYLOAD B","2013-037B","EARTH","TEME","UTC","SGP4","2013-08-11T01:22:50.464128","14.67228121","0.00028180","98.0578","240.3393","295.2531","64.8378","0","U","39209","999","323","0.00227370000000","0.00012779","0.0000000000000","7048.072","98.144","671.923","667.951","PAYLOAD","LARGE","PRC","2013-07-19","TSC","","1529889","93547629","0 PAYLOAD B","1 39209U 13037B   13223.05752852  .00012779  00000-0  22737-2 0  9991","2 39209 098.0578 240.3393 0002818 295.2531 064.8378 14.67228121  3230"
"2.0","GENERATED VIA SPACE-TRACK.ORG API","2013-08-10T21:46:09","18 SPCS","PAYLOAD C","2013-037C","EARTH","TEME","UTC","SGP4","2013-08-11T03:00:39.622175","14.67460608","0.00051700","98.0581","240.4078","326.9345","33.1402","0","U","39210","999","325","0.01340100000000","0.00076699","0.0000000000000","7047.327","98.128","672.836","665.549","PAYLOAD","LARGE","PRC","2013-07-19","TSC","","1529894","93547634","0 PAYLOAD C","1 39210U 13037C   13223.12545859  .00076699  00000-0  13401-1 0  9996","2 39210 098.0581 240.4078 0005170 326.9345 033.1402 14.67460608  3253"
"2.0","GENERATED VIA SPACE-TRACK.ORG API","2013-08-11T01:45:20","18 SPCS","PAYLOAD A","2013-037A","EARTH","TEME","UTC","SGP4","2013-08-11T04:18:53.386848","14.68155447","0.00074650","98.0557","240.4925","304.3494","55.7012","0","U","39208","999","326","0.00007311000000","0.00000372","0.0000000000000","7045.104","98.082","672.228","661.710","PAYLOAD","LARGE","PRC","2013-07-19","TSC","","1530116","93550239","0 PAYLOAD A","1 39208U 13037A   13223.17978457  .00000372  00000-0  73110-4 0  9993","2 39208 098.0557 240.4925 0007465 304.3494 055.7012 14.68155447  3269"
"2.0","GENERATED VIA SPACE-TRACK.ORG API","2013-08-11T00:50:44","18 SPCS","PAYLOAD C","2013-037C","EARTH","TEME","UTC","SGP4","2013-08-11T06:17:02.259743","14.67446832","0.00045760","98.0607","240.5435","334.7042","25.3644","0","U","39210","999","327","0.01340100000000","0.00076672","0.0000000000000","7047.372","98.129","672.461","666.012","PAYLOAD","LARGE","PRC","2013-07-19","TSC","","1530065","93549005","0 PAYLOAD C","1 39210U 13037C   13223.26183171  .00076672  00000-0  13401-1 0  9997","2 39210 098.0607 240.5435 0004576 334.7042 025.3644 14.67446832  3276"
"2.0","GENERATED VIA SPACE-TRACK.ORG API","2013-08-11T09:43:51","18 SPCS","PAYLOAD B","2013-037B","EARTH","TEME","UTC","SGP4","2013-08-11T09:33:51.725375","14.67216795","0.00032570","98.0555","240.6732","297.8704","62.2169","0","U","39209","999","328","0.00003429700000","0.00000145","0.0000000000000","7048.108","98.145","672.269","667.678","PAYLOAD","LARGE","PRC","2013-07-19","TSC","","1530259","93553435","0 PAYLOAD B","1 39209U 13037B   13223.39851534  .00000145  00000-0  34297-4 0  9995","2 39209 098.0555 240.6732 0003257 297.8704 062.2169 14.67216795  3282"
"2.0","GENERATED VIA SPACE-TRACK.ORG API","2013-08-11T07:12:59","18 SPCS","PAYLOAD C","2013-037C","EARTH","TEME","UTC","SGP4","2013-08-11T11:11:36.471840","14.67453509","0.00059100","98.0587","240.7412","334.2946","25.7662","0","U","39210","999","330","0.01340100000000","0.00076691","0.0000000000000","7047.350","98.129","673.380","665.050","PAYLOAD","LARGE","PRC","2013-07-19","TSC","","1530133","93550495","0 PAYLOAD C","1 39210U 13037C   13223.46639435  .00076691  00000-0  13401-1 0  9999","2 39210 098.0587 240.7412 0005910 334.2946 025.7662 14.67453509  3308"
"2.0","GENERATED VIA SPACE-TRACK.ORG API","2013-08-11T09:43:51","18 SPCS","PAYLOAD A","2013-037A","EARTH","TEME","UTC","SGP4","2013-08-11T12:29:35.707488","14.68154359","0.00074810","98.0562","240.8282","303.3825","56.6623","0","U","39208","999","331","0.00001992800000","0.00000066","0.0000000000000","7045.107","98.082","672.243","661.702","PAYLOAD","LARGE","PRC","2013-07-19","TSC","","1530259","93553437","0 PAYLOAD A","1 39208U 13037A   13223.52055217  .00000066  00000-0  19928-4 0  9999","2 39208 098.0562 240.8282 0007481 303.3825 056.6623 14.68154359  3315"
"2.0","GENERATED VIA SPACE-TRACK.ORG API","2013-08-11T09:27:42","18 SPCS","PAYLOAD C","2013-037C","EARTH","TEME","UTC","SGP4","2013-08-11T14:27:59.441184","14.67455860","0.00062130","98.0579","240.8757","345.1927","14.8719","0","U","39210","999","332","0.01340100000000","0.00076696","0.0000000000000","7047.343","98.129","673.586","664.829","PAYLOAD","LARGE","PRC","2013-07-19","TSC","","1530240","93552977","0 PAYLOAD C","1 39210U 13037C   13223.60277131  .00076696  00000-0  13401-1 0  9991","2 39210 098.0579 240.8757 0006213 345.1927 014.8719 14.67455860  3325"
"2.0","GENERATED VIA SPACE-TRACK.ORG API","2013-08-11T12:39:29","18 SPCS","PAYLOAD C","2013-037C","EARTH","TEME","UTC","SGP4","2013-08-11T17:44:22.509887","14.67469164","0.00058250","98.0578","241.0094","342.5163","17.5816","0","U","39210","999","334","0.01340100000000","0.00076717","0.0000000000000","7047.300","98.128","673.270","665.060","PAYLOAD","LARGE","PRC","2013-07-19","TSC","","1530292","93553874","0 PAYLOAD C","1 39210U 13037C   13223.73914942  .00076717  00000-0  13401-1 0  9997","2 39210 098.0578 241.0094 0005825 342.5163 017.5816 14.67469164  3344"
"2.0","GENERATED VIA SPACE-TRACK.ORG API","2013-08-11T17:25:17","18 SPCS","PAYLOAD B","2013-037B","EARTH","TEME","UTC","SGP4","2013-08-11T17:44:52.926144","14.67215771","0.00032030","98.0557","241.0088","296.2885","63.7972","0","U","39209","999","333","-0.00000512920000","-0.00000077","0.0000000000000","7048.111","98.145","672.234","667.719","PAYLOAD","LARGE","PRC","2013-07-19","TSC","","1530415","93556132","0 PAYLOAD B","1 39209U 13037B   13223.73950146 -.00000077  00000-0 -51292-5 0  9993","2 39209 098.0557 241.0088 0003203 296.2885 063.7972 14.67215771  3334"
"2.0","GENERATED VIA SPACE-TRACK.ORG API","2013-08-11T17:25:17","18 SPCS","PAYLOAD A","2013-037A","EARTH","TEME","UTC","SGP4","2013-08-11T20:40:18.175871","14.68153400","0.00074820","98.0558","241.1637","302.0436","58.0044","0","U","39208","999","336","-0.00002107700000","-0.00000170","0.0000000000000","7045.110","98.082","672.246","661.704","PAYLOAD","LARGE","PRC","2013-07-19","TSC","","1530415","93556133","0 PAYLOAD A","1 39208U 13037A   13223.86132148 -.00000170  00000-0 -21077-4 0  9991","2 39208 098.0558 241.1637 0007482 302.0436 058.0044 14.68153400  3367"
"2.0","GENERATED VIA SPACE-TRACK.ORG API","2013-08-11T20:44:06","18 SPCS","PAYLOAD C","2013-037C","EARTH","TEME","UTC","SGP4","2013-08-12T01:55:18.109344","14.67455974","0.00055670","98.0531","241.3436","324.8014","35.2383","0","U","39210","999","339","0.01340100000000","0.00076693","0.0000000000000","7047.342","98.129","673.131","665.284","PAYLOAD","LARGE","PRC","2013-07-19","TSC","","1530443","93556359","0 PAYLOAD C","1 39210U 13037C   13224.08007071  .00076693  00000-0  13401-1 0  9995","2 39210 098.0531 241.3436 0005567 324.8014 035.2383 14.67455974  3392"
"2.0","GENERATED VIA SPACE-TRACK.ORG API","2013-08-12T01:22:33","18 SPCS","PAYLOAD B","2013-037B","EARTH","TEME","UTC","SGP4","2013-08-12T01:55:54.113087","14.67216263","0.00032760","98.0552","241.3438","294.1038","65.9851","0","U","39209","999","338","0.00000401900000","-0.00000025","0.0000000000000","7048.110","98.145","672.284","667.666","PAYLOAD","LARGE","PRC","2013-07-19","TSC","","1530560","93558630","0 PAYLOAD B","1 39209U 13037B   13224.08048742 -.00000025  00000-0  40190-5 0  9999","2 39209 098.0552 241.3438 0003276 294.1038 065.9851 14.67216263  3380"
"2.0","GENERATED VIA SPACE-TRACK.ORG API","2013-08-12T01:22:33","18 SPCS","PAYLOAD A","2013-037A","EARTH","TEME","UTC","SGP4","2013-08-12T04:51:00.478368","14.68154802","0.00075150","98.0560","241.4993","301.0676","58.9800","0","U","39208","999","341","0.00003750000000","0.00000167","0.0000000000000","7045.106","98.082","672.265","661.676","PAYLOAD","LARGE","PRC","2013-07-19","TSC","","1530560","93558632","0 PAYLOAD A","1 39208U 13037A   13224.20208887  .00000167  00000-0  37500-4 0  9996","2 39208 098.0560 241.4993 0007515 301.0676 058.9800 14.68154802  3412"
"2.0","GENERATED VIA SPACE-TRACK.ORG API","2013-08-12T03:16:43","18 SPCS","PAYLOAD C","2013-037C","EARTH","TEME","UTC","SGP4","2013-08-12T08:28:03.576288","14.67454887","0.00049940","98.0643","241.6209","328.7404","31.3016","0","U","39210","999","343","0.01340100000000","0.00076688","0.0000000000000","7047.346","98.129","672.730","665.691","PAYLOAD","LARGE","PRC","2013-07-19","TSC","","1530573","93558819","0 PAYLOAD C","1 39210U 13037C   13224.35281917  .00076688  00000-0  13401-1 0  9992","2 39210 098.0643 241.6209 0004994 328.7404 031.3016 14.67454887  3433"
"2.0","GENERATED VIA SPACE-TRACK.ORG API","2013-08-12T03:20:00","18 SPCS","PAYLOAD B","2013-037B","EARTH","TEME","UTC","SGP4","2013-08-12T08:28:42.981599","14.67204571","0.00027320","98.0554","241.6145","292.9209","67.1700","0","U","39209","999","342","-0.00393420000000","-0.00022114","0.0000000000000","7048.147","98.145","671.938","668.087","PAYLOAD","LARGE","PRC","2013-07-19","TSC","","1530574","93558820","0 PAYLOAD B","1 39209U 13037B   13224.35327525 -.00022114  00000-0 -39342-2 0  9996","2 39209 098.0554 241.6145 0002732 292.9209 067.1700 14.67204571  3423"
"2.0","GENERATED VIA SPACE-TRACK.ORG API","2013-08-12T09:24:49","18 SPCS","PAYLOAD A","2013-037A","EARTH","TEME","UTC","SGP4","2013-08-12T11:23:34.328831","14.68155254","0.00074670","98.0563","241.7680","300.1173","59.9305","0","U","39208","999","345","0.00004406600000","0.00000205","0.0000000000000","7045.104","98.082","672.230","661.709","PAYLOAD","LARGE","PRC","2013-07-19","TSC","","1530674","93560939","0 PAYLOAD A","1 39208U 13037A   13224.47470288  .00000205  00000-0  44066-4 0  9999","2 39208 098.0563 241.7680 0007467 300.1173 059.9305 14.68155254  3456"
"2.0","GENERATED VIA SPACE-TRACK.ORG API","2013-08-12T09:24:49","18 SPCS","PAYLOAD B","2013-037B","EARTH","TEME","UTC","SGP4","2013-08-12T11:45:07.578719","14.67217756","0.00032560","98.0556","241.7466","293.3206","66.7766","0","U","39209","999","344","0.00006203300000","0.00000301","0.0000000000000","7048.105","98.144","672.265","667.675","PAYLOAD","LARGE","PRC","2013-07-19","TSC","","1530674","93560938","0 PAYLOAD B","1 39209U 13037B   13224.48967105  .00000301  00000-0  62033-4 0  9991","2 39209 098.0556 241.7466 0003256 293.3206 066.7766 14.67217756  3444"
"2.0","GENERATED VIA SPACE-TRACK.ORG API","2013-08-12T09:19:20","18 SPCS","PAYLOAD C","2013-037C","EARTH","TEME","UTC","SGP4","2013-08-12T13:22:38.006111","14.67499909","0.00073380","98.0576","241.8159","317.6316","42.4441","0","U","39210","999","346","0.01340100000000","0.00076781","0.0000000000000","7047.202","98.126","674.238","663.895","PAYLOAD","LARGE","PRC","2013-07-19","TSC","","1530668","93560803","0 PAYLOAD C","1 39210U 13037C   13224.55738433  .00076781  00000-0  13401-1 0  9998","2 39210 098.0576 241.8159 0007338 317.6316 042.4441 14.67499909  3460"
"2.0","GENERATED VIA SPACE-TRACK.ORG API","2013-08-12T11:37:16","18 SPCS","PAYLOAD C","2013-037C","EARTH","TEME","UTC","SGP4","2013-08-12T16:38:59.912735","14.67426935","0.00055840","98.0570","241.9485","321.4311","38.5609","0","U","39210","999","348","-0.00057087000000","-0.00003276","0.0000000000000","7047.435","98.130","673.236","665.365","PAYLOAD","LARGE","PRC","2013-07-19","TSC","","1530704","93561408","0 PAYLOAD C","1 39210U 13037C   13224.69374899 -.00003276  00000-0 -57087-3 0  9996","2 39210 098.0570 241.9485 0005584 321.4311 038.5609 14.67426935  3489"
"2.0","GENERATED VIA SPACE-TRACK.ORG API","2013-08-12T17:24:45","18 SPCS","PAYLOAD A","2013-037A","EARTH","TEME","UTC","SGP4","2013-08-12T19:34:16.707360","14.68154505","0.00073710","98.0560","242.1036","298.3019","61.7456","0","U","39208","999","350","0.00001147700000","0.00000018","0.0000000000000","7045.107","98.082","672.165","661.779","PAYLOAD","LARGE","PRC","2013-07-19","TSC","","1530849","93563319","0 PAYLOAD A","1 39208U 13037A   13224.81547115  .00000018  00000-0  11477-4 0  9993","2 39208 098.0560 242.1036 0007371 298.3019 061.7456 14.68154505  3506"
"2.0","GENERATED VIA SPACE-TRACK.ORG API","2013-08-12T17:24:45","18 SPCS","PAYLOAD B","2013-037B","EARTH","TEME","UTC","SGP4","2013-08-12T19:56:08.625696","14.67216965","0.00032280","98.0553","242.0820","291.0463","69.0418","0","U","39209","999","349","0.00002543500000","0.00000095","0.0000000000000","7048.108","98.144","672.248","667.698","PAYLOAD","LARGE","PRC","2013-07-19","TSC","","1530849","93563317","0 PAYLOAD B","1 39209U 13037B   13224.83065539  .00000095  00000-0  25435-4 0  9995","2 39209 098.0553 242.0820 0003228 291.0463 069.0418 14.67216965  3494"
"2.0","GENERATED VIA SPACE-TRACK.ORG API","2013-08-13T01:18:27","18 SPCS","PAYLOAD A","2013-037A","EARTH","TEME","UTC","SGP4","2013-08-13T03:44:58.975295","14.68155676","0.00074280","98.0561","242.4388","297.3778","62.6674","0","U","39208","999","355","0.00005427400000","0.00000264","0.0000000000000","7045.103","98.082","672.201","661.735","PAYLOAD","LARGE","PRC","2013-07-19","TSC","","1530990","93565702","0 PAYLOAD A","1 39208U 13037A   13225.15623814  .00000264  00000-0  54274-4 0  9997","2 39208 098.0561 242.4388 0007428 297.3778 062.6674 14.68155676  3551"
"2.0","GENERATED VIA SPACE-TRACK.ORG API","2013-08-12T23:15:08","18 SPCS","PAYLOAD C","2013-037C","EARTH","TEME","UTC","SGP4","2013-08-13T04:06:21.108960","14.67426835","0.00056040","98.0551","242.4197","324.4356","35.6552","0","U","39210","999","355","-0.00357770000000","-0.00020225","0.0000000000000","7047.436","98.130","673.250","665.351","PAYLOAD","LARGE","PRC","2013-07-19","TSC","","1530898","93563562","0 PAYLOAD C","1 39210U 13037C   13225.17107765 -.00020225  00000-0 -35777-2 0  9990","2 39210 098.0551 242.4197 0005604 324.4356 035.6552 14.67426835  3551"
"2.0","GENERATED VIA SPACE-TRACK.ORG API","2013-08-13T01:18:27","18 SPCS","PAYLOAD B","2013-037B","EARTH","TEME","UTC","SGP4","2013-08-13T04:07:09.701183","14.67218065","0.00032400","98.0555","242.4173","290.0440","70.0420","0","U","39209","999","354","0.00006738100000","0.00000332","0.0000000000000","7048.104","98.144","672.253","667.686","PAYLOAD","LARGE","PRC","2013-07-19","TSC","","1530990","93565701","0 PAYLOAD B","1 39209U 13037B   13225.17164006  .00000332  00000-0  67381-4 0  9992","2 39209 098.0555 242.4173 0003240 290.0440 070.0420 14.67218065  3543"
"2.0","GENERATED VIA SPACE-TRACK.ORG API","2013-08-13T01:10:02","18 SPCS","PAYLOAD C","2013-037C","EARTH","TEME","UTC","SGP4","2013-08-13T05:44:32.374176","14.67425800","0.00055780","98.0559","242.4865","324.6713","35.4125","0","U","39210","999","356","-0.00317900000000","-0.00017982","0.0000000000000","7047.439","98.131","673.235","665.373","PAYLOAD","LARGE","PRC","2013-07-19","TSC","","1530975","93565386","0 PAYLOAD C","1 39210U 13037C   13225.23926359 -.00017982  00000-0 -31790-2 0  9992","2 39210 098.0559 242.4865 0005578 324.6713 035.4125 14.67425800  3566"
"2.0","GENERATED VIA SPACE-TRACK.ORG API","2013-08-13T01:08:44","18 SPCS","PAYLOAD B","2013-037B","EARTH","TEME","UTC","SGP4","2013-08-13T05:45:21.920255","14.67218195","0.00031660","98.0559","242.4841","289.5579","70.5282","0","U","39209","999","355","0.00007188600000","0.00000357","0.0000000000000","7048.104","98.144","672.200","667.737","PAYLOAD","LARGE","PRC","2013-07-19","TSC","","1530971","93565328","0 PAYLOAD B","1 39209U 13037B   13225.23983704  .00000357  00000-0  71886-4 0  9995","2 39209 098.0559 242.4841 0003166 289.5579 070.5282 14.67218195  3558"
"2.0","GENERATED VIA SPACE-TRACK.ORG API","2013-08-13T09:37:25","18 SPCS","PAYLOAD B","2013-037B","EARTH","TEME","UTC","SGP4","2013-08-13T09:01:46.373951","14.67218287","0.00032430","98.0554","242.6185","289.5826","70.5031","0","U","39209","999","357","0.00006928400000","0.00000342","0.0000000000000","7048.103","98.144","672.254","667.683","PAYLOAD","LARGE","PRC","2013-07-19","TSC","","1531131","93568613","0 PAYLOAD B","1 39209U 13037B   13225.37623118  .00000342  00000-0  69284-4 0  9993","2 39209 098.0554 242.6185 0003243 289.5826 070.5031 14.67218287  3573"
"2.0","GENERATED VIA SPACE-TRACK.ORG API","2013-08-13T06:48:21","18 SPCS","PAYLOAD C","2013-037C","EARTH","TEME","UTC","SGP4","2013-08-13T10:39:06.585408","14.67420182","0.00055160","98.0585","242.6885","324.5040","35.5808","0","U","39210","999","359","-0.00292560000000","-0.00016554","0.0000000000000","7047.457","98.131","673.209","665.435","PAYLOAD","LARGE","PRC","2013-07-19","TSC","","1531010","93565905","0 PAYLOAD C","1 39210U 13037C   13225.44382622 -.00016554  00000-0 -29256-2 0  9992","2 39210 098.0585 242.6885 0005516 324.5040 035.5808 14.67420182  3593"
"2.0","GENERATED VIA SPACE-TRACK.ORG API","2013-08-13T09:37:25","18 SPCS","PAYLOAD A","2013-037A","EARTH","TEME","UTC","SGP4","2013-08-13T11:55:41.276927","14.68156443","0.00073770","98.0563","242.7747","296.2047","63.8409","0","U","39208","999","360","0.00007399700000","0.00000377","0.0000000000000","7045.101","98.082","672.163","661.768","PAYLOAD","LARGE","PRC","2013-07-19","TSC","","1531131","93568615","0 PAYLOAD A","1 39208U 13037A   13225.49700552  .00000377  00000-0  73997-4 0  9997","2 39208 098.0563 242.7747 0007377 296.2047 063.8409 14.68156443  3603"
"2.0","GENERATED VIA SPACE-TRACK.ORG API","2013-08-13T13:53:29","18 SPCS","PAYLOAD C","2013-037C","EARTH","TEME","UTC","SGP4","2013-08-13T18:50:03.746976","14.67422362","0.00056160","98.0565","243.0217","318.8827","41.2034","0","U","39210","999","364","-0.00048294000000","-0.00002779","0.0000000000000","7047.450","98.131","673.273","665.357","PAYLOAD","LARGE","PRC","2013-07-19","TSC","","1531153","93568880","0 PAYLOAD C","1 39210U 13037C   13225.78476559 -.00002779  00000-0 -48294-3 0  9990","2 39210 098.0565 243.0217 0005616 318.8827 041.2034 14.67422362  3648"
"2.0","GENERATED VIA SPACE-TRACK.ORG API","2013-08-13T17:15:36","18 SPCS","PAYLOAD B","2013-037B","EARTH","TEME","UTC","SGP4","2013-08-13T18:50:59.759231","14.67217433","0.00032120","98.0556","243.0210","287.4015","72.6820","0","U","39209","999","363","0.00002799500000","0.00000110","0.0000000000000","7048.106","98.144","672.235","667.707","PAYLOAD","LARGE","PRC","2013-07-19","TSC","","1531251","93570823","0 PAYLOAD B","1 39209U 13037B   13225.78541388  .00000110  00000-0  27995-4 0  9992","2 39209 098.0556 243.0210 0003212 287.4015 072.6820 14.67217433  3630"
"2.0","GENERATED VIA SPACE-TRACK.ORG API","2013-08-13T17:15:36","18 SPCS","PAYLOAD A","2013-037A","EARTH","TEME","UTC","SGP4","2013-08-13T20:06:23.636447","14.68155745","0.00073100","98.0559","243.1102","294.6048","65.4400","0","U","39208","999","365","0.00004157200000","0.00000191","0.0000000000000","7045.103","98.082","672.118","661.818","PAYLOAD","LARGE","PRC","2013-07-19","TSC","","1531251","93570824","0 PAYLOAD A","1 39208U 13037A   13225.83777357  .00000191  00000-0  41572-4 0  9990","2 39208 098.0559 243.1102 0007310 294.6048 065.4400 14.68155745  3656"
"2.0","GENERATED VIA SPACE-TRACK.ORG API","2013-08-14T02:00:17","18 SPCS","PAYLOAD B","2013-037B","EARTH","TEME","UTC","SGP4","2013-08-14T01:23:48.696864","14.67218365","0.00032330","98.0557","243.2892","286.3979","73.6896","0","U","39209","999","367","0.00006225500000","0.00000303","0.0000000000000","7048.103","98.144","672.247","667.690","PAYLOAD","LARGE","PRC","2013-07-19","TSC","","1531442","93573999","0 PAYLOAD B","1 39209U 13037B   13226.05820251  .00000303  00000-0  62255-4 0  9994","2 39209 098.0557 243.2892 0003233 286.3979 073.6896 14.67218365  3672"
"2.0","GENERATED VIA SPACE-TRACK.ORG API","2013-08-13T21:20:18","18 SPCS","PAYLOAD C","2013-037C","EARTH","TEME","UTC","SGP4","2013-08-14T03:01:00.702047","14.67420556","0.00056130","98.0563","243.3570","318.2673","41.8125","0","U","39210","999","369","-0.00048290000000","-0.00002778","0.0000000000000","7047.456","98.131","673.276","665.365","PAYLOAD","LARGE","PRC","2013-07-19","TSC","","1531277","93571027","0 PAYLOAD C","1 39210U 13037C   13226.12570257 -.00002778  00000-0 -48290-3 0  9994","2 39210 098.0563 243.3570 0005613 318.2673 041.8125 14.67420556  3696"
"2.0","GENERATED VIA SPACE-TRACK.ORG API","2013-08-14T02:00:17","18 SPCS","PAYLOAD A","2013-037A","EARTH","TEME","UTC","SGP4","2013-08-14T04:17:05.907839","14.68157095","0.00073460","98.0561","243.4458","293.6677","66.3767","0","U","39208","999","370","0.00008886000000","0.00000463","0.0000000000000","7045.098","98.082","672.139","661.788","PAYLOAD","LARGE","PRC","2013-07-19","TSC","","1531442","93574001","0 PAYLOAD A","1 39208U 13037A   13226.17854060  .00000463  00000-0  88860-4 0  9998","2 39208 098.0561 243.4458 0007346 293.6677 066.3767 14.68157095  3704"
"2.0","GENERATED VIA SPACE-TRACK.ORG API","2013-08-14T09:37:50","18 SPCS","PAYLOAD C","2013-037C","EARTH","TEME","UTC","SGP4","2013-08-14T09:33:46.350432","14.67418181","0.00056310","98.0566","243.6255","316.6864","43.3911","0","U","39210","999","373","-0.00053379000000","-0.00003066","0.0000000000000","7047.463","98.131","673.297","665.360","PAYLOAD","LARGE","PRC","2013-07-19","TSC","","1531579","93576698","0 PAYLOAD C","1 39210U 13037C   13226.39845313 -.00003066  00000-0 -53379-3 0  9996","2 39210 098.0566 243.6255 0005631 316.6864 043.3911 14.67418181  3732"
"2.0","GENERATED VIA SPACE-TRACK.ORG API","2013-08-14T09:35:54","18 SPCS","PAYLOAD B","2013-037B","EARTH","TEME","UTC","SGP4","2013-08-14T09:34:49.768896","14.67218738","0.00031820","98.0562","243.6246","284.4899","75.5952","0","U","39209","999","372","0.00006742400000","0.00000332","0.0000000000000","7048.102","98.144","672.210","667.724","PAYLOAD","LARGE","PRC","2013-07-19","TSC","","1531578","93576673","0 PAYLOAD B","1 39209U 13037B   13226.39918714  .00000332  00000-0  67424-4 0  9998","2 39209 098.0562 243.6246 0003182 284.4899 075.5952 14.67218738  3722"
"2.0","GENERATED VIA SPACE-TRACK.ORG API","2013-08-14T09:35:54","18 SPCS","PAYLOAD A","2013-037A","EARTH","TEME","UTC","SGP4","2013-08-14T12:27:48.182687","14.68157425","0.00073600","98.0565","243.7816","292.6576","67.3848","0","U","39208","999","375","0.00008888700000","0.00000463","0.0000000000000","7045.097","98.082","672.148","661.777","PAYLOAD","LARGE","PRC","2013-07-19","TSC","","1531578","93576675","0 PAYLOAD A","1 39208U 13037A   13226.51930767  .00000463  00000-0  88887-4 0  9994","2 39208 098.0565 243.7816 0007360 292.6576 067.3848 14.68157425  3755"
"2.0","GENERATED VIA SPACE-TRACK.ORG API","2013-08-14T17:11:06","18 SPCS","PAYLOAD C","2013-037C","EARTH","TEME","UTC","SGP4","2013-08-14T17:44:43.419552","14.67416851","0.00056490","98.0560","243.9601","315.8728","44.2013","0","U","39210","999","378","-0.00049836000000","-0.00002865","0.0000000000000","7047.468","98.131","673.314","665.351","PAYLOAD","LARGE","PRC","2013-07-19","TSC","","1531734","93578711","0 PAYLOAD C","1 39210U 13037C   13226.73939143 -.00002865  00000-0 -49836-3 0  9998","2 39210 098.0560 243.9601 0005649 315.8728 044.2013 14.67416851  3783"
"2.0","GENERATED VIA SPACE-TRACK.ORG API","2013-08-14T17:10:48","18 SPCS","PAYLOAD B","2013-037B","EARTH","TEME","UTC","SGP4","2013-08-14T17:45:50.922143","14.67217665","0.00032010","98.0558","243.9598","282.6590","77.4233","0","U","39209","999","377","0.00001817300000","0.00000055","0.0000000000000","7048.105","98.144","672.226","667.714","PAYLOAD","LARGE","PRC","2013-07-19","TSC","","1531733","93578680","0 PAYLOAD B","1 39209U 13037B   13226.74017271  .00000055  00000-0  18173-4 0  9994","2 39209 098.0558 243.9598 0003201 282.6590 077.4233 14.67217665  3776"
"2.0","GENERATED VIA SPACE-TRACK.ORG API","2013-08-14T17:10:48","18 SPCS","PAYLOAD A","2013-037A","EARTH","TEME","UTC","SGP4","2013-08-14T20:38:30.505920","14.68156728","0.00073100","98.0564","244.1172","290.9054","69.1352","0","U","39208","999","380","0.00005443300000","0.00000265","0.0000000000000","7045.100","98.082","672.115","661.815","PAYLOAD","LARGE","PRC","2013-07-19","TSC","","1531733","93578681","0 PAYLOAD A","1 39208U 13037A   13226.86007530  .00000265  00000-0  54433-4 0  9995","2 39208 098.0564 244.1172 0007310 290.9054 069.1352 14.68156728  3802"
"2.0","GENERATED VIA SPACE-TRACK.ORG API","2013-08-15T01:32:19","18 SPCS","PAYLOAD C","2013-037C","EARTH","TEME","UTC","SGP4","2013-08-15T01:55:40.495583","14.67416705","0.00056280","98.0560","244.2951","313.9339","46.1427","0","U","39210","999","383","-0.00044151000000","-0.00002544","0.0000000000000","7047.468","98.131","673.299","665.367","PAYLOAD","LARGE","PRC","2013-07-19","TSC","","1531880","93580957","0 PAYLOAD C","1 39210U 13037C   13227.08032981 -.00002544  00000-0 -44151-3 0  9990","2 39210 098.0560 244.2951 0005628 313.9339 046.1427 14.67416705  3833"
"2.0","GENERATED VIA SPACE-TRACK.ORG API","2013-08-15T01:31:47","18 SPCS","PAYLOAD B","2013-037B","EARTH","TEME","UTC","SGP4","2013-08-15T01:56:52.063296","14.67218253","0.00032580","98.0557","244.2951","280.7337","79.3519","0","U","39209","999","382","0.00002839400000","0.00000112","0.0000000000000","7048.104","98.144","672.265","667.672","PAYLOAD","LARGE","PRC","2013-07-19","TSC","","1531879","93580926","0 PAYLOAD B","1 39209U 13037B   13227.08115814  .00000112  00000-0  28394-4 0  9994","2 39209 098.0557 244.2951 0003258 280.7337 079.3519 14.67218253  3820"
"2.0","GENERATED VIA SPACE-TRACK.ORG API","2013-08-15T01:31:47","18 SPCS","PAYLOAD A","2013-037A","EARTH","TEME","UTC","SGP4","2013-08-15T04:49:12.815328","14.68156931","0.00073140","98.0564","244.4525","289.3467","70.6946","0","U","39208","999","385","0.00004985600000","0.00000238","0.0000000000000","7045.099","98.082","672.117","661.811","PAYLOAD","LARGE","PRC","2013-07-19","TSC","","1531879","93580927","0 PAYLOAD A","1 39208U 13037A   13227.20084277  .00000238  00000-0  49856-4 0  9990","2 39208 098.0564 244.4525 0007314 289.3467 070.6946 14.68156931  3858"
"2.0","GENERATED VIA SPACE-TRACK.ORG API","2013-08-15T08:07:59","18 SPCS","PAYLOAD C","2013-037C","EARTH","TEME","UTC","SGP4","2013-08-15T10:06:37.572479","14.67415951","0.00055800","98.0560","244.6304","313.1156","46.9599","0","U","39210","999","388","-0.00041330000000","-0.00002385","0.0000000000000","7047.470","98.131","673.268","665.403","PAYLOAD","LARGE","PRC","2013-07-19","TSC","","1531968","93582952","0 PAYLOAD C","1 39210U 13037C   13227.42126820 -.00002385  00000-0 -41330-3 0  9993","2 39210 098.0560 244.6304 0005580 313.1156 046.9599 14.67415951  3880"
"2.0","GENERATED VIA SPACE-TRACK.ORG API","2013-08-15T08:07:19","18 SPCS","PAYLOAD B","2013-037B","EARTH","TEME","UTC","SGP4","2013-08-15T10:07:53.149152","14.67219045","0.00032450","98.0559","244.6305","280.2852","79.7996","0","U","39209","999","387","0.00005436300000","0.00000258","0.0000000000000","7048.101","98.144","672.253","667.679","PAYLOAD","LARGE","PRC","2013-07-19","TSC","","1531965","93582879","0 PAYLOAD B","1 39209U 13037B   13227.42214293  .00000258  00000-0  54363-4 0  9999","2 39209 098.0559 244.6305 0003245 280.2852 079.7996 14.67219045  3870"
"2.0","GENERATED VIA SPACE-TRACK.ORG API","2013-08-15T08:07:19","18 SPCS","PAYLOAD A","2013-037A","EARTH","TEME","UTC","SGP4","2013-08-15T11:21:46.650239","14.68157676","0.00073180","98.0565","244.7211","288.6877","71.3544","0","U","39208","999","389","0.00007279900000","0.00000370","0.0000000000000","7045.097","98.082","672.117","661.806","PAYLOAD","LARGE","PRC","2013-07-19","TSC","","1531965","93582880","0 PAYLOAD A","1 39208U 13037A   13227.47345660  .00000370  00000-0  72799-4 0  9994","2 39208 098.0565 244.7211 0007318 288.6877 071.3544 14.68157676  3898"
"2.0","GENERATED VIA SPACE-TRACK.ORG API","2013-08-15T10:15:16","18 SPCS","PAYLOAD C","2013-037C","EARTH","TEME","UTC","SGP4","2013-08-15T15:01:11.795808","14.67415905","0.00055080","98.0563","244.8314","313.2184","46.8554","0","U","39210","999","391","-0.00038168000000","-0.00002206","0.0000000000000","7047.471","98.131","673.217","665.454","PAYLOAD","LARGE","PRC","2013-07-19","TSC","","1532005","93583433","0 PAYLOAD C","1 39210U 13037C   13227.62583097 -.00002206  00000-0 -38168-3 0  9995","2 39210 098.0563 244.8314 0005508 313.2184 046.8554 14.67415905  3911"
"2.0","GENERATED VIA SPACE-TRACK.ORG API","2013-08-15T12:01:25","18 SPCS","PAYLOAD B","2013-037B","EARTH","TEME","UTC","SGP4","2013-08-15T16:40:42.036672","14.67218613","0.00031910","98.0564","244.8986","278.4002","81.6817","0","U","39209","999","391","0.00004000100000","0.00000177","0.0000000000000","7048.102","98.144","672.216","667.718","PAYLOAD","LARGE","PRC","2013-07-19","TSC","","1532044","93583692","0 PAYLOAD B","1 39209U 13037B   13227.69493098  .00000177  00000-0  40001-4 0  9994","2 39209 098.0564 244.8986 0003191 278.4002 081.6817 14.67218613  3918"
"2.0","GENERATED VIA SPACE-TRACK.ORG API","2013-08-15T16:07:15","18 SPCS","PAYLOAD C","2013-037C","EARTH","TEME","UTC","SGP4","2013-08-15T21:33:57.729312","14.67426867","0.00056990","98.0573","245.0998","312.0834","48.0382","0","U","39210","999","399","0.00003493800000","0.00000198","0.0000000000000","7047.436","98.130","673.317","665.284","PAYLOAD","LARGE","PRC","2013-07-19","TSC","","1532116","93584351","0 PAYLOAD C","1 39210U 13037C   13227.89858483  .00000198  00000-0  34938-4 0  9996","2 39210 098.0573 245.0998 0005699 312.0834 048.0382 14.67426867  3993"
"2.0","GENERATED VIA SPACE-TRACK.ORG API","2013-08-15T17:49:31","18 SPCS","PAYLOAD B","2013-037B","EARTH","TEME","UTC","SGP4","2013-08-15T21:35:19.561343","14.67219210","0.00031250","98.0589","245.1012","279.3683","80.7668","0","U","39209","999","389","0.00009765900000","0.00000550","0.0000000000000","7048.100","98.144","672.168","667.763","PAYLOAD","LARGE","PRC","2013-07-19","TSC","","1532149","93584670","0 PAYLOAD B","1 39209U 13037B   13227.89953196  .00000550  00000-0  97659-4 0  9992","2 39209 098.0589 245.1012 0003125 279.3683 080.7668 14.67219210  3896"
"2.0","GENERATED VIA SPACE-TRACK.ORG API","2013-08-15T22:33:03","18 SPCS","PAYLOAD C","2013-037C","EARTH","TEME","UTC","SGP4","2013-08-15T23:12:08.900351","14.67416263","0.00055160","98.0557","245.1664","310.9747","49.1023","0","U","39210","999","396","-0.00032345000000","-0.00001877","0.0000000000000","7047.469","98.131","673.222","665.447","PAYLOAD","LARGE","PRC","2013-07-19","TSC","","1532365","93589045","0 PAYLOAD C","1 39210U 13037C   13227.96676968 -.00001877  00000-0 -32345-3 0  9996","2 39210 098.0557 245.1664 0005516 310.9747 049.1023 14.67416263  3964"
"2.0","GENERATED VIA SPACE-TRACK.ORG API","2013-08-15T18:47:24","18 SPCS","PAYLOAD C","2013-037C","EARTH","TEME","UTC","SGP4","2013-08-15T23:12:09.544896","14.67421992","0.00055720","98.0578","245.1664","314.3913","45.7333","0","U","39210","999","400","0.00003462600000","0.00000196","0.0000000000000","7047.451","98.131","673.243","665.389","PAYLOAD","LARGE","PRC","2013-07-19","TSC","","1532159","93584792","0 PAYLOAD C","1 39210U 13037C   13227.96677714  .00000196  00000-0  34626-4 0  9992","2 39210 098.0578 245.1664 0005572 314.3913 045.7333 14.67421992  4009"
"2.0","GENERATED VIA SPACE-TRACK.ORG API","2013-08-15T19:18:34","18 SPCS","PAYLOAD C","2013-037C","EARTH","TEME","UTC","SGP4","2013-08-15T23:12:09.559583","14.67421433","0.00055720","98.0578","245.1664","314.3811","45.7436","0","U","39210","999","400","0.00000000000000","-0.00000002","0.0000000000000","7047.453","98.131","673.245","665.391","PAYLOAD","LARGE","PRC","2013-07-19","TSC","","1532168","93584860","0 PAYLOAD C","1 39210U 13037C   13227.96677731 -.00000002  00000-0  00000+0 0  9992","2 39210 098.0578 245.1664 0005572 314.3811 045.7436 14.67421433  4000"
"2.0","GENERATED VIA SPACE-TRACK.ORG API","2013-08-15T18:17:40","18 SPCS","PAYLOAD B","2013-037B","EARTH","TEME","UTC","SGP4","2013-08-15T23:13:31.809791","14.67218799","0.00030940","98.0584","245.1674","281.9263","78.2094","0","U","39209","999","390","0.00004017900000","0.00000226","0.0000000000000","7048.102","98.144","672.147","667.786","PAYLOAD","LARGE","PRC","2013-07-19","TSC","","1532154","93584753","0 PAYLOAD B","1 39209U 13037B   13227.96772928  .00000226  00000-0  40179-4 0  9997","2 39209 098.0584 245.1674 0003094 281.9263 078.2094 14.67218799  3901"
"2.0","GENERATED VIA SPACE-TRACK.ORG API","2013-08-15T22:31:26","18 SPCS","PAYLOAD A","2013-037A","EARTH","TEME","UTC","SGP4","2013-08-16T00:26:54.408191","14.68157347","0.00073310","98.0564","245.2577","286.5103","73.5336","0","U","39208","999","397","0.00005387600000","0.00000261","0.0000000000000","7045.098","98.082","672.127","661.798","PAYLOAD","LARGE","PRC","2013-07-19","TSC","","1532363","93588990","0 PAYLOAD A","1 39208U 13037A   13228.01868528  .00000261  00000-0  53876-4 0  9992","2 39208 098.0564 245.2577 0007331 286.5103 073.5336 14.68157347  3979"
"2.0","GENERATED VIA SPACE-TRACK.ORG API","2013-08-15T22:31:26","18 SPCS","PAYLOAD B","2013-037B","EARTH","TEME","UTC","SGP4","2013-08-16T00:51:43.201152","14.67218753","0.00031940","98.0556","245.2341","277.1524","82.9327","0","U","39209","999","396","0.00003404400000","0.00000144","0.0000000000000","7048.102","98.144","672.218","667.716","PAYLOAD","LARGE","PRC","2013-07-19","TSC","","1532363","93588987","0 PAYLOAD B","1 39209U 13037B   13228.03591668  .00000144  00000-0  34044-4 0  9999","2 39209 098.0556 245.2341 0003194 277.1524 082.9327 14.67218753  3967"
"2.0","GENERATED VIA SPACE-TRACK.ORG API","2013-08-16T01:15:41","18 SPCS","PAYLOAD C","2013-037C","EARTH","TEME","UTC","SGP4","2013-08-16T02:28:31.691711","14.67416438","0.00055400","98.0556","245.3005","310.3243","49.7507","0","U","39210","999","398","-0.00030203000000","-0.00001756","0.0000000000000","7047.469","98.131","673.238","665.430","PAYLOAD","LARGE","PRC","2013-07-19","TSC","","1532445","93590785","0 PAYLOAD C","1 39210U 13037C   13228.10314458 -.00001756  00000-0 -30203-3 0  9993","2 39210 098.0556 245.3005 0005540 310.3243 049.7507 14.67416438  3985"
"2.0","GENERATED VIA SPACE-TRACK.ORG API","2013-08-16T01:15:26","18 SPCS","PAYLOAD A","2013-037A","EARTH","TEME","UTC","SGP4","2013-08-16T03:43:11.261280","14.68157430","0.00073320","98.0563","245.3920","286.1528","73.8869","0","U","39208","999","399","0.00005362200000","0.00000260","0.0000000000000","7045.097","98.082","672.128","661.797","PAYLOAD","LARGE","PRC","2013-07-19","TSC","","1532444","93590760","0 PAYLOAD A","1 39208U 13037A   13228.15499145  .00000260  00000-0  53622-4 0  9990","2 39208 098.0563 245.3920 0007332 286.1528 073.8869 14.68157430  3998"
"2.0","GENERATED VIA SPACE-TRACK.ORG API","2013-08-16T01:15:26","18 SPCS","PAYLOAD B","2013-037B","EARTH","TEME","UTC","SGP4","2013-08-16T05:46:19.858367","14.67218899","0.00032290","98.0554","245.4351","276.2955","83.7890","0","U","39209","999","399","0.00003500400000","0.00000149","0.0000000000000","7048.101","98.144","672.242","667.691","PAYLOAD","LARGE","PRC","2013-07-19","TSC","","1532444","93590759","0 PAYLOAD B","1 39209U 13037B   13228.24050762  .00000149  00000-0  35004-4 0  9999","2 39209 098.0554 245.4351 0003229 276.2955 083.7890 14.67218899  3993"
"2.0","GENERATED VIA SPACE-TRACK.ORG API","2013-08-16T10:05:38","18 SPCS","PAYLOAD C","2013-037C","EARTH","TEME","UTC","SGP4","2013-08-16T07:23:05.934047","14.67416372","0.00055400","98.0558","245.5017","309.8740","50.2003","0","U","39210","999","401","-0.00028413000000","-0.00001655","0.0000000000000","7047.469","98.131","673.238","665.430","PAYLOAD","LARGE","PRC","2013-07-19","TSC","","1532590","93594003","0 PAYLOAD C","1 39210U 13037C   13228.30770757 -.00001655  00000-0 -28413-3 0  9991","2 39210 098.0558 245.5017 0005540 309.8740 050.2003 14.67416372  4017"
"2.0","GENERATED VIA SPACE-TRACK.ORG API","2013-08-16T06:14:11","18 SPCS","PAYLOAD B","2013-037B","EARTH","TEME","UTC","SGP4","2013-08-16T10:40:56.510400","14.67219604","0.00031270","98.0568","245.6365","276.1266","83.9595","0","U","39209","999","402","0.00005591800000","0.00000267","0.0000000000000","7048.099","98.144","672.168","667.760","PAYLOAD","LARGE","PRC","2013-07-19","TSC","","1532455","93590912","0 PAYLOAD B","1 39209U 13037B   13228.44509850  .00000267  00000-0  55918-4 0  9995","2 39209 098.0568 245.6365 0003127 276.1266 083.9595 14.67219604  4020"
"2.0","GENERATED VIA SPACE-TRACK.ORG API","2013-08-16T10:04:42","18 SPCS","PAYLOAD A","2013-037A","EARTH","TEME","UTC","SGP4","2013-08-16T11:53:53.555136","14.68157606","0.00073130","98.0565","245.7278","285.2338","74.8062","0","U","39208","999","404","0.00004607500000","0.00000217","0.0000000000000","7045.097","98.082","672.114","661.810","PAYLOAD","LARGE","PRC","2013-07-19","TSC","","1532589","93593974","0 PAYLOAD A","1 39208U 13037A   13228.49575874  .00000217  00000-0  46075-4 0  9997","2 39208 098.0565 245.7278 0007313 285.2338 074.8062 14.68157606  4046"
"2.0","GENERATED VIA SPACE-TRACK.ORG API","2013-08-16T10:04:17","18 SPCS","PAYLOAD B","2013-037B","EARTH","TEME","UTC","SGP4","2013-08-16T12:19:08.710464","14.67219545","0.00031310","98.0574","245.7037","276.0743","84.0091","0","U","39209","999","403","0.00005968600000","0.00000288","0.0000000000000","7048.099","98.144","672.171","667.758","PAYLOAD","LARGE","PRC","2013-07-19","TSC","","1532588","93593973","0 PAYLOAD B","1 39209U 13037B   13228.51329526  .00000288  00000-0  59686-4 0  9992","2 39209 098.0574 245.7037 0003131 276.0743 084.0091 14.67219545  4036"
"2.0","GENERATED VIA SPACE-TRACK.ORG API","2013-08-16T11:53:40","18 SPCS","PAYLOAD C","2013-037C","EARTH","TEME","UTC","SGP4","2013-08-16T17:00:31.211712","15.19989142","0.00053480","98.0568","245.9134","293.4911","66.9404","0","U","39210","999","407","0.06230200000000","0.01465929","0.0000000000000","6884.014","94.737","509.561","502.198","PAYLOAD","LARGE","PRC","2013-07-19","TSC","","1532605","93594187","0 PAYLOAD C","1 39210U 13037C   13228.70869458  .01465929  00000-0  62302-1 0  9992","2 39210 098.0568 245.9134 0005348 293.4911 066.9404 15.19989142  4079"
"2.0","GENERATED VIA SPACE-TRACK.ORG API","2013-08-16T12:48:34","18 SPCS","PAYLOAD C","2013-037C","EARTH","TEME","UTC","SGP4","2013-08-16T17:00:31.211712","15.19989142","0.00053480","98.0568","245.9134","293.4911","66.9404","0","U","39210","999","407","0.06230200000000","0.01465929","0.0000000000000","6884.014","94.737","509.561","502.198","PAYLOAD","LARGE","PRC","2013-07-19","TSC","","1532606","93594188","0 PAYLOAD C","1 39210U 13037C   13228.70869458  .01465929  00000-0  62302-1 0  9992","2 39210 098.0568 245.9134 0005348 293.4911 066.9404 15.19989142  4079"
"2.0","GENERATED VIA SPACE-TRACK.ORG API","2013-08-16T11:41:44","18 SPCS","PAYLOAD C","2013-037C","EARTH","TEME","UTC","SGP4","2013-08-16T17:19:10.699104","15.17522852","0.00582110","98.0123","245.9056","331.7461","98.8030","0","U","39210","999","407","-0.00028413000000","-0.00006033","0.0000000000000","6891.471","94.891","553.452","473.220","PAYLOAD","LARGE","PRC","2013-07-19","TSC","","1532603","93594185","0 PAYLOAD C","1 39210U 13037C   13228.72165161 -.00006033  00000-0 -28413-3 0  9999","2 39210 098.0123 245.9056 0058211 331.7461 098.8030 15.17522852  4070"
"2.0","GENERATED VIA SPACE-TRACK.ORG API","2013-08-16T13:34:27","18 SPCS","PAYLOAD C","2013-037C","EARTH","TEME","UTC","SGP4","2013-08-16T18:35:12.943103","15.19969993","0.00059770","98.0568","245.9859","300.9846","59.0458","0","U","39210","999","408","0.00743590000000","0.00163497","0.0000000000000","6884.072","94.738","510.052","501.823","PAYLOAD","LARGE","PRC","2013-07-19","TSC","","1532615","93594200","0 PAYLOAD C","1 39210U 13037C   13228.77445536  .00163497  00000-0  74359-2 0  9996","2 39210 098.0568 245.9859 0005977 300.9846 059.0458 15.19969993  4087"
"2.0","GENERATED VIA SPACE-TRACK.ORG API","2013-08-16T13:23:17","18 SPCS","PAYLOAD B","2013-037B","EARTH","TEME","UTC","SGP4","2013-08-16T18:51:57.691296","14.67218266","0.00030660","98.0576","245.9722","273.7732","86.3115","0","U","39209","999","407","0.00000861300000","0.00000001","0.0000000000000","7048.103","98.144","672.129","667.808","PAYLOAD","LARGE","PRC","2013-07-19","TSC","","1532613","93594198","0 PAYLOAD B","1 39209U 13037B   13228.78608439  .00000001  00000-0  86130-5 0  9992","2 39209 098.0576 245.9722 0003066 273.7732 086.3115 14.67218266  4075"
"2.0","GENERATED VIA SPACE-TRACK.ORG API","2013-08-16T17:15:58","18 SPCS","PAYLOAD A","2013-037A","EARTH","TEME","UTC","SGP4","2013-08-16T20:04:35.879232","14.68157421","0.00072960","98.0566","246.0634","283.8483","76.1914","0","U","39208","999","409","0.00004161700000","0.00000191","0.0000000000000","7045.097","98.082","672.103","661.822","PAYLOAD","LARGE","PRC","2013-07-19","TSC","","1532723","93596146","0 PAYLOAD A","1 39208U 13037A   13228.83652638  .00000191  00000-0  41617-4 0  9997","2 39208 098.0566 246.0634 0007296 283.8483 076.1914 14.68157421  4093"
"2.0","GENERATED VIA SPACE-TRACK.ORG API","2013-08-16T14:34:11","18 SPCS","PAYLOAD C","2013-037C","EARTH","TEME","UTC","SGP4","2013-08-16T20:10:01.337664","15.19985331","0.00059450","98.0569","246.0561","300.7683","59.2951","0","U","39210","999","409","0.00642030000000","0.00140781","0.0000000000000","6884.026","94.737","509.983","501.798","PAYLOAD","LARGE","PRC","2013-07-19","TSC","","1532623","93594211","0 PAYLOAD C","1 39210U 13037C   13228.84029326  .00140781  00000-0  64203-2 0  9997","2 39210 098.0569 246.0561 0005945 300.7683 059.2951 15.19985331  4097"
"2.0","GENERATED VIA SPACE-TRACK.ORG API","2013-08-16T17:37:23","18 SPCS","PAYLOAD C","2013-037C","EARTH","TEME","UTC","SGP4","2013-08-16T22:06:20.707200","15.19972182","0.00060860","98.0554","246.1428","302.4425","139.3614","0","U","39210","999","410","-0.00150000000000","-0.00032214","0.0000000000000","6884.066","94.738","510.120","501.741","PAYLOAD","LARGE","PRC","2013-07-19","TSC","","1532732","93596333","0 PAYLOAD C","1 39210U 13037C   13228.92107300 -.00032214  00000-0 -15000-2 0  9999","2 39210 098.0554 246.1428 0006086 302.4425 139.3614 15.19972182  4102"
"2.0","GENERATED VIA SPACE-TRACK.ORG API","2013-08-17T01:49:44","18 SPCS","PAYLOAD B","2013-037B","EARTH","TEME","UTC","SGP4","2013-08-17T01:24:46.570175","14.67219568","0.00031070","98.0574","246.2409","269.9251","90.1633","0","U","39209","999","411","0.00006076800000","0.00000294","0.0000000000000","7048.099","98.144","672.154","667.774","PAYLOAD","LARGE","PRC","2013-07-19","TSC","","1532882","93598908","0 PAYLOAD B","1 39209U 13037B   13229.05887234  .00000294  00000-0  60768-4 0  9997","2 39209 098.0574 246.2409 0003107 269.9251 090.1633 14.67219568  4117"
"2.0","GENERATED VIA SPACE-TRACK.ORG API","2013-08-16T21:11:37","18 SPCS","PAYLOAD C","2013-037C","EARTH","TEME","UTC","SGP4","2013-08-17T02:29:13.009920","15.19952709","0.00060820","98.0539","246.3374","301.5416","58.5185","0","U","39210","999","413","-0.00164700000000","-0.00035329","0.0000000000000","6884.124","94.739","510.176","501.802","PAYLOAD","LARGE","PRC","2013-07-19","TSC","","1532756","93596357","0 PAYLOAD C","1 39210U 13037C   13229.10362280 -.00035329  00000-0 -16470-2 0  9992","2 39210 098.0539 246.3374 0006082 301.5416 058.5185 15.19952709  4134"
"2.0","GENERATED VIA SPACE-TRACK.ORG API","2013-08-16T22:07:29","18 SPCS","PAYLOAD A","2013-037A","EARTH","TEME","UTC","SGP4","2013-08-17T02:37:09.658847","14.68158316","0.00072870","98.0570","246.3318","282.3966","77.6423","0","U","39208","999","413","0.00007182700000","0.00000365","0.0000000000000","7045.095","98.082","672.093","661.826","PAYLOAD","LARGE","PRC","2013-07-19","TSC","","1532764","93596365","0 PAYLOAD A","1 39208U 13037A   13229.10913957  .00000365  00000-0  71827-4 0  9991","2 39208 098.0570 246.3318 0007287 282.3966 077.6423 14.68158316  4130"
"2.0","GENERATED VIA SPACE-TRACK.ORG API","2013-08-17T01:51:25","18 SPCS","PAYLOAD C","2013-037C","EARTH","TEME","UTC","SGP4","2013-08-17T04:04:01.038143","15.19948394","0.00060780","98.0541","246.4075","301.4547","58.6091","0","U","39210","999","414","-0.00161900000000","-0.00034728","0.0000000000000","6884.137","94.740","510.187","501.818","PAYLOAD","LARGE","PRC","2013-07-19","TSC","","1532884","93598948","0 PAYLOAD C","1 39210U 13037C   13229.16945646 -.00034728  00000-0 -16190-2 0  9992","2 39210 098.0541 246.4075 0006078 301.4547 058.6091 15.19948394  4148"
"2.0","GENERATED VIA SPACE-TRACK.ORG API","2013-08-17T04:01:36","18 SPCS","PAYLOAD C","2013-037C","EARTH","TEME","UTC","SGP4","2013-08-17T09:26:27.583584","14.93310131","0.00334710","97.7026","246.7686","314.2456","178.8060","0","U","39210","999","417","-0.00161900000000","-0.00017157","0.0000000000000","6965.764","96.430","610.944","564.314","PAYLOAD","LARGE","PRC","2013-07-19","TSC","","1532894","93599151","0 PAYLOAD C","1 39210U 13037C   13229.39337481 -.00017157  00000-0 -16190-2 0  9996","2 39210 097.7026 246.7686 0033471 314.2456 178.8060 14.93310131  4178"
"2.0","GENERATED VIA SPACE-TRACK.ORG API","2013-08-17T09:43:00","18 SPCS","PAYLOAD B","2013-037B","EARTH","TEME","UTC","SGP4","2013-08-17T09:35:47.621472","14.67219688","0.00031300","98.0571","246.5761","268.7394","91.3461","0","U","39209","999","416","0.00004820700000","0.00000224","0.0000000000000","7048.099","98.144","672.170","667.758","PAYLOAD","LARGE","PRC","2013-07-19","TSC","","1533018","93601863","0 PAYLOAD B","1 39209U 13037B   13229.39985673  .00000224  00000-0  48207-4 0  9997","2 39209 098.0571 246.5761 0003130 268.7394 091.3461 14.67219688  4169"
"2.0","GENERATED VIA SPACE-TRACK.ORG API","2013-08-17T05:25:30","18 SPCS","PAYLOAD C","2013-037C","EARTH","TEME","UTC","SGP4","2013-08-17T10:27:14.820480","14.93410538","0.00327960","97.7044","246.8079","312.1376","47.7350","0","U","39210","999","418","0.06357600000000","0.00716836","0.0000000000000","6965.452","96.423","610.161","564.473","PAYLOAD","LARGE","PRC","2013-07-19","TSC","","1532895","93599152","0 PAYLOAD C","1 39210U 13037C   13229.43558820  .00716836  00000-0  63576-1 0  9990","2 39210 097.7044 246.8079 0032796 312.1376 047.7350 14.93410538  4181"
"2.0","GENERATED VIA SPACE-TRACK.ORG API","2013-08-17T07:31:28","18 SPCS","PAYLOAD C","2013-037C","EARTH","TEME","UTC","SGP4","2013-08-17T12:03:43.163424","14.93912896","0.00351150","97.7024","246.8675","309.7980","50.0213","0","U","39210","999","419","0.06357600000000","0.00727627","0.0000000000000","6963.890","96.391","610.209","561.301","PAYLOAD","LARGE","PRC","2013-07-19","TSC","","1532899","93599157","0 PAYLOAD C","1 39210U 13037C   13229.50258291  .00727627  00000-0  63576-1 0  9997","2 39210 097.7024 246.8675 0035115 309.7980 050.0213 14.93912896  4192"
"2.0","GENERATED VIA SPACE-TRACK.ORG API","2013-08-17T08:19:59","18 SPCS","PAYLOAD A","2013-037A","EARTH","TEME","UTC","SGP4","2013-08-17T12:26:00.359807","14.68159097","0.00072920","98.0574","246.7350","281.4444","78.5933","0","U","39208","999","419","0.00009439200000","0.00000495","0.0000000000000","7045.092","98.082","672.094","661.820","PAYLOAD","LARGE","PRC","2013-07-19","TSC","","1532912","93599440","0 PAYLOAD A","1 39208U 13037A   13229.51805972  .00000495  00000-0  94392-4 0  9999","2 39208 098.0574 246.7350 0007292 281.4444 078.5933 14.68159097  4190"
"2.0","GENERATED VIA SPACE-TRACK.ORG API","2013-08-17T11:54:46","18 SPCS","PAYLOAD C","2013-037C","EARTH","TEME","UTC","SGP4","2013-08-17T17:12:57.476160","14.93263613","0.00324760","97.6990","247.0822","305.6449","128.0037","0","U","39210","999","422","-0.02729900000000","-0.00277774","0.0000000000000","6965.909","96.433","610.396","565.151","PAYLOAD","LARGE","PRC","2013-07-19","TSC","","1533032","93602092","0 PAYLOAD C","1 39210U 13037C   13229.71733190 -.00277774  00000-0 -27299-1 0  9993","2 39210 097.6990 247.0822 0032476 305.6449 128.0037 14.93263613  4222"
"2.0","GENERATED VIA SPACE-TRACK.ORG API","2013-08-17T17:26:49","18 SPCS","PAYLOAD B","2013-037B","EARTH","TEME","UTC","SGP4","2013-08-17T17:46:48.729792","14.67219556","0.00031460","98.0572","246.9110","267.4810","92.6029","0","U","39209","999","421","0.00004583000000","0.00000210","0.0000000000000","7048.099","98.144","672.182","667.747","PAYLOAD","LARGE","PRC","2013-07-19","TSC","","1533205","93604455","0 PAYLOAD B","1 39209U 13037B   13229.74084178  .00000210  00000-0  45830-4 0  9990","2 39209 098.0572 246.9110 0003146 267.4810 092.6029 14.67219556  4212"
"2.0","GENERATED VIA SPACE-TRACK.ORG API","2013-08-17T17:26:49","18 SPCS","PAYLOAD A","2013-037A","EARTH","TEME","UTC","SGP4","2013-08-17T20:36:42.667488","14.68158841","0.00073620","98.0571","247.0706","280.4175","79.6199","0","U","39208","999","424","0.00007654900000","0.00000392","0.0000000000000","7045.093","98.082","672.145","661.771","PAYLOAD","LARGE","PRC","2013-07-19","TSC","","1533205","93604457","0 PAYLOAD A","1 39208U 13037A   13229.85882717  .00000392  00000-0  76549-4 0  9998","2 39208 098.0571 247.0706 0007362 280.4175 079.6199 14.68158841  4242"
"2.0","GENERATED VIA SPACE-TRACK.ORG API","2013-08-17T16:17:42","18 SPCS","PAYLOAD C","2013-037C","EARTH","TEME","UTC","SGP4","2013-08-17T21:42:38.602079","14.93284159","0.00324970","97.6990","247.2655","304.9776","54.8661","0","U","39210","999","425","-0.01064100000000","-0.00110863","0.0000000000000","6965.845","96.431","610.347","565.073","PAYLOAD","LARGE","PRC","2013-07-19","TSC","","1533108","93602375","0 PAYLOAD C","1 39210U 13037C   13229.90461345 -.00110863  00000-0 -10641-1 0  9992","2 39210 097.6990 247.2655 0032497 304.9776 054.8661 14.93284159  4256"
"2.0","GENERATED VIA SPACE-TRACK.ORG API","2013-08-17T18:03:25","18 SPCS","PAYLOAD A","2013-037A","EARTH","TEME","UTC","SGP4","2013-08-17T22:14:51.122975","14.68158628","0.00073040","98.0577","247.1376","280.0019","80.0351","0","U","39208","999","425","0.00006451500000","0.00000323","0.0000000000000","7045.094","98.082","672.104","661.813","PAYLOAD","LARGE","PRC","2013-07-19","TSC","","1533223","93604663","0 PAYLOAD A","1 39208U 13037A   13229.92698059  .00000323  00000-0  64515-4 0  9994","2 39208 098.0577 247.1376 0007304 280.0019 080.0351 14.68158628  4251"
"2.0","GENERATED VIA SPACE-TRACK.ORG API","2013-08-17T17:54:58","18 SPCS","PAYLOAD C","2013-037C","EARTH","TEME","UTC","SGP4","2013-08-17T23:19:07.678559","14.93318757","0.00323900","97.6993","247.3326","305.0409","54.8032","0","U","39210","999","426","-0.00397420000000","-0.00041868","0.0000000000000","6965.737","96.429","610.164","565.040","PAYLOAD","LARGE","PRC","2013-07-19","TSC","","1533220","93604660","0 PAYLOAD C","1 39210U 13037C   13229.97161665 -.00041868  00000-0 -39742-2 0  9993","2 39210 097.6993 247.3326 0032390 305.0409 054.8032 14.93318757  4267"
"2.0","GENERATED VIA SPACE-TRACK.ORG API","2013-08-18T01:41:01","18 SPCS","PAYLOAD B","2013-037B","EARTH","TEME","UTC","SGP4","2013-08-18T01:57:49.826879","14.67220468","0.00031590","98.0572","247.2464","266.4930","93.5935","0","U","39209","999","426","0.00006876100000","0.00000339","0.0000000000000","7048.096","98.144","672.188","667.735","PAYLOAD","LARGE","PRC","2013-07-19","TSC","","1533348","93607036","0 PAYLOAD B","1 39209U 13037B   13230.08182670  .00000339  00000-0  68761-4 0  9995","2 39209 098.0572 247.2464 0003159 266.4930 093.5935 14.67220468  4269"
"2.0","GENERATED VIA SPACE-TRACK.ORG API","2013-08-18T01:41:01","18 SPCS","PAYLOAD A","2013-037A","EARTH","TEME","UTC","SGP4","2013-08-18T03:09:16.502399","14.68159031","0.00073580","98.0571","247.3390","279.3201","80.7190","0","U","39208","999","428","0.00006983600000","0.00000353","0.0000000000000","7045.092","98.082","672.141","661.774","PAYLOAD","LARGE","PRC","2013-07-19","TSC","","1533348","93607037","0 PAYLOAD A","1 39208U 13037A   13230.13144100  .00000353  00000-0  69836-4 0  9996","2 39208 098.0571 247.3390 0007358 279.3201 080.7190 14.68159031  4286"
"2.0","GENERATED VIA SPACE-TRACK.ORG API","2013-08-17T23:50:43","18 SPCS","PAYLOAD C","2013-037C","EARTH","TEME","UTC","SGP4","2013-08-18T04:08:35.306303","14.93314907","0.00324040","97.6972","247.5278","304.1897","55.6330","0","U","39210","999","429","-0.00371070000000","-0.00039107","0.0000000000000","6965.749","96.429","610.186","565.042","PAYLOAD","LARGE","PRC","2013-07-19","TSC","","1533250","93604690","0 PAYLOAD C","1 39210U 13037C   13230.17263086 -.00039107  00000-0 -37107-2 0  9993","2 39210 097.6972 247.5278 0032404 304.1897 055.6330 14.93314907  4295"
"2.0","GENERATED VIA SPACE-TRACK.ORG API","2013-08-18T02:23:31","18 SPCS","PAYLOAD C","2013-037C","EARTH","TEME","UTC","SGP4","2013-08-18T07:21:33.942240","14.93315140","0.00324680","97.6993","247.6613","303.9398","55.8789","0","U","39210","999","431","-0.00225710000000","-0.00023861","0.0000000000000","6965.748","96.429","610.230","564.997","PAYLOAD","LARGE","PRC","2013-07-19","TSC","","1533359","93607250","0 PAYLOAD C","1 39210U 13037C   13230.30664285 -.00023861  00000-0 -22571-2 0  9993","2 39210 097.6993 247.6613 0032468 303.9398 055.8789 14.93315140  4318"
"2.0","GENERATED VIA SPACE-TRACK.ORG API","2013-08-18T03:14:17","18 SPCS","PAYLOAD A","2013-037A","EARTH","TEME","UTC","SGP4","2013-08-18T08:03:41.845535","14.68158872","0.00072980","98.0577","247.5402","278.3351","81.7020","0","U","39208","999","431","0.00005818800000","0.00000286","0.0000000000000","7045.093","98.082","672.099","661.816","PAYLOAD","LARGE","PRC","2013-07-19","TSC","","1533361","93607252","0 PAYLOAD A","1 39208U 13037A   13230.33590099  .00000286  00000-0  58188-4 0  9993","2 39208 098.0577 247.5402 0007298 278.3351 081.7020 14.68158872  4315"
"2.0","GENERATED VIA SPACE-TRACK.ORG API","2013-08-18T05:13:55","18 SPCS","PAYLOAD A","2013-037A","EARTH","TEME","UTC","SGP4","2013-08-18T09:41:50.308800","14.68159057","0.00072940","98.0577","247.6074","278.0164","82.0219","0","U","39208","999","432","0.00006370200000","0.00000318","0.0000000000000","7045.092","98.082","672.096","661.819","PAYLOAD","LARGE","PRC","2013-07-19","TSC","","1533366","93607257","0 PAYLOAD A","1 39208U 13037A   13230.40405450  .00000318  00000-0  63702-4 0  9991","2 39208 098.0577 247.6074 0007294 278.0164 082.0219 14.68159057  4327"
"2.0","GENERATED VIA SPACE-TRACK.ORG API","2013-08-18T09:44:05","18 SPCS","PAYLOAD B","2013-037B","EARTH","TEME","UTC","SGP4","2013-08-18T10:08:50.852255","14.67221265","0.00031630","98.0571","247.5815","265.2698","94.8154","0","U","39209","999","431","0.00008509400000","0.00000431","0.0000000000000","7048.094","98.144","672.188","667.730","PAYLOAD","LARGE","PRC","2013-07-19","TSC","","1533517","93610103","0 PAYLOAD B","1 39209U 13037B   13230.42281079  .00000431  00000-0  85094-4 0  9997","2 39209 098.0571 247.5815 0003163 265.2698 094.8154 14.67221265  4313"
"2.0","GENERATED VIA SPACE-TRACK.ORG API","2013-08-18T09:45:43","18 SPCS","PAYLOAD C","2013-037C","EARTH","TEME","UTC","SGP4","2013-08-18T10:34:32.598047","14.93318411","0.00324450","97.6992","247.7921","303.5781","56.2400","0","U","39210","999","433","-0.00120440000000","-0.00012780","0.0000000000000","6965.738","96.429","610.203","565.003","PAYLOAD","LARGE","PRC","2013-07-19","TSC","","1533518","93610115","0 PAYLOAD C","1 39210U 13037C   13230.44065507 -.00012780  00000-0 -12044-2 0  9992","2 39210 097.6992 247.7921 0032445 303.5781 056.2400 14.93318411  4338"
"2.0","GENERATED VIA SPACE-TRACK.ORG API","2013-08-18T07:43:54","18 SPCS","PAYLOAD A","2013-037A","EARTH","TEME","UTC","SGP4","2013-08-18T12:58:07.205951","14.68158832","0.00072900","98.0576","247.7415","277.3428","82.6943","0","U","39208","999","434","0.00004799400000","0.00000228","0.0000000000000","7045.093","98.082","672.094","661.822","PAYLOAD","LARGE","PRC","2013-07-19","TSC","","1533379","93607270","0 PAYLOAD A","1 39208U 13037A   13230.54036118  .00000228  00000-0  47994-4 0  9992","2 39208 098.0576 247.7415 0007290 277.3428 082.6943 14.68158832  4349"
"2.0","GENERATED VIA SPACE-TRACK.ORG API","2013-08-18T09:02:39","18 SPCS","PAYLOAD C","2013-037C","EARTH","TEME","UTC","SGP4","2013-08-18T13:47:31.208927","14.93326788","0.00324860","97.6984","247.9217","302.9064","56.9123","0","U","39210","999","435","-0.00013772000000","-0.00001516","0.0000000000000","6965.712","96.428","610.206","564.948","PAYLOAD","LARGE","PRC","2013-07-19","TSC","","1533458","93608886","0 PAYLOAD C","1 39210U 13037C   13230.57466677 -.00001516  00000-0 -13772-3 0  9994","2 39210 097.6984 247.9217 0032486 302.9064 056.9123 14.93326788  4358"
"2.0","GENERATED VIA SPACE-TRACK.ORG API","2013-08-18T11:52:08","18 SPCS","PAYLOAD C","2013-037C","EARTH","TEME","UTC","SGP4","2013-08-18T17:00:29.690207","14.93316411","0.00323680","97.6986","248.0531","302.5969","57.1997","0","U","39210","999","437","-0.00075586000000","-0.00008047","0.0000000000000","6965.744","96.429","610.156","565.063","PAYLOAD","LARGE","PRC","2013-07-19","TSC","","1533553","93610349","0 PAYLOAD C","1 39210U 13037C   13230.70867697 -.00008047  00000-0 -75586-3 0  9993","2 39210 097.6986 248.0531 0032368 302.5969 057.1997 14.93316411  4376"
"2.0","GENERATED VIA SPACE-TRACK.ORG API","2013-08-18T17:28:48","18 SPCS","PAYLOAD B","2013-037B","EARTH","TEME","UTC","SGP4","2013-08-18T18:19:51.915648","14.67221314","0.00031540","98.0572","247.9168","264.0607","96.0213","0","U","39209","999","436","0.00009231900000","0.00000472","0.0000000000000","7048.094","98.144","672.182","667.736","PAYLOAD","LARGE","PRC","2013-07-19","TSC","","1533696","93612684","0 PAYLOAD B","1 39209U 13037B   13230.76379532  .00000472  00000-0  92319-4 0  9999","2 39209 098.0572 247.9168 0003154 264.0607 096.0213 14.67221314  4366"
"2.0","GENERATED VIA SPACE-TRACK.ORG API","2013-08-18T14:49:32","18 SPCS","PAYLOAD A","2013-037A","EARTH","TEME","UTC","SGP4","2013-08-18T19:30:41.057280","14.68158576","0.00072710","98.0577","248.0100","276.6851","83.3515","0","U","39208","999","438","0.00004262400000","0.00000197","0.0000000000000","7045.094","98.082","672.081","661.836","PAYLOAD","LARGE","PRC","2013-07-19","TSC","","1533579","93610375","0 PAYLOAD A","1 39208U 13037A   13230.81297520  .00000197  00000-0  42624-4 0  9998","2 39208 098.0577 248.0100 0007271 276.6851 083.3515 14.68158576  4388"
"2.0","GENERATED VIA SPACE-TRACK.ORG API","2013-08-18T17:30:11","18 SPCS","PAYLOAD C","2013-037C","EARTH","TEME","UTC","SGP4","2013-08-18T20:13:28.616447","14.93316662","0.00323430","97.6982","248.1844","302.1162","57.6949","0","U","39210","999","439","-0.00061957000000","-0.00006608","0.0000000000000","6965.744","96.429","610.138","565.079","PAYLOAD","LARGE","PRC","2013-07-19","TSC","","1533697","93612710","0 PAYLOAD C","1 39210U 13037C   13230.84269232 -.00006608  00000-0 -61957-3 0  9997","2 39210 097.6982 248.1844 0032343 302.1162 057.6949 14.93316662  4396"
"2.0","GENERATED VIA SPACE-TRACK.ORG API","2013-08-18T17:54:38","18 SPCS","PAYLOAD C","2013-037C","EARTH","TEME","UTC","SGP4","2013-08-18T23:26:27.282623","14.93323752","0.00323680","97.6980","248.3155","301.2833","58.5371","0","U","39210","999","441","-0.00016520000000","-0.00001806","0.0000000000000","6965.721","96.429","610.133","565.040","PAYLOAD","LARGE","PRC","2013-07-19","TSC","","1533714","93612910","0 PAYLOAD C","1 39210U 13037C   13230.97670466 -.00001806  00000-0 -16520-3 0  9997","2 39210 097.6980 248.3155 0032368 301.2833 058.5371 14.93323752  4413"
"2.0","GENERATED VIA SPACE-TRACK.ORG API","2013-08-18T19:43:08","18 SPCS","PAYLOAD C","2013-037C","EARTH","TEME","UTC","SGP4","2013-08-19T01:02:56.363423","14.93323230","0.00323660","97.6980","248.3811","301.0386","58.7654","0","U","39210","999","442","-0.00017990000000","-0.00001962","0.0000000000000","6965.723","96.429","610.133","565.043","PAYLOAD","LARGE","PRC","2013-07-19","TSC","","1533718","93612914","0 PAYLOAD C","1 39210U 13037C   13231.04370791 -.00001962  00000-0 -17990-3 0  9999","2 39210 097.6980 248.3811 0032366 301.0386 058.7654 14.93323230  4429"
"2.0","GENERATED VIA SPACE-TRACK.ORG API","2013-08-19T01:42:13","18 SPCS","PAYLOAD B","2013-037B","EARTH","TEME","UTC","SGP4","2013-08-19T02:30:53.015327","14.67221884","0.00031800","98.0569","248.2521","262.1854","97.9010","0","U","39209","999","441","0.00008791200000","0.00000447","0.0000000000000","7048.092","98.144","672.198","667.716","PAYLOAD","LARGE","PRC","2013-07-19","TSC","","1533831","93615253","0 PAYLOAD B","1 39209U 13037B   13231.10478027  .00000447  00000-0  87912-4 0  9992","2 39209 098.0569 248.2521 0003180 262.1854 097.9010 14.67221884  4414"
"2.0","GENERATED VIA SPACE-TRACK.ORG API","2013-08-19T01:42:13","18 SPCS","PAYLOAD A","2013-037A","EARTH","TEME","UTC","SGP4","2013-08-19T03:41:23.275103","14.68159652","0.00073730","98.0569","248.3458","275.7156","84.3219","0","U","39208","999","443","0.00006377400000","0.00000318","0.0000000000000","7045.090","98.081","672.150","661.761","PAYLOAD","LARGE","PRC","2013-07-19","TSC","","1533831","93615256","0 PAYLOAD A","1 39208U 13037A   13231.15374161  .00000318  00000-0  63774-4 0  9997","2 39208 098.0569 248.3458 0007373 275.7156 084.3219 14.68159652  4433"
"2.0","GENERATED VIA SPACE-TRACK.ORG API","2013-08-19T01:43:36","18 SPCS","PAYLOAD C","2013-037C","EARTH","TEME","UTC","SGP4","2013-08-19T04:15:55.025280","14.93323571","0.00323410","97.6981","248.5122","300.5845","59.2197","0","U","39210","999","444","-0.00014197000000","-0.00001560","0.0000000000000","6965.722","96.429","610.115","565.059","PAYLOAD","LARGE","PRC","2013-07-19","TSC","","1533833","93615290","0 PAYLOAD C","1 39210U 13037C   13231.17772020 -.00001560  00000-0 -14197-3 0  9994","2 39210 097.6981 248.5122 0032341 300.5845 059.2197 14.93323571  4442"
"2.0","GENERATED VIA SPACE-TRACK.ORG API","2013-08-19T09:42:32","18 SPCS","PAYLOAD B","2013-037B","EARTH","TEME","UTC","SGP4","2013-08-19T09:03:41.824224","14.67222718","0.00031780","98.0572","248.5204","261.9665","98.1185","0","U","39209","999","445","0.00011856000000","0.00000620","0.0000000000000","7048.089","98.144","672.194","667.714","PAYLOAD","LARGE","PRC","2013-07-19","TSC","","1533955","93617918","0 PAYLOAD B","1 39209U 13037B   13231.37756741  .00000620  00000-0  11856-3 0  9999","2 39209 098.0572 248.5204 0003178 261.9665 098.1185 14.67222718  4450"
"2.0","GENERATED VIA SPACE-TRACK.ORG API","2013-08-19T09:42:32","18 SPCS","PAYLOAD A","2013-037A","EARTH","TEME","UTC","SGP4","2013-08-19T10:13:57.058175","14.68160006","0.00073550","98.0572","248.6145","274.8269","85.2102","0","U","39208","999","447","0.00006796800000","0.00000343","0.0000000000000","7045.089","98.081","672.136","661.773","PAYLOAD","LARGE","PRC","2013-07-19","TSC","","1533955","93617920","0 PAYLOAD A","1 39208U 13037A   13231.42635484  .00000343  00000-0  67968-4 0  9992","2 39208 098.0572 248.6145 0007355 274.8269 085.2102 14.68160006  4478"
"2.0","GENERATED VIA SPACE-TRACK.ORG API","2013-08-19T07:04:30","18 SPCS","PAYLOAD C","2013-037C","EARTH","TEME","UTC","SGP4","2013-08-19T12:18:21.616415","14.93324741","0.00323380","97.6980","248.8402","299.5173","60.2845","0","U","39210","999","449","-0.00006636200000","-0.00000761","0.0000000000000","6965.718","96.429","610.109","565.058","PAYLOAD","LARGE","PRC","2013-07-19","TSC","","1533850","93615461","0 PAYLOAD C","1 39210U 13037C   13231.51275019 -.00000761  00000-0 -66362-4 0  9992","2 39210 097.6980 248.8402 0032338 299.5173 060.2845 14.93324741  4499"
"2.0","GENERATED VIA SPACE-TRACK.ORG API","2013-08-19T08:46:32","18 SPCS","PAYLOAD A","2013-037A","EARTH","TEME","UTC","SGP4","2013-08-19T13:30:13.947551","14.68159240","0.00073200","98.0573","248.7487","274.0858","85.9479","0","U","39208","999","449","0.00003518500000","0.00000154","0.0000000000000","7045.092","98.082","672.114","661.800","PAYLOAD","LARGE","PRC","2013-07-19","TSC","","1533885","93616301","0 PAYLOAD A","1 39208U 13037A   13231.56266143  .00000154  00000-0  35185-4 0  9995","2 39208 098.0573 248.7487 0007320 274.0858 085.9479 14.68159240  4491"
"2.0","GENERATED VIA SPACE-TRACK.ORG API","2013-08-19T17:15:48","18 SPCS","PAYLOAD B","2013-037B","EARTH","TEME","UTC","SGP4","2013-08-19T17:14:42.904032","14.67221445","0.00032030","98.0573","248.8556","259.9444","100.1367","0","U","39209","999","450","0.00005907000000","0.00000285","0.0000000000000","7048.093","98.144","672.216","667.701","PAYLOAD","LARGE","PRC","2013-07-19","TSC","","1534111","93620230","0 PAYLOAD B","1 39209U 13037B   13231.71855213  .00000285  00000-0  59070-4 0  9999","2 39209 098.0573 248.8556 0003203 259.9444 100.1367 14.67221445  4503"
"2.0","GENERATED VIA SPACE-TRACK.ORG API","2013-08-19T13:17:14","18 SPCS","PAYLOAD A","2013-037A","EARTH","TEME","UTC","SGP4","2013-08-19T18:24:39.403008","14.68158559","0.00072740","98.0575","248.9500","272.8296","87.2074","0","U","39208","999","452","0.00001346700000","0.00000029","0.0000000000000","7045.094","98.082","672.083","661.834","PAYLOAD","LARGE","PRC","2013-07-19","TSC","","1533990","93618285","0 PAYLOAD A","1 39208U 13037A   13231.76712272  .00000029  00000-0  13467-4 0  9996","2 39208 098.0575 248.9500 0007274 272.8296 087.2074 14.68158559  4523"
"2.0","GENERATED VIA SPACE-TRACK.ORG API","2013-08-19T17:17:08","18 SPCS","PAYLOAD C","2013-037C","EARTH","TEME","UTC","SGP4","2013-08-19T20:20:48.250751","14.93322265","0.00322660","97.6975","249.1686","298.6596","61.1376","0","U","39210","999","454","-0.00012138000000","-0.00001342","0.0000000000000","6965.726","96.429","610.067","565.115","PAYLOAD","LARGE","PRC","2013-07-19","TSC","","1534112","93620264","0 PAYLOAD C","1 39210U 13037C   13231.84778068 -.00001342  00000-0 -12138-3 0  9997","2 39210 097.6975 249.1686 0032266 298.6596 061.1376 14.93322265  4544"
"2.0","GENERATED VIA SPACE-TRACK.ORG API","2013-08-19T20:34:12","18 SPCS","PAYLOAD A","2013-037A","EARTH","TEME","UTC","SGP4","2013-08-20T00:57:13.160160","14.68159892","0.00072930","98.0570","249.2191","270.7825","89.2554","0","U","39208","999","456","0.00007088400000","0.00000359","0.0000000000000","7045.090","98.081","672.093","661.817","PAYLOAD","LARGE","PRC","2013-07-19","TSC","","1534310","93620458","0 PAYLOAD A","1 39208U 13037A   13232.03973565  .00000359  00000-0  70884-4 0  9993","2 39208 098.0570 249.2191 0007293 270.7825 089.2554 14.68159892  4564"
"2.0","GENERATED VIA SPACE-TRACK.ORG API","2013-08-19T20:12:26","18 SPCS","PAYLOAD B","2013-037B","EARTH","TEME","UTC","SGP4","2013-08-20T01:25:44.040000","14.67221483","0.00031440","98.0572","249.1907","259.1467","100.9388","0","U","39209","999","455","0.00004130800000","0.00000185","0.0000000000000","7048.093","98.144","672.174","667.742","PAYLOAD","LARGE","PRC","2013-07-19","TSC","","1534284","93620452","0 PAYLOAD B","1 39209U 13037B   13232.05953750  .00000185  00000-0  41308-4 0  9996","2 39209 098.0572 249.1907 0003144 259.1467 100.9388 14.67221483  4555"
"2.0","GENERATED VIA SPACE-TRACK.ORG API","2013-08-19T23:09:43","18 SPCS","PAYLOAD C","2013-037C","EARTH","TEME","UTC","SGP4","2013-08-20T04:41:13.331616","14.94995291","0.00304150","97.6893","249.4977","294.8750","132.6399","0","U","39210","999","459","-0.00011409000000","-0.00001317","0.0000000000000","6960.528","96.321","603.564","561.223","PAYLOAD","LARGE","PRC","2013-07-19","TSC","","1534379","93620494","0 PAYLOAD C","1 39210U 13037C   13232.19529319 -.00001317  00000-0 -11409-3 0  9991","2 39210 097.6893 249.4977 0030415 294.8750 132.6399 14.94995291  4593"
"2.0","GENERATED VIA SPACE-TRACK.ORG API","2013-08-20T01:56:21","18 SPCS","PAYLOAD B","2013-037B","EARTH","TEME","UTC","SGP4","2013-08-20T04:42:08.461727","14.67221348","0.00031830","98.0569","249.3251","258.2580","101.8270","0","U","39209","999","457","0.00003218300000","0.00000133","0.0000000000000","7048.094","98.144","672.202","667.715","PAYLOAD","LARGE","PRC","2013-07-19","TSC","","1534495","93623237","0 PAYLOAD B","1 39209U 13037B   13232.19593127  .00000133  00000-0  32183-4 0  9993","2 39209 098.0569 249.3251 0003183 258.2580 101.8270 14.67221348  4576"
"2.0","GENERATED VIA SPACE-TRACK.ORG API","2013-08-20T01:56:21","18 SPCS","PAYLOAD A","2013-037A","EARTH","TEME","UTC","SGP4","2013-08-20T05:51:38.494655","14.68160388","0.00073170","98.0569","249.4203","270.3323","89.7050","0","U","39208","999","459","0.00008951500000","0.00000466","0.0000000000000","7045.088","98.081","672.108","661.798","PAYLOAD","LARGE","PRC","2013-07-19","TSC","","1534495","93623238","0 PAYLOAD A","1 39208U 13037A   13232.24419554  .00000466  00000-0  89515-4 0  9999","2 39208 098.0569 249.4203 0007317 270.3323 089.7050 14.68160388  4595"
"2.0","GENERATED VIA SPACE-TRACK.ORG API","2013-08-20T00:28:20","18 SPCS","PAYLOAD C","2013-037C","EARTH","TEME","UTC","SGP4","2013-08-20T05:59:28.550400","14.94977259","0.00299010","97.6935","249.5557","294.4309","65.3756","0","U","39210","999","460","-0.00627590000000","-0.00068569","0.0000000000000","6960.584","96.322","603.262","561.636","PAYLOAD","LARGE","PRC","2013-07-19","TSC","","1534405","93621096","0 PAYLOAD C","1 39210U 13037C   13232.24963600 -.00068569  00000-0 -62759-2 0  9997","2 39210 097.6935 249.5557 0029901 294.4309 065.3756 14.94977259  4604"
"2.0","GENERATED VIA SPACE-TRACK.ORG API","2013-08-20T01:56:24","18 SPCS","PAYLOAD C","2013-037C","EARTH","TEME","UTC","SGP4","2013-08-20T07:35:51.558144","14.94955237","0.00322940","97.6967","249.6293","297.4457","62.3286","0","U","39210","999","461","-0.00999310000000","-0.00108657","0.0000000000000","6960.653","96.323","604.996","560.039","PAYLOAD","LARGE","PRC","2013-07-19","TSC","","1534496","93623249","0 PAYLOAD C","1 39210U 13037C   13232.31656896 -.00108657  00000-0 -99931-2 0  9996","2 39210 097.6967 249.6293 0032294 297.4457 062.3286 14.94955237  4611"
"2.0","GENERATED VIA SPACE-TRACK.ORG API","2013-08-20T09:41:01","18 SPCS","PAYLOAD A","2013-037A","EARTH","TEME","UTC","SGP4","2013-08-20T12:24:12.262176","14.68160716","0.00073180","98.0568","249.6889","269.3356","90.7008","0","U","39208","999","463","0.00008666300000","0.00000450","0.0000000000000","7045.087","98.081","672.108","661.796","PAYLOAD","LARGE","PRC","2013-07-19","TSC","","1534644","93626211","0 PAYLOAD A","1 39208U 13037A   13232.51680859  .00000450  00000-0  86663-4 0  9991","2 39208 098.0568 249.6889 0007318 269.3356 090.7008 14.68160716  4636"
"2.0","GENERATED VIA SPACE-TRACK.ORG API","2013-08-20T07:30:31","18 SPCS","PAYLOAD C","2013-037C","EARTH","TEME","UTC","SGP4","2013-08-20T12:25:00.757631","14.94934998","0.00320780","97.6969","249.8260","297.0017","62.7797","0","U","39210","999","464","-0.00687220000000","-0.00075036","0.0000000000000","6960.715","96.325","604.909","560.252","PAYLOAD","LARGE","PRC","2013-07-19","TSC","","1534515","93623483","0 PAYLOAD C","1 39210U 13037C   13232.51736988 -.00075036  00000-0 -68722-2 0  9997","2 39210 097.6969 249.8260 0032078 297.0017 062.7797 14.94934998  4642"
"2.0","GENERATED VIA SPACE-TRACK.ORG API","2013-08-20T09:41:01","18 SPCS","PAYLOAD B","2013-037B","EARTH","TEME","UTC","SGP4","2013-08-20T12:53:09.519072","14.67221178","0.00032780","98.0565","249.6603","257.0254","103.0590","0","U","39209","999","462","0.00001155500000","0.00000017","0.0000000000000","7048.094","98.144","672.270","667.649","PAYLOAD","LARGE","PRC","2013-07-19","TSC","","1534644","93626209","0 PAYLOAD B","1 39209U 13037B   13232.53691573  .00000017  00000-0  11555-4 0  9996","2 39209 098.0565 249.6603 0003278 257.0254 103.0590 14.67221178  4622"
"2.0","GENERATED VIA SPACE-TRACK.ORG API","2013-08-20T15:12:01","18 SPCS","PAYLOAD B","2013-037B","EARTH","TEME","UTC","SGP4","2013-08-20T19:25:58.389311","14.67220925","0.00033370","98.0564","249.9285","257.5472","102.5357","0","U","39209","999","466","0.00000772310000","-0.00000004","0.0000000000000","7048.095","98.144","672.312","667.608","PAYLOAD","LARGE","PRC","2013-07-19","TSC","","1534787","93626797","0 PAYLOAD B","1 39209U 13037B   13232.80970358 -.00000004  00000-0  77231-5 0  9998","2 39209 098.0564 249.9285 0003337 257.5472 102.5357 14.67220925  4661"
"2.0","GENERATED VIA SPACE-TRACK.ORG API","2013-08-20T16:53:04","18 SPCS","PAYLOAD C","2013-037C","EARTH","TEME","UTC","SGP4","2013-08-20T20:26:56.496192","14.94956988","0.00320690","97.6951","250.1543","295.0953","64.7296","0","U","39210","999","469","-0.00022532000000","-0.00002543","0.0000000000000","6960.647","96.323","604.834","560.190","PAYLOAD","LARGE","PRC","2013-07-19","TSC","","1534831","93627625","0 PAYLOAD C","1 39210U 13037C   13232.85204278 -.00002543  00000-0 -22532-3 0  9999","2 39210 097.6951 250.1543 0032069 295.0953 064.7296 14.94956988  4693"
"2.0","GENERATED VIA SPACE-TRACK.ORG API","2013-08-20T16:53:04","18 SPCS","PAYLOAD A","2013-037A","EARTH","TEME","UTC","SGP4","2013-08-20T20:34:54.555168","14.68160074","0.00073450","98.0566","250.0242","267.5303","92.5078","0","U","39208","999","468","0.00005492400000","0.00000267","0.0000000000000","7045.089","98.081","672.129","661.779","PAYLOAD","LARGE","PRC","2013-07-19","TSC","","1534831","93627608","0 PAYLOAD A","1 39208U 13037A   13232.85757587  .00000267  00000-0  54924-4 0  9992","2 39208 098.0566 250.0242 0007345 267.5303 092.5078 14.68160074  4684"
"2.0","GENERATED VIA SPACE-TRACK.ORG API","2013-08-20T20:47:40","18 SPCS","PAYLOAD C","2013-037C","EARTH","TEME","UTC","SGP4","2013-08-21T01:16:04.734047","14.94970491","0.00318870","97.6953","250.3515","294.2724","65.5158","0","U","39210","999","472","0.00091790000000","0.00010080","0.0000000000000","6960.605","96.322","604.666","560.275","PAYLOAD","LARGE","PRC","2013-07-19","TSC","","1534875","93627748","0 PAYLOAD C","1 39210U 13037C   13233.05283257  .00010080  00000-0  91790-3 0  9991","2 39210 097.6953 250.3515 0031887 294.2724 065.5158 14.94970491  4725"
"2.0","GENERATED VIA SPACE-TRACK.ORG API","2013-08-21T01:26:04","18 SPCS","PAYLOAD B","2013-037B","EARTH","TEME","UTC","SGP4","2013-08-21T03:36:59.419008","14.67221518","0.00033860","98.0564","250.2641","256.5237","103.5593","0","U","39209","999","471","0.00002106300000","0.00000071","0.0000000000000","7048.093","98.144","672.345","667.572","PAYLOAD","LARGE","PRC","2013-07-19","TSC","","1534979","93629791","0 PAYLOAD B","1 39209U 13037B   13233.15068772  .00000071  00000-0  21063-4 0  9999","2 39209 098.0564 250.2641 0003386 256.5237 103.5593 14.67221518  4712"
"2.0","GENERATED VIA SPACE-TRACK.ORG API","2013-08-21T01:27:57","18 SPCS","PAYLOAD C","2013-037C","EARTH","TEME","UTC","SGP4","2013-08-21T04:28:50.651904","14.94966803","0.00320020","97.6951","250.4827","293.7931","65.9880","0","U","39210","999","474","0.00045924000000","0.00005010","0.0000000000000","6960.617","96.323","604.757","560.206","PAYLOAD","LARGE","PRC","2013-07-19","TSC","","1534981","93629835","0 PAYLOAD C","1 39210U 13037C   13233.18669736  .00005010  00000-0  45924-3 0  9990","2 39210 097.6951 250.4827 0032002 293.7931 065.9880 14.94966803  4744"
"2.0","GENERATED VIA SPACE-TRACK.ORG API","2013-08-21T01:26:04","18 SPCS","PAYLOAD A","2013-037A","EARTH","TEME","UTC","SGP4","2013-08-21T04:45:36.713376","14.68161527","0.00073480","98.0563","250.3599","266.4105","93.6260","0","U","39208","999","473","0.00011220000000","0.00000597","0.0000000000000","7045.084","98.081","672.126","661.773","PAYLOAD","LARGE","PRC","2013-07-19","TSC","","1534979","93629792","0 PAYLOAD A","1 39208U 13037A   13233.19834159  .00000597  00000-0  11220-3 0  9998","2 39208 098.0563 250.3599 0007348 266.4105 093.6260 14.68161527  4735"
"2.0","GENERATED VIA SPACE-TRACK.ORG API","2013-08-21T09:45:30","18 SPCS","PAYLOAD B","2013-037B","EARTH","TEME","UTC","SGP4","2013-08-21T11:48:00.474624","14.67222212","0.00033660","98.0566","250.5994","255.0124","105.0727","0","U","39209","999","476","0.00004160800000","0.00000186","0.0000000000000","7048.091","98.144","672.328","667.583","PAYLOAD","LARGE","PRC","2013-07-19","TSC","","1535124","93632886","0 PAYLOAD B","1 39209U 13037B   13233.49167216  .00000186  00000-0  41608-4 0  9993","2 39209 098.0566 250.5994 0003366 255.0124 105.0727 14.67222212  4768"
"2.0","GENERATED VIA SPACE-TRACK.ORG API","2013-08-21T09:47:16","18 SPCS","PAYLOAD C","2013-037C","EARTH","TEME","UTC","SGP4","2013-08-21T12:30:45.589536","14.94962634","0.00321940","97.6955","250.8111","292.7707","67.0034","0","U","39210","999","479","0.00006381900000","0.00000645","0.0000000000000","6960.630","96.323","604.904","560.086","PAYLOAD","LARGE","PRC","2013-07-19","TSC","","1535126","93632930","0 PAYLOAD C","1 39210U 13037C   13233.52136099  .00000645  00000-0  63819-4 0  9992","2 39210 097.6955 250.8111 0032194 292.7707 067.0034 14.94962634  4797"
"2.0","GENERATED VIA SPACE-TRACK.ORG API","2013-08-21T09:45:30","18 SPCS","PAYLOAD A","2013-037A","EARTH","TEME","UTC","SGP4","2013-08-21T12:56:18.937247","14.68161281","0.00073640","98.0562","250.6953","265.2632","94.7720","0","U","39208","999","478","0.00007558700000","0.00000386","0.0000000000000","7045.085","98.081","672.138","661.762","PAYLOAD","LARGE","PRC","2013-07-19","TSC","","1535124","93632887","0 PAYLOAD A","1 39208U 13037A   13233.53910807  .00000386  00000-0  75587-4 0  9994","2 39208 098.0562 250.6953 0007364 265.2632 094.7720 14.68161281  4786"
"2.0","GENERATED VIA SPACE-TRACK.ORG API","2013-08-21T18:05:40","18 SPCS","PAYLOAD B","2013-037B","EARTH","TEME","UTC","SGP4","2013-08-21T19:59:01.538015","14.67221826","0.00033890","98.0563","250.9346","253.2880","106.7957","0","U","39209","999","481","0.00002345100000","0.00000084","0.0000000000000","7048.092","98.144","672.346","667.568","PAYLOAD","LARGE","PRC","2013-07-19","TSC","","1535301","93636308","0 PAYLOAD B","1 39209U 13037B   13233.83265669  .00000084  00000-0  23451-4 0  9995","2 39209 098.0563 250.9346 0003389 253.2880 106.7957 14.67221826  4813"
"2.0","GENERATED VIA SPACE-TRACK.ORG API","2013-08-21T18:06:51","18 SPCS","PAYLOAD C","2013-037C","EARTH","TEME","UTC","SGP4","2013-08-21T20:32:40.838208","14.94960706","0.00319820","97.6955","251.1398","291.4057","68.3816","0","U","39210","999","484","-0.00001943900000","-0.00000274","0.0000000000000","6960.636","96.323","604.762","560.239","PAYLOAD","LARGE","PRC","2013-07-19","TSC","","1535302","93636332","0 PAYLOAD C","1 39210U 13037C   13233.85602822 -.00000274  00000-0 -19439-4 0  9999","2 39210 097.6955 251.1398 0031982 291.4057 068.3816 14.94960706  4842"
"2.0","GENERATED VIA SPACE-TRACK.ORG API","2013-08-21T18:05:40","18 SPCS","PAYLOAD A","2013-037A","EARTH","TEME","UTC","SGP4","2013-08-21T21:07:01.250112","14.68161319","0.00073420","98.0562","251.0308","263.9932","96.0454","0","U","39208","999","483","0.00008154200000","0.00000421","0.0000000000000","7045.085","98.081","672.122","661.777","PAYLOAD","LARGE","PRC","2013-07-19","TSC","","1535301","93636310","0 PAYLOAD A","1 39208U 13037A   13233.87987558  .00000421  00000-0  81542-4 0  9996","2 39208 098.0562 251.0308 0007342 263.9932 096.0454 14.68161319  4836"
"2.0","GENERATED VIA SPACE-TRACK.ORG API","2013-08-22T01:17:55","18 SPCS","PAYLOAD B","2013-037B","EARTH","TEME","UTC","SGP4","2013-08-22T04:10:02.525375","14.67223350","0.00033770","98.0562","251.2699","251.9381","108.1462","0","U","39209","999","486","0.00007916600000","0.00000398","0.0000000000000","7048.087","98.144","672.332","667.572","PAYLOAD","LARGE","PRC","2013-07-19","TSC","","1535452","93638435","0 PAYLOAD B","1 39209U 13037B   13234.17364034  .00000398  00000-0  79166-4 0  9991","2 39209 098.0562 251.2699 0003377 251.9381 108.1462 14.67223350  4861"
"2.0","GENERATED VIA SPACE-TRACK.ORG API","2013-08-21T23:40:38","18 SPCS","PAYLOAD C","2013-037C","EARTH","TEME","UTC","SGP4","2013-08-22T04:34:35.628959","14.94963357","0.00320240","97.6957","251.4682","290.4089","69.3689","0","U","39210","999","489","0.00008034300000","0.00000827","0.0000000000000","6960.627","96.323","604.783","560.202","PAYLOAD","LARGE","PRC","2013-07-19","TSC","","1535378","93636611","0 PAYLOAD C","1 39210U 13037C   13234.19069015  .00000827  00000-0  80343-4 0  9992","2 39210 097.6957 251.4682 0032024 290.4089 069.3689 14.94963357  4894"
"2.0","GENERATED VIA SPACE-TRACK.ORG API","2013-08-22T01:17:55","18 SPCS","PAYLOAD A","2013-037A","EARTH","TEME","UTC","SGP4","2013-08-22T05:17:43.372031","14.68162901","0.00073470","98.0559","251.3667","262.9702","97.0662","0","U","39208","999","488","0.00013872000000","0.00000750","0.0000000000000","7045.080","98.081","672.121","661.769","PAYLOAD","LARGE","PRC","2013-07-19","TSC","","1535452","93638438","0 PAYLOAD A","1 39208U 13037A   13234.22064088  .00000750  00000-0  13872-3 0  9995","2 39208 098.0559 251.3667 0007347 262.9702 097.0662 14.68162901  4887"
"2.0","GENERATED VIA SPACE-TRACK.ORG API","2013-08-22T05:54:51","18 SPCS","PAYLOAD B","2013-037B","EARTH","TEME","UTC","SGP4","2013-08-22T07:26:26.929823","14.67223485","0.00033890","98.0563","251.4040","251.6905","108.3931","0","U","39209","999","488","0.00007951200000","0.00000400","0.0000000000000","7048.087","98.144","672.340","667.563","PAYLOAD","LARGE","PRC","2013-07-19","TSC","","1535514","93639704","0 PAYLOAD B","1 39209U 13037B   13234.31003391  .00000400  00000-0  79512-4 0  9992","2 39209 098.0563 251.4040 0003389 251.6905 108.3931 14.67223485  4880"
"2.0","GENERATED VIA SPACE-TRACK.ORG API","2013-08-22T05:54:51","18 SPCS","PAYLOAD C","2013-037C","EARTH","TEME","UTC","SGP4","2013-08-22T07:47:21.605568","14.94963479","0.00320810","97.6953","251.5994","289.9557","69.8215","0","U","39210","999","491","0.00007155000000","0.00000730","0.0000000000000","6960.627","96.323","604.822","560.162","PAYLOAD","LARGE","PRC","2013-07-19","TSC","","1535514","93639719","0 PAYLOAD C","1 39210U 13037C   13234.32455562  .00000730  00000-0  71550-4 0  9996","2 39210 097.6953 251.5994 0032081 289.9557 069.8215 14.94963479  4911"
"2.0","GENERATED VIA SPACE-TRACK.ORG API","2013-08-22T05:54:51","18 SPCS","PAYLOAD A","2013-037A","EARTH","TEME","UTC","SGP4","2013-08-22T08:34:00.259680","14.68163099","0.00073270","98.0561","251.5013","262.6336","97.4037","0","U","39208","999","490","0.00013538000000","0.00000730","0.0000000000000","7045.079","98.081","672.106","661.782","PAYLOAD","LARGE","PRC","2013-07-19","TSC","","1535514","93639705","0 PAYLOAD A","1 39208U 13037A   13234.35694745  .00000730  00000-0  13538-3 0  9995","2 39208 098.0561 251.5013 0007327 262.6336 097.4037 14.68163099  4907"
"2.0","GENERATED VIA SPACE-TRACK.ORG API","2013-08-22T18:20:31","18 SPCS","PAYLOAD B","2013-037B","EARTH","TEME","UTC","SGP4","2013-08-22T20:32:04.637471","14.67223062","0.00033850","98.0557","251.9405","248.5724","111.5118","0","U","39209","999","496","0.00005326500000","0.00000252","0.0000000000000","7048.088","98.144","672.339","667.567","PAYLOAD","LARGE","PRC","2013-07-19","TSC","","1535852","93645456","0 PAYLOAD B","1 39209U 13037B   13234.85560923  .00000252  00000-0  53265-4 0  9992","2 39209 098.0557 251.9405 0003385 248.5724 111.5118 14.67223062  4966"
"2.0","GENERATED VIA SPACE-TRACK.ORG API","2013-08-22T18:22:15","18 SPCS","PAYLOAD C","2013-037C","EARTH","TEME","UTC","SGP4","2013-08-22T20:38:25.571616","14.94963825","0.00318420","97.6956","252.1251","287.9066","71.8723","0","U","39210","999","499","0.00006347800000","0.00000641","0.0000000000000","6960.626","96.323","604.655","560.327","PAYLOAD","LARGE","PRC","2013-07-19","TSC","","1535855","93645529","0 PAYLOAD C","1 39210U 13037C   13234.86001819  .00000641  00000-0  63478-4 0  9998","2 39210 097.6956 252.1251 0031842 287.9066 071.8723 14.94963825  4994"
"2.0","GENERATED VIA SPACE-TRACK.ORG API","2013-08-22T18:20:31","18 SPCS","PAYLOAD A","2013-037A","EARTH","TEME","UTC","SGP4","2013-08-22T21:39:07.884575","14.68161495","0.00072960","98.0559","252.0379","260.5517","99.4866","0","U","39208","999","498","0.00003385500000","0.00000146","0.0000000000000","7045.084","98.081","672.090","661.809","PAYLOAD","LARGE","PRC","2013-07-19","TSC","","1535852","93645457","0 PAYLOAD A","1 39208U 13037A   13234.90217459  .00000146  00000-0  33855-4 0  9995","2 39208 098.0559 252.0379 0007296 260.5517 099.4866 14.68161495  4986"
"2.0","GENERATED VIA SPACE-TRACK.ORG API","2013-08-23T01:22:02","18 SPCS","PAYLOAD C","2013-037C","EARTH","TEME","UTC","SGP4","2013-08-23T04:40:20.373600","14.94965312","0.00319070","97.6954","252.4535","286.7711","73.0012","0","U","39210","999","504","0.00008676600000","0.00000898","0.0000000000000","6960.621","96.323","604.696","560.277","PAYLOAD","LARGE","PRC","2013-07-19","TSC","","1536007","93648093","0 PAYLOAD C","1 39210U 13037C   13235.19468025  .00000898  00000-0  86766-4 0  9990","2 39210 097.6954 252.4535 0031907 286.7711 073.0012 14.94965312  5041"
"2.0","GENERATED VIA SPACE-TRACK.ORG API","2013-08-23T01:20:20","18 SPCS","PAYLOAD B","2013-037B","EARTH","TEME","UTC","SGP4","2013-08-23T04:43:05.631744","14.67223656","0.00034340","98.0555","252.2755","246.8699","113.2145","0","U","39209","999","501","0.00006094200000","0.00000295","0.0000000000000","7048.086","98.144","672.372","667.531","PAYLOAD","LARGE","PRC","2013-07-19","TSC","","1536006","93648067","0 PAYLOAD B","1 39209U 13037B   13235.19659296  .00000295  00000-0  60942-4 0  9999","2 39209 098.0555 252.2755 0003434 246.8699 113.2145 14.67223656  5018"
"2.0","GENERATED VIA SPACE-TRACK.ORG API","2013-08-23T01:20:20","18 SPCS","PAYLOAD A","2013-037A","EARTH","TEME","UTC","SGP4","2013-08-23T05:49:50.076479","14.68161953","0.00073340","98.0559","252.3735","259.1889","100.8499","0","U","39208","999","503","0.00004010500000","0.00000182","0.0000000000000","7045.083","98.081","672.115","661.781","PAYLOAD","LARGE","PRC","2013-07-19","TSC","","1536006","93648068","0 PAYLOAD A","1 39208U 13037A   13235.24294070  .00000182  00000-0  40105-4 0  9993","2 39208 098.0559 252.3735 0007334 259.1889 100.8499 14.68161953  5039"
"2.0","GENERATED VIA SPACE-TRACK.ORG API","2013-08-23T09:40:31","18 SPCS","PAYLOAD B","2013-037B","EARTH","TEME","UTC","SGP4","2013-08-23T11:15:54.446687","14.67224473","0.00033810","98.0559","252.5441","245.6485","114.4380","0","U","39209","999","505","0.00008520400000","0.00000432","0.0000000000000","7048.084","98.144","672.332","667.566","PAYLOAD","LARGE","PRC","2013-07-19","TSC","","1536145","93651003","0 PAYLOAD B","1 39209U 13037B   13235.46938017  .00000432  00000-0  85204-4 0  9991","2 39209 098.0559 252.5441 0003381 245.6485 114.4380 14.67224473  5054"
"2.0","GENERATED VIA SPACE-TRACK.ORG API","2013-08-23T09:40:31","18 SPCS","PAYLOAD A","2013-037A","EARTH","TEME","UTC","SGP4","2013-08-23T12:22:23.813759","14.68162110","0.00073360","98.0566","252.6426","258.6650","101.3715","0","U","39208","999","507","0.00004552000000","0.00000213","0.0000000000000","7045.082","98.081","672.116","661.779","PAYLOAD","LARGE","PRC","2013-07-19","TSC","","1536145","93651006","0 PAYLOAD A","1 39208U 13037A   13235.51555340  .00000213  00000-0  45520-4 0  9994","2 39208 098.0566 252.6426 0007336 258.6650 101.3715 14.68162110  5076"
"2.0","GENERATED VIA SPACE-TRACK.ORG API","2013-08-23T09:40:44","18 SPCS","PAYLOAD C","2013-037C","EARTH","TEME","UTC","SGP4","2013-08-23T12:42:15.261984","14.94966191","0.00318820","97.6956","252.7819","285.6649","74.1058","0","U","39210","999","509","0.00009229800000","0.00000959","0.0000000000000","6960.619","96.323","604.675","560.292","PAYLOAD","LARGE","PRC","2013-07-19","TSC","","1536146","93651042","0 PAYLOAD C","1 39210U 13037C   13235.52934331  .00000959  00000-0  92298-4 0  9990","2 39210 097.6956 252.7819 0031882 285.6649 074.1058 14.94966191  5094"
"2.0","GENERATED VIA SPACE-TRACK.ORG API","2013-08-23T17:23:34","18 SPCS","PAYLOAD B","2013-037B","EARTH","TEME","UTC","SGP4","2013-08-23T19:26:55.509216","14.67223743","0.00033620","98.0557","252.8797","243.9013","116.1842","0","U","39209","999","510","0.00005262800000","0.00000249","0.0000000000000","7048.086","98.144","672.321","667.581","PAYLOAD","LARGE","PRC","2013-07-19","TSC","","1536359","93653475","0 PAYLOAD B","1 39209U 13037B   13235.81036469  .00000249  00000-0  52628-4 0  9990","2 39209 098.0557 252.8797 0003362 243.9013 116.1842 14.67223743  5103"
"2.0","GENERATED VIA SPACE-TRACK.ORG API","2013-08-23T17:23:34","18 SPCS","PAYLOAD A","2013-037A","EARTH","TEME","UTC","SGP4","2013-08-23T20:33:06.097248","14.68161856","0.00073450","98.0564","252.9782","257.5359","102.5028","0","U","39208","999","512","0.00003619000000","0.00000160","0.0000000000000","7045.083","98.081","672.123","661.774","PAYLOAD","LARGE","PRC","2013-07-19","TSC","","1536359","93653476","0 PAYLOAD A","1 39208U 13037A   13235.85632057  .00000160  00000-0  36190-4 0  9996","2 39208 098.0564 252.9782 0007345 257.5359 102.5028 14.68161856  5128"
"2.0","GENERATED VIA SPACE-TRACK.ORG API","2013-08-23T17:24:46","18 SPCS","PAYLOAD C","2013-037C","EARTH","TEME","UTC","SGP4","2013-08-23T20:44:10.169376","14.94966624","0.00318820","97.6954","253.1103","284.5713","75.1982","0","U","39210","999","514","0.00008781000000","0.00000909","0.0000000000000","6960.617","96.323","604.674","560.290","PAYLOAD","LARGE","PRC","2013-07-19","TSC","","1536361","93653534","0 PAYLOAD C","1 39210U 13037C   13235.86400659  .00000909  00000-0  87810-4 0  9997","2 39210 097.6954 253.1103 0031882 284.5713 075.1982 14.94966624  5147"
"2.0","GENERATED VIA SPACE-TRACK.ORG API","2013-08-23T16:58:39","18 SPCS","PAYLOAD C","2013-037C","EARTH","TEME","UTC","SGP4","2013-08-23T22:20:33.129599","14.94967289","0.00318640","97.6957","253.1760","284.4130","75.3567","0","U","39210","999","515","0.00009935700000","0.00001037","0.0000000000000","6960.615","96.323","604.660","560.301","PAYLOAD","LARGE","PRC","2013-07-19","TSC","","1536323","93652762","0 PAYLOAD C","1 39210U 13037C   13235.93093900  .00001037  00000-0  99357-4 0  9994","2 39210 097.6957 253.1760 0031864 284.4130 075.3567 14.94967289  5151"
"2.0","GENERATED VIA SPACE-TRACK.ORG API","2013-08-24T02:08:46","18 SPCS","PAYLOAD B","2013-037B","EARTH","TEME","UTC","SGP4","2013-08-24T03:37:56.496575","14.67224278","0.00034020","98.0556","253.2147","242.6367","117.4496","0","U","39209","999","515","0.00005465500000","0.00000260","0.0000000000000","7048.084","98.144","672.347","667.551","PAYLOAD","LARGE","PRC","2013-07-19","TSC","","1536503","93655982","0 PAYLOAD B","1 39209U 13037B   13236.15134834  .00000260  00000-0  54655-4 0  9998","2 39209 098.0556 253.2147 0003402 242.6367 117.4496 14.67224278  5157"
"2.0","GENERATED VIA SPACE-TRACK.ORG API","2013-08-24T02:08:46","18 SPCS","PAYLOAD A","2013-037A","EARTH","TEME","UTC","SGP4","2013-08-24T04:43:48.260640","14.68162789","0.00073750","98.0564","253.3137","256.7491","103.2893","0","U","39208","999","517","0.00006385700000","0.00000319","0.0000000000000","7045.080","98.081","672.141","661.750","PAYLOAD","LARGE","PRC","2013-07-19","TSC","","1536503","93655983","0 PAYLOAD A","1 39208U 13037A   13236.19708635  .00000319  00000-0  63857-4 0  9996","2 39208 098.0564 253.3137 0007375 256.7491 103.2893 14.68162789  5177"
"2.0","GENERATED VIA SPACE-TRACK.ORG API","2013-08-24T02:48:59","18 SPCS","PAYLOAD C","2013-037C","EARTH","TEME","UTC","SGP4","2013-08-24T04:46:04.953216","14.94968572","0.00318960","97.6955","253.4387","283.4662","76.3009","0","U","39210","999","519","0.00011147000000","0.00001171","0.0000000000000","6960.611","96.323","604.678","560.275","PAYLOAD","LARGE","PRC","2013-07-19","TSC","","1536505","93656019","0 PAYLOAD C","1 39210U 13037C   13236.19866844  .00001171  00000-0  11147-3 0  9997","2 39210 097.6955 253.4387 0031896 283.4662 076.3009 14.94968572  5193"
"2.0","GENERATED VIA SPACE-TRACK.ORG API","2013-08-24T05:54:32","18 SPCS","PAYLOAD C","2013-037C","EARTH","TEME","UTC","SGP4","2013-08-24T11:11:36.804479","14.94969779","0.00318480","97.6960","253.7014","282.6460","77.1205","0","U","39210","999","523","0.00012160000000","0.00001282","0.0000000000000","6960.608","96.323","604.641","560.304","PAYLOAD","LARGE","PRC","2013-07-19","TSC","","1536516","93656207","0 PAYLOAD C","1 39210U 13037C   13236.46639820  .00001282  00000-0  12160-3 0  9998","2 39210 097.6960 253.7014 0031848 282.6460 077.1205 14.94969779  5235"
"2.0","GENERATED VIA SPACE-TRACK.ORG API","2013-08-24T10:14:05","18 SPCS","PAYLOAD B","2013-037B","EARTH","TEME","UTC","SGP4","2013-08-24T11:48:57.492575","14.67225134","0.00033550","98.0561","253.5502","240.7847","119.3036","0","U","39209","999","520","0.00007793100000","0.00000391","0.0000000000000","7048.081","98.144","672.311","667.582","PAYLOAD","LARGE","PRC","2013-07-19","TSC","","1536656","93659038","0 PAYLOAD B","1 39209U 13037B   13236.49233209  .00000391  00000-0  77931-4 0  9998","2 39209 098.0561 253.5502 0003355 240.7847 119.3036 14.67225134  5209"
"2.0","GENERATED VIA SPACE-TRACK.ORG API","2013-08-24T10:14:05","18 SPCS","PAYLOAD A","2013-037A","EARTH","TEME","UTC","SGP4","2013-08-24T12:54:30.445632","14.68163427","0.00073820","98.0565","253.6492","255.3904","104.6492","0","U","39208","999","522","0.00007794400000","0.00000400","0.0000000000000","7045.078","98.081","672.144","661.743","PAYLOAD","LARGE","PRC","2013-07-19","TSC","","1536656","93659039","0 PAYLOAD A","1 39208U 13037A   13236.53785238  .00000400  00000-0  77944-4 0  9991","2 39208 098.0565 253.6492 0007382 255.3904 104.6492 14.68163427  5223"
"2.0","GENERATED VIA SPACE-TRACK.ORG API","2013-08-24T13:55:16","18 SPCS","PAYLOAD C","2013-037C","EARTH","TEME","UTC","SGP4","2013-08-24T19:13:31.634112","14.94970194","0.00318410","97.6960","254.0299","281.4492","78.3151","0","U","39210","999","528","0.00011389000000","0.00001197","0.0000000000000","6960.606","96.322","604.634","560.308","PAYLOAD","LARGE","PRC","2013-07-19","TSC","","1536687","93659279","0 PAYLOAD C","1 39210U 13037C   13236.80106058  .00001197  00000-0  11389-3 0  9995","2 39210 097.6960 254.0299 0031841 281.4492 078.3151 14.94970194  5280"
"2.0","GENERATED VIA SPACE-TRACK.ORG API","2013-08-24T17:43:26","18 SPCS","PAYLOAD B","2013-037B","EARTH","TEME","UTC","SGP4","2013-08-24T19:59:58.494624","14.67225335","0.00033670","98.0560","253.8854","239.9633","120.1242","0","U","39209","999","525","0.00007902800000","0.00000397","0.0000000000000","7048.081","98.144","672.319","667.573","PAYLOAD","LARGE","PRC","2013-07-19","TSC","","1536797","93661399","0 PAYLOAD B","1 39209U 13037B   13236.83331591  .00000397  00000-0  79028-4 0  9994","2 39209 098.0560 253.8854 0003367 239.9633 120.1242 14.67225335  5254"
"2.0","GENERATED VIA SPACE-TRACK.ORG API","2013-08-24T17:45:27","18 SPCS","PAYLOAD A","2013-037A","EARTH","TEME","UTC","SGP4","2013-08-24T21:05:12.653088","14.68163214","0.00074020","98.0565","253.9847","254.2450","105.7941","0","U","39208","999","527","0.00006248900000","0.00000311","0.0000000000000","7045.079","98.081","672.159","661.729","PAYLOAD","LARGE","PRC","2013-07-19","TSC","","1536798","93661402","0 PAYLOAD A","1 39208U 13037A   13236.87861867  .00000311  00000-0  62489-4 0  9990","2 39208 098.0565 253.9847 0007402 254.2450 105.7941 14.68163214  5277"
"2.0","GENERATED VIA SPACE-TRACK.ORG API","2013-08-24T20:11:39","18 SPCS","PAYLOAD C","2013-037C","EARTH","TEME","UTC","SGP4","2013-08-25T01:39:03.442175","14.94971679","0.00318360","97.6959","254.2925","280.4679","79.2965","0","U","39210","999","532","0.00012836000000","0.00001357","0.0000000000000","6960.602","96.322","604.626","560.307","PAYLOAD","LARGE","PRC","2013-07-19","TSC","","1536834","93661646","0 PAYLOAD C","1 39210U 13037C   13237.06878984  .00001357  00000-0  12836-3 0  9994","2 39210 097.6959 254.2925 0031836 280.4679 079.2965 14.94971679  5323"
"2.0","GENERATED VIA SPACE-TRACK.ORG API","2013-08-25T02:01:27","18 SPCS","PAYLOAD B","2013-037B","EARTH","TEME","UTC","SGP4","2013-08-25T04:10:59.453472","14.67225920","0.00033940","98.0558","254.2207","238.7904","121.2969","0","U","39209","999","530","0.00008568300000","0.00000435","0.0000000000000","7048.079","98.144","672.336","667.552","PAYLOAD","LARGE","PRC","2013-07-19","TSC","","1536984","93663876","0 PAYLOAD B","1 39209U 13037B   13237.17429923  .00000435  00000-0  85683-4 0  9996","2 39209 098.0558 254.2207 0003394 238.7904 121.2969 14.67225920  5300"
"2.0","GENERATED VIA SPACE-TRACK.ORG API","2013-08-25T02:03:13","18 SPCS","PAYLOAD C","2013-037C","EARTH","TEME","UTC","SGP4","2013-08-25T04:51:49.340160","14.94972160","0.00318540","97.6957","254.4239","279.9617","79.8013","0","U","39210","999","534","0.00013157000000","0.00001392","0.0000000000000","6960.600","96.322","604.637","560.293","PAYLOAD","LARGE","PRC","2013-07-19","TSC","","1536985","93663914","0 PAYLOAD C","1 39210U 13037C   13237.20265440  .00001392  00000-0  13157-3 0  9993","2 39210 097.6957 254.4239 0031854 279.9617 079.8013 14.94972160  5344"
"2.0","GENERATED VIA SPACE-TRACK.ORG API","2013-08-25T02:01:27","18 SPCS","PAYLOAD A","2013-037A","EARTH","TEME","UTC","SGP4","2013-08-25T05:15:54.809568","14.68163624","0.00074060","98.0567","254.3204","253.2372","106.8017","0","U","39208","999","532","0.00006296300000","0.00000314","0.0000000000000","7045.078","98.081","672.160","661.725","PAYLOAD","LARGE","PRC","2013-07-19","TSC","","1536984","93663877","0 PAYLOAD A","1 39208U 13037A   13237.21938437  .00000314  00000-0  62963-4 0  9997","2 39208 098.0567 254.3204 0007406 253.2372 106.8017 14.68163624  5324"
"2.0","GENERATED VIA SPACE-TRACK.ORG API","2013-08-25T04:17:28","18 SPCS","PAYLOAD C","2013-037C","EARTH","TEME","UTC","SGP4","2013-08-25T09:40:58.178495","14.94973449","0.00318030","97.6962","254.6209","279.4310","80.3313","0","U","39210","999","537","0.00014701000000","0.00001563","0.0000000000000","6960.596","96.322","604.598","560.324","PAYLOAD","LARGE","PRC","2013-07-19","TSC","","1537002","93664080","0 PAYLOAD C","1 39210U 13037C   13237.40345114  .00001563  00000-0  14701-3 0  9998","2 39210 097.6962 254.6209 0031803 279.4310 080.3313 14.94973449  5372"
"2.0","GENERATED VIA SPACE-TRACK.ORG API","2013-08-25T10:31:06","18 SPCS","PAYLOAD B","2013-037B","EARTH","TEME","UTC","SGP4","2013-08-25T12:22:00.428736","14.67226263","0.00034090","98.0561","254.5558","236.9398","123.1481","0","U","39209","999","535","0.00008681700000","0.00000441","0.0000000000000","7048.078","98.144","672.346","667.540","PAYLOAD","LARGE","PRC","2013-07-19","TSC","","1537161","93667390","0 PAYLOAD B","1 39209U 13037B   13237.51528274  .00000441  00000-0  86817-4 0  9990","2 39209 098.0561 254.5558 0003409 236.9398 123.1481 14.67226263  5356"
"2.0","GENERATED VIA SPACE-TRACK.ORG API","2013-08-25T07:54:50","18 SPCS","PAYLOAD C","2013-037C","EARTH","TEME","UTC","SGP4","2013-08-25T12:53:44.085119","14.94973092","0.00317910","97.6962","254.7522","278.9713","80.7882","0","U","39210","999","539","0.00013165000000","0.00001393","0.0000000000000","6960.597","96.322","604.591","560.334","PAYLOAD","LARGE","PRC","2013-07-19","TSC","","1537022","93664100","0 PAYLOAD C","1 39210U 13037C   13237.53731580  .00001393  00000-0  13165-3 0  9992","2 39210 097.6962 254.7522 0031791 278.9713 080.7882 14.94973092  5399"
"2.0","GENERATED VIA SPACE-TRACK.ORG API","2013-08-25T10:31:06","18 SPCS","PAYLOAD A","2013-037A","EARTH","TEME","UTC","SGP4","2013-08-25T13:26:36.982464","14.68164062","0.00074160","98.0567","254.6560","251.6965","108.3438","0","U","39208","999","537","0.00006714200000","0.00000338","0.0000000000000","7045.076","98.081","672.166","661.717","PAYLOAD","LARGE","PRC","2013-07-19","TSC","","1537161","93667391","0 PAYLOAD A","1 39208U 13037A   13237.56015026  .00000338  00000-0  67142-4 0  9995","2 39208 098.0567 254.6560 0007416 251.6965 108.3438 14.68164062  5379"
"2.0","GENERATED VIA SPACE-TRACK.ORG API","2013-08-25T09:59:20","18 SPCS","PAYLOAD C","2013-037C","EARTH","TEME","UTC","SGP4","2013-08-25T14:30:07.111871","14.94972470","0.00317730","97.6963","254.8179","278.6773","81.0846","0","U","39210","999","540","0.00011391000000","0.00001198","0.0000000000000","6960.599","96.322","604.580","560.348","PAYLOAD","LARGE","PRC","2013-07-19","TSC","","1537131","93666713","0 PAYLOAD C","1 39210U 13037C   13237.60424898  .00001198  00000-0  11391-3 0  9993","2 39210 097.6963 254.8179 0031773 278.6773 081.0846 14.94972470  5407"
"2.0","GENERATED VIA SPACE-TRACK.ORG API","2013-08-25T12:15:49","18 SPCS","PAYLOAD C","2013-037C","EARTH","TEME","UTC","SGP4","2013-08-25T17:42:53.026272","14.94972097","0.00317050","97.6964","254.9494","278.2227","81.5370","0","U","39210","999","542","0.00009764000000","0.00001018","0.0000000000000","6960.600","96.322","604.534","560.397","PAYLOAD","LARGE","PRC","2013-07-19","TSC","","1537175","93667651","0 PAYLOAD C","1 39210U 13037C   13237.73811373  .00001018  00000-0  97640-4 0  9998","2 39210 097.6964 254.9494 0031705 278.2227 081.5370 14.94972097  5428"
"2.0","GENERATED VIA SPACE-TRACK.ORG API","2013-08-25T14:29:01","18 SPCS","PAYLOAD B","2013-037B","EARTH","TEME","UTC","SGP4","2013-08-25T18:54:49.241087","14.67226226","0.00033330","98.0566","254.8235","235.0820","125.0049","0","U","39209","999","539","0.00008532000000","0.00000433","0.0000000000000","7048.078","98.144","672.292","667.594","PAYLOAD","LARGE","PRC","2013-07-19","TSC","","1537186","93667662","0 PAYLOAD B","1 39209U 13037B   13237.78806992  .00000433  00000-0  85320-4 0  9994","2 39209 098.0566 254.8235 0003333 235.0820 125.0049 14.67226226  5396"
"2.0","GENERATED VIA SPACE-TRACK.ORG API","2013-08-25T14:24:10","18 SPCS","PAYLOAD A","2013-037A","EARTH","TEME","UTC","SGP4","2013-08-25T19:59:10.755168","14.68163872","0.00073710","98.0568","254.9242","250.2154","109.8254","0","U","39208","999","541","0.00005996000000","0.00000296","0.0000000000000","7045.077","98.081","672.135","661.749","PAYLOAD","LARGE","PRC","2013-07-19","TSC","","1537185","93667661","0 PAYLOAD A","1 39208U 13037A   13237.83276337  .00000296  00000-0  59960-4 0  9991","2 39208 098.0568 254.9242 0007371 250.2154 109.8254 14.68163872  5410"
"2.0","GENERATED VIA SPACE-TRACK.ORG API","2013-08-25T15:21:10","18 SPCS","PAYLOAD C","2013-037C","EARTH","TEME","UTC","SGP4","2013-08-25T20:55:38.983871","14.94972876","0.00316630","97.6966","255.0809","277.5574","82.2076","0","U","39210","999","544","0.00010903000000","0.00001144","0.0000000000000","6960.598","96.322","604.502","560.424","PAYLOAD","LARGE","PRC","2013-07-19","TSC","","1537192","93667668","0 PAYLOAD C","1 39210U 13037C   13237.87197898  .00001144  00000-0  10903-3 0  9998","2 39210 097.6966 255.0809 0031663 277.5574 082.2076 14.94972876  5440"
"2.0","GENERATED VIA SPACE-TRACK.ORG API","2013-08-26T01:44:19","18 SPCS","PAYLOAD A","2013-037A","EARTH","TEME","UTC","SGP4","2013-08-26T02:31:44.463935","14.68164349","0.00074500","98.0564","255.1929","248.8909","111.1504","0","U","39208","999","545","0.00006573500000","0.00000330","0.0000000000000","7045.075","98.081","672.189","661.692","PAYLOAD","LARGE","PRC","2013-07-19","TSC","","1537476","93672649","0 PAYLOAD A","1 39208U 13037A   13238.10537574  .00000330  00000-0  65735-4 0  9991","2 39208 098.0564 255.1929 0007450 248.8909 111.1504 14.68164349  5458"
"2.0","GENERATED VIA SPACE-TRACK.ORG API","2013-08-26T01:44:19","18 SPCS","PAYLOAD B","2013-037B","EARTH","TEME","UTC","SGP4","2013-08-26T03:05:50.213760","14.67226599","0.00034730","98.0556","255.1595","232.7619","127.3273","0","U","39209","999","544","0.00008545100000","0.00000433","0.0000000000000","7048.077","98.144","672.390","667.494","PAYLOAD","LARGE","PRC","2013-07-19","TSC","","1537476","93672648","0 PAYLOAD B","1 39209U 13037B   13238.12905340  .00000433  00000-0  85451-4 0  9995","2 39209 098.0556 255.1595 0003473 232.7619 127.3273 14.67226599  5446"
"2.0","GENERATED VIA SPACE-TRACK.ORG API","2013-08-26T01:44:41","18 SPCS","PAYLOAD C","2013-037C","EARTH","TEME","UTC","SGP4","2013-08-26T03:21:10.658880","14.94974741","0.00317450","97.6965","255.3439","276.3897","83.3711","0","U","39210","999","548","0.00012916000000","0.00001366","0.0000000000000","6960.592","96.322","604.554","560.361","PAYLOAD","LARGE","PRC","2013-07-19","TSC","","1537477","93672681","0 PAYLOAD C","1 39210U 13037C   13238.13970670  .00001366  00000-0  12916-3 0  9997","2 39210 097.6965 255.3439 0031745 276.3897 083.3711 14.94974741  5482"
"2.0","GENERATED VIA SPACE-TRACK.ORG API","2013-08-26T09:39:36","18 SPCS","PAYLOAD A","2013-037A","EARTH","TEME","UTC","SGP4","2013-08-26T10:42:26.624736","14.68164978","0.00074240","98.0566","255.5285","247.6459","112.3967","0","U","39208","999","550","0.00008034500000","0.00000414","0.0000000000000","7045.073","98.081","672.169","661.708","PAYLOAD","LARGE","PRC","2013-07-19","TSC","","1537596","93675400","0 PAYLOAD A","1 39208U 13037A   13238.44614149  .00000414  00000-0  80345-4 0  9999","2 39208 098.0566 255.5285 0007424 247.6459 112.3967 14.68164978  5507"
"2.0","GENERATED VIA SPACE-TRACK.ORG API","2013-08-26T09:39:36","18 SPCS","PAYLOAD B","2013-037B","EARTH","TEME","UTC","SGP4","2013-08-26T11:16:51.184703","14.67226848","0.00034710","98.0558","255.4947","231.3583","128.7315","0","U","39209","999","549","0.00008143000000","0.00000411","0.0000000000000","7048.076","98.144","672.387","667.495","PAYLOAD","LARGE","PRC","2013-07-19","TSC","","1537596","93675399","0 PAYLOAD B","1 39209U 13037B   13238.47003686  .00000411  00000-0  81430-4 0  9994","2 39209 098.0558 255.4947 0003471 231.3583 128.7315 14.67226848  5499"
"2.0","GENERATED VIA SPACE-TRACK.ORG API","2013-08-26T09:40:47","18 SPCS","PAYLOAD C","2013-037C","EARTH","TEME","UTC","SGP4","2013-08-26T11:23:05.355456","14.94977518","0.00317190","97.6969","255.6726","275.3119","84.4502","0","U","39210","999","553","0.00018173000000","0.00001946","0.0000000000000","6960.583","96.322","604.527","560.370","PAYLOAD","LARGE","PRC","2013-07-19","TSC","","1537599","93675440","0 PAYLOAD C","1 39210U 13037C   13238.47436754  .00001946  00000-0  18173-3 0  9999","2 39210 097.6969 255.6726 0031719 275.3119 084.4502 14.94977518  5536"
"2.0","GENERATED VIA SPACE-TRACK.ORG API","2013-08-26T17:22:34","18 SPCS","PAYLOAD A","2013-037A","EARTH","TEME","UTC","SGP4","2013-08-26T18:53:08.823552","14.68163807","0.00074330","98.0572","255.8645","246.2661","113.7733","0","U","39208","999","555","0.00003663300000","0.00000162","0.0000000000000","7045.077","98.081","672.179","661.705","PAYLOAD","LARGE","PRC","2013-07-19","TSC","","1537817","93677872","0 PAYLOAD A","1 39208U 13037A   13238.78690768  .00000162  00000-0  36633-4 0  9998","2 39208 098.0572 255.8645 0007433 246.2661 113.7733 14.68163807  5558"
"2.0","GENERATED VIA SPACE-TRACK.ORG API","2013-08-26T17:22:51","18 SPCS","PAYLOAD C","2013-037C","EARTH","TEME","UTC","SGP4","2013-08-26T19:25:00.067584","14.94978230","0.00316820","97.6971","256.0012","274.1743","85.5859","0","U","39210","999","558","0.00018897000000","0.00002026","0.0000000000000","6960.581","96.322","604.499","560.394","PAYLOAD","LARGE","PRC","2013-07-19","TSC","","1537818","93677900","0 PAYLOAD C","1 39210U 13037C   13238.80902856  .00002026  00000-0  18897-3 0  9990","2 39210 097.6971 256.0012 0031682 274.1743 085.5859 14.94978230  5585"
"2.0","GENERATED VIA SPACE-TRACK.ORG API","2013-08-26T17:22:34","18 SPCS","PAYLOAD B","2013-037B","EARTH","TEME","UTC","SGP4","2013-08-26T19:27:52.195392","14.67226194","0.00035140","98.0555","255.8298","229.9266","130.1621","0","U","39209","999","554","0.00005356700000","0.00000254","0.0000000000000","7048.078","98.144","672.420","667.466","PAYLOAD","LARGE","PRC","2013-07-19","TSC","","1537817","93677869","0 PAYLOAD B","1 39209U 13037B   13238.81102078  .00000254  00000-0  53567-4 0  9992","2 39209 098.0555 255.8298 0003514 229.9266 130.1621 14.67226194  5545"
"2.0","GENERATED VIA SPACE-TRACK.ORG API","2013-08-27T01:39:19","18 SPCS","PAYLOAD A","2013-037A","EARTH","TEME","UTC","SGP4","2013-08-27T03:03:51.012863","14.68164113","0.00075120","98.0573","256.2001","244.2078","115.8358","0","U","39208","999","560","0.00003337500000","0.00000144","0.0000000000000","7045.076","98.081","672.233","661.649","PAYLOAD","LARGE","PRC","2013-07-19","TSC","","1537960","93680869","0 PAYLOAD A","1 39208U 13037A   13239.12767376  .00000144  00000-0  33375-4 0  9997","2 39208 098.0573 256.2001 0007512 244.2078 115.8358 14.68164113  5601"
"2.0","GENERATED VIA SPACE-TRACK.ORG API","2013-08-27T01:40:41","18 SPCS","PAYLOAD C","2013-037C","EARTH","TEME","UTC","SGP4","2013-08-27T03:26:54.683808","14.94980001","0.00316960","97.6970","256.3296","273.0192","86.7395","0","U","39210","999","563","0.00019318000000","0.00002073","0.0000000000000","6960.576","96.322","604.503","560.379","PAYLOAD","LARGE","PRC","2013-07-19","TSC","","1537962","93680911","0 PAYLOAD C","1 39210U 13037C   13239.14368847  .00002073  00000-0  19318-3 0  9995","2 39210 097.6970 256.3296 0031696 273.0192 086.7395 14.94980001  5635"
"2.0","GENERATED VIA SPACE-TRACK.ORG API","2013-08-27T01:39:19","18 SPCS","PAYLOAD B","2013-037B","EARTH","TEME","UTC","SGP4","2013-08-27T03:38:53.160287","14.67226524","0.00035210","98.0557","256.1652","227.3893","132.7015","0","U","39209","999","559","0.00005028900000","0.00000235","0.0000000000000","7048.077","98.144","672.424","667.460","PAYLOAD","LARGE","PRC","2013-07-19","TSC","","1537960","93680867","0 PAYLOAD B","1 39209U 13037B   13239.15200417  .00000235  00000-0  50289-4 0  9993","2 39209 098.0557 256.1652 0003521 227.3893 132.7015 14.67226524  5598"
"2.0","GENERATED VIA SPACE-TRACK.ORG API","2013-08-27T09:33:38","18 SPCS","PAYLOAD B","2013-037B","EARTH","TEME","UTC","SGP4","2013-08-27T10:11:41.944127","14.67226597","0.00035300","98.0557","256.4334","226.6921","133.3994","0","U","39209","999","563","0.00004482200000","0.00000205","0.0000000000000","7048.077","98.144","672.430","667.454","PAYLOAD","LARGE","PRC","2013-07-19","TSC","","1538085","93683607","0 PAYLOAD B","1 39209U 13037B   13239.42479102  .00000205  00000-0  44822-4 0  9995","2 39209 098.0557 256.4334 0003530 226.6921 133.3994 14.67226597  5630"
"2.0","GENERATED VIA SPACE-TRACK.ORG API","2013-08-27T09:33:38","18 SPCS","PAYLOAD A","2013-037A","EARTH","TEME","UTC","SGP4","2013-08-27T11:14:33.186624","14.68164404","0.00074940","98.0574","256.5357","243.1286","116.9164","0","U","39208","999","565","0.00003512400000","0.00000154","0.0000000000000","7045.075","98.081","672.220","661.661","PAYLOAD","LARGE","PRC","2013-07-19","TSC","","1538085","93683608","0 PAYLOAD A","1 39208U 13037A   13239.46843966  .00000154  00000-0  35124-4 0  9999","2 39208 098.0574 256.5357 0007494 243.1286 116.9164 14.68164404  5652"
"2.0","GENERATED VIA SPACE-TRACK.ORG API","2013-08-27T09:36:01","18 SPCS","PAYLOAD C","2013-037C","EARTH","TEME","UTC","SGP4","2013-08-27T11:28:49.337183","14.94979956","0.00317260","97.6971","256.6582","271.8456","87.9114","0","U","39210","999","568","0.00014704000000","0.00001563","0.0000000000000","6960.576","96.322","604.524","560.358","PAYLOAD","LARGE","PRC","2013-07-19","TSC","","1538088","93683649","0 PAYLOAD C","1 39210U 13037C   13239.47834881  .00001563  00000-0  14704-3 0  9994","2 39210 097.6971 256.6582 0031726 271.8456 087.9114 14.94979956  5684"
"2.0","GENERATED VIA SPACE-TRACK.ORG API","2013-08-27T17:24:29","18 SPCS","PAYLOAD B","2013-037B","EARTH","TEME","UTC","SGP4","2013-08-27T18:22:42.928895","14.67226325","0.00035800","98.0561","256.7691","224.1967","135.8948","0","U","39209","999","568","0.00003231300000","0.00000134","0.0000000000000","7048.078","98.144","672.466","667.419","PAYLOAD","LARGE","PRC","2013-07-19","TSC","","1538261","93686278","0 PAYLOAD B","1 39209U 13037B   13239.76577464  .00000134  00000-0  32313-4 0  9995","2 39209 098.0561 256.7691 0003580 224.1967 135.8948 14.67226325  5682"
"2.0","GENERATED VIA SPACE-TRACK.ORG API","2013-08-27T17:24:29","18 SPCS","PAYLOAD A","2013-037A","EARTH","TEME","UTC","SGP4","2013-08-27T19:25:15.401855","14.68163600","0.00075140","98.0573","256.8712","241.6103","118.4350","0","U","39208","999","570","0.00000235490000","-0.00000035","0.0000000000000","7045.078","98.081","672.236","661.649","PAYLOAD","LARGE","PRC","2013-07-19","TSC","","1538261","93686279","0 PAYLOAD A","1 39208U 13037A   13239.80920604 -.00000035  00000-0  23549-5 0  9990","2 39208 098.0573 256.8712 0007514 241.6103 118.4350 14.68163600  5700"
"2.0","GENERATED VIA SPACE-TRACK.ORG API","2013-08-27T17:26:05","18 SPCS","PAYLOAD C","2013-037C","EARTH","TEME","UTC","SGP4","2013-08-27T19:30:44.090784","14.94977121","0.00315820","97.6971","256.9872","270.6241","89.1320","0","U","39210","999","573","0.00002405100000","0.00000206","0.0000000000000","6960.585","96.322","604.433","560.467","PAYLOAD","LARGE","PRC","2013-07-19","TSC","","1538262","93686314","0 PAYLOAD C","1 39210U 13037C   13239.81301031  .00000206  00000-0  24051-4 0  9998","2 39210 097.6971 256.9872 0031582 270.6241 089.1320 14.94977121  5739"
"2.0","GENERATED VIA SPACE-TRACK.ORG API","2013-08-28T01:41:24","18 SPCS","PAYLOAD B","2013-037B","EARTH","TEME","UTC","SGP4","2013-08-28T02:33:43.898975","14.67226706","0.00036190","98.0558","257.1042","223.5314","136.5618","0","U","39209","999","573","0.00003576600000","0.00000154","0.0000000000000","7048.076","98.144","672.492","667.391","PAYLOAD","LARGE","PRC","2013-07-19","TSC","","1538401","93688994","0 PAYLOAD B","1 39209U 13037B   13240.10675809  .00000154  00000-0  35766-4 0  9994","2 39209 098.0558 257.1042 0003619 223.5314 136.5618 14.67226706  5736"
"2.0","GENERATED VIA SPACE-TRACK.ORG API","2013-08-28T01:42:56","18 SPCS","PAYLOAD C","2013-037C","EARTH","TEME","UTC","SGP4","2013-08-28T03:32:38.804639","14.94978155","0.00316670","97.6970","257.3156","269.4508","90.3095","0","U","39210","999","578","0.00003914200000","0.00000373","0.0000000000000","6960.582","96.322","604.489","560.404","PAYLOAD","LARGE","PRC","2013-07-19","TSC","","1538403","93689038","0 PAYLOAD C","1 39210U 13037C   13240.14767135  .00000373  00000-0  39142-4 0  9999","2 39210 097.6970 257.3156 0031667 269.4508 090.3095 14.94978155  5780"
"2.0","GENERATED VIA SPACE-TRACK.ORG API","2013-08-28T01:41:24","18 SPCS","PAYLOAD A","2013-037A","EARTH","TEME","UTC","SGP4","2013-08-28T03:35:57.549695","14.68164818","0.00075590","98.0570","257.2067","240.5054","119.5430","0","U","39208","999","575","0.00004241600000","0.00000196","0.0000000000000","7045.074","98.081","672.264","661.613","PAYLOAD","LARGE","PRC","2013-07-19","TSC","","1538401","93688997","0 PAYLOAD A","1 39208U 13037A   13240.14997164  .00000196  00000-0  42416-4 0  9994","2 39208 098.0570 257.2067 0007559 240.5054 119.5430 14.68164818  5755"
"2.0","GENERATED VIA SPACE-TRACK.ORG API","2013-08-28T09:31:14","18 SPCS","PAYLOAD A","2013-037A","EARTH","TEME","UTC","SGP4","2013-08-28T10:08:31.222175","14.68165312","0.00075430","98.0572","257.4752","239.6642","120.3825","0","U","39208","999","579","0.00005556900000","0.00000271","0.0000000000000","7045.072","98.081","672.251","661.623","PAYLOAD","LARGE","PRC","2013-07-19","TSC","","1538541","93691672","0 PAYLOAD A","1 39208U 13037A   13240.42258359  .00000271  00000-0  55569-4 0  9998","2 39208 098.0572 257.4752 0007543 239.6642 120.3825 14.68165312  5797"
"2.0","GENERATED VIA SPACE-TRACK.ORG API","2013-08-28T07:16:50","18 SPCS","PAYLOAD C","2013-037C","EARTH","TEME","UTC","SGP4","2013-08-28T11:34:33.457151","14.94979054","0.00316600","97.6972","257.6443","268.3576","91.4029","0","U","39210","999","583","0.00005177800000","0.00000512","0.0000000000000","6960.579","96.322","604.481","560.407","PAYLOAD","LARGE","PRC","2013-07-19","TSC","","1538434","93689250","0 PAYLOAD C","1 39210U 13037C   13240.48233168  .00000512  00000-0  51778-4 0  9994","2 39210 097.6972 257.6443 0031660 268.3576 091.4029 14.94979054  5834"
"2.0","GENERATED VIA SPACE-TRACK.ORG API","2013-08-28T07:10:43","18 SPCS","PAYLOAD B","2013-037B","EARTH","TEME","UTC","SGP4","2013-08-28T12:22:57.027648","14.67227281","0.00035840","98.0561","257.5065","221.7473","138.3452","0","U","39209","999","579","0.00005594500000","0.00000267","0.0000000000000","7048.075","98.144","672.466","667.414","PAYLOAD","LARGE","PRC","2013-07-19","TSC","","1538432","93689248","0 PAYLOAD B","1 39209U 13037B   13240.51593782  .00000267  00000-0  55945-4 0  9994","2 39209 098.0561 257.5065 0003584 221.7473 138.3452 14.67227281  5797"
"2.0","GENERATED VIA SPACE-TRACK.ORG API","2013-08-28T14:55:46","18 SPCS","PAYLOAD C","2013-037C","EARTH","TEME","UTC","SGP4","2013-08-28T19:36:28.177056","14.94979059","0.00316210","97.6974","257.9729","267.1939","92.5684","0","U","39210","999","588","0.00004953300000","0.00000487","0.0000000000000","6960.579","96.322","604.454","560.434","PAYLOAD","LARGE","PRC","2013-07-19","TSC","","1538624","93692181","0 PAYLOAD C","1 39210U 13037C   13240.81699279  .00000487  00000-0  49533-4 0  9997","2 39210 097.6974 257.9729 0031621 267.1939 092.5684 14.94979059  5882"
"2.0","GENERATED VIA SPACE-TRACK.ORG API","2013-08-28T14:53:42","18 SPCS","PAYLOAD A","2013-037A","EARTH","TEME","UTC","SGP4","2013-08-28T19:57:21.808224","14.68165440","0.00075070","98.0571","257.8780","237.8526","122.1941","0","U","39208","999","585","0.00005396300000","0.00000262","0.0000000000000","7045.072","98.081","672.226","661.648","PAYLOAD","LARGE","PRC","2013-07-19","TSC","","1538623","93692180","0 PAYLOAD A","1 39208U 13037A   13240.83150241  .00000262  00000-0  53963-4 0  9990","2 39208 098.0571 257.8780 0007507 237.8526 122.1941 14.68165440  5850"
"2.0","GENERATED VIA SPACE-TRACK.ORG API","2013-08-28T14:58:58","18 SPCS","PAYLOAD B","2013-037B","EARTH","TEME","UTC","SGP4","2013-08-28T20:33:58.027968","14.67227007","0.00035960","98.0563","257.8419","220.0586","140.0345","0","U","39209","999","584","0.00004435200000","0.00000202","0.0000000000000","7048.075","98.144","672.475","667.406","PAYLOAD","LARGE","PRC","2013-07-19","TSC","","1538626","93692183","0 PAYLOAD B","1 39209U 13037B   13240.85692162  .00000202  00000-0  44352-4 0  9992","2 39209 098.0563 257.8419 0003596 220.0586 140.0345 14.67227007  5848"
"2.0","GENERATED VIA SPACE-TRACK.ORG API","2013-08-29T01:48:19","18 SPCS","PAYLOAD A","2013-037A","EARTH","TEME","UTC","SGP4","2013-08-29T02:29:55.513535","14.68166261","0.00075620","98.0572","258.1465","236.7851","123.2641","0","U","39208","999","589","0.00008018900000","0.00000413","0.0000000000000","7045.069","98.081","672.262","661.607","PAYLOAD","LARGE","PRC","2013-07-19","TSC","","1538938","93697379","0 PAYLOAD A","1 39208U 13037A   13241.10411474  .00000413  00000-0  80189-4 0  9997","2 39208 098.0572 258.1465 0007562 236.7851 123.2641 14.68166261  5890"
"2.0","GENERATED VIA SPACE-TRACK.ORG API","2013-08-29T01:48:19","18 SPCS","PAYLOAD B","2013-037B","EARTH","TEME","UTC","SGP4","2013-08-29T03:06:46.799711","14.67227536","0.00036740","98.0560","258.1102","218.9997","141.0967","0","U","39209","999","588","0.00005220500000","0.00000246","0.0000000000000","7048.074","98.144","672.528","667.349","PAYLOAD","LARGE","PRC","2013-07-19","TSC","","1538938","93697378","0 PAYLOAD B","1 39209U 13037B   13241.12970833  .00000246  00000-0  52205-4 0  9991","2 39209 098.0560 258.1102 0003674 218.9997 141.0967 14.67227536  5889"
"2.0","GENERATED VIA SPACE-TRACK.ORG API","2013-08-29T01:49:45","18 SPCS","PAYLOAD C","2013-037C","EARTH","TEME","UTC","SGP4","2013-08-29T03:38:22.769088","14.94980912","0.00317060","97.6968","258.3013","266.0141","93.7485","0","U","39210","999","593","0.00008309100000","0.00000858","0.0000000000000","6960.573","96.322","604.507","560.369","PAYLOAD","LARGE","PRC","2013-07-19","TSC","","1538940","93697430","0 PAYLOAD C","1 39210U 13037C   13241.15165242  .00000858  00000-0  83091-4 0  9992","2 39210 097.6968 258.3013 0031706 266.0141 093.7485 14.94980912  5931"
"2.0","GENERATED VIA SPACE-TRACK.ORG API","2013-08-29T05:37:46","18 SPCS","PAYLOAD B","2013-037B","EARTH","TEME","UTC","SGP4","2013-08-29T06:23:11.142816","14.67227655","0.00036810","98.0560","258.2442","218.4234","141.6712","0","U","39209","999","590","0.00005251800000","0.00000248","0.0000000000000","7048.073","98.144","672.533","667.344","PAYLOAD","LARGE","PRC","2013-07-19","TSC","","1539004","93698641","0 PAYLOAD B","1 39209U 13037B   13241.26610119  .00000248  00000-0  52518-4 0  9993","2 39209 098.0560 258.2442 0003681 218.4234 141.6712 14.67227655  5903"
"2.0","GENERATED VIA SPACE-TRACK.ORG API","2013-08-29T05:39:17","18 SPCS","PAYLOAD C","2013-037C","EARTH","TEME","UTC","SGP4","2013-08-29T06:51:08.575487","14.94981292","0.00317050","97.6971","258.4329","265.6158","94.1440","0","U","39210","999","595","0.00008763900000","0.00000908","0.0000000000000","6960.572","96.322","604.505","560.368","PAYLOAD","LARGE","PRC","2013-07-19","TSC","","1539006","93698666","0 PAYLOAD C","1 39210U 13037C   13241.28551592  .00000908  00000-0  87639-4 0  9991","2 39210 097.6971 258.4329 0031705 265.6158 094.1440 14.94981292  5958"
"2.0","GENERATED VIA SPACE-TRACK.ORG API","2013-08-29T05:37:46","18 SPCS","PAYLOAD A","2013-037A","EARTH","TEME","UTC","SGP4","2013-08-29T07:24:20.778047","14.68166701","0.00075390","98.0573","258.3478","236.2292","123.8198","0","U","39208","999","592","0.00009189900000","0.00000480","0.0000000000000","7045.068","98.081","672.244","661.621","PAYLOAD","LARGE","PRC","2013-07-19","TSC","","1539004","93698643","0 PAYLOAD A","1 39208U 13037A   13241.30857382  .00000480  00000-0  91899-4 0  9995","2 39208 098.0573 258.3478 0007539 236.2292 123.8198 14.68166701  5921"
"2.0","GENERATED VIA SPACE-TRACK.ORG API","2013-08-29T15:43:22","18 SPCS","PAYLOAD C","2013-037C","EARTH","TEME","UTC","SGP4","2013-08-29T18:05:49.164864","14.94980218","0.00317390","97.6971","258.8927","264.0516","95.7079","0","U","39210","999","602","0.00005653600000","0.00000565","0.0000000000000","6960.575","96.322","604.532","560.348","PAYLOAD","LARGE","PRC","2013-07-19","TSC","","1539307","93702760","0 PAYLOAD C","1 39210U 13037C   13241.75404126  .00000565  00000-0  56536-4 0  9994","2 39210 097.6971 258.8927 0031739 264.0516 095.7079 14.94980218  6025"
"2.0","GENERATED VIA SPACE-TRACK.ORG API","2013-08-29T15:41:38","18 SPCS","PAYLOAD A","2013-037A","EARTH","TEME","UTC","SGP4","2013-08-29T18:51:19.841184","14.68165569","0.00076120","98.0571","258.8177","233.8824","126.1674","0","U","39208","999","599","0.00003886300000","0.00000175","0.0000000000000","7045.071","98.081","672.299","661.574","PAYLOAD","LARGE","PRC","2013-07-19","TSC","","1539305","93702725","0 PAYLOAD A","1 39208U 13037A   13241.78564631  .00000175  00000-0  38863-4 0  9992","2 39208 098.0571 258.8177 0007612 233.8824 126.1674 14.68165569  5999"
"2.0","GENERATED VIA SPACE-TRACK.ORG API","2013-08-29T15:41:38","18 SPCS","PAYLOAD B","2013-037B","EARTH","TEME","UTC","SGP4","2013-08-29T19:28:48.697536","14.67227551","0.00036470","98.0562","258.7809","216.4818","143.6133","0","U","39209","999","598","0.00004152900000","0.00000186","0.0000000000000","7048.074","98.144","672.509","667.368","PAYLOAD","LARGE","PRC","2013-07-19","TSC","","1539305","93702722","0 PAYLOAD B","1 39209U 13037B   13241.81167474  .00000186  00000-0  41529-4 0  9996","2 39209 098.0562 258.7809 0003647 216.4818 143.6133 14.67227551  5987"
"2.0","GENERATED VIA SPACE-TRACK.ORG API","2013-08-30T00:27:18","18 SPCS","PAYLOAD A","2013-037A","EARTH","TEME","UTC","SGP4","2013-08-30T03:02:01.981247","14.68166216","0.00076440","98.0571","259.1534","232.8458","127.2061","0","U","39208","999","604","0.00005737700000","0.00000282","0.0000000000000","7045.069","98.081","672.320","661.549","PAYLOAD","LARGE","PRC","2013-07-19","TSC","","1539487","93705199","0 PAYLOAD A","1 39208U 13037A   13242.12641182  .00000282  00000-0  57377-4 0  9998","2 39208 098.0571 259.1534 0007644 232.8458 127.2061 14.68166216  6046"
"2.0","GENERATED VIA SPACE-TRACK.ORG API","2013-08-30T01:46:43","18 SPCS","PAYLOAD B","2013-037B","EARTH","TEME","UTC","SGP4","2013-08-30T03:39:49.601952","14.67228669","0.00037410","98.0560","259.1164","214.1211","145.9773","0","U","39209","999","603","0.00006895000000","0.00000340","0.0000000000000","7048.070","98.144","672.572","667.298","PAYLOAD","LARGE","PRC","2013-07-19","TSC","","1539569","93707149","0 PAYLOAD B","1 39209U 13037B   13242.15265743  .00000340  00000-0  68950-4 0  9991","2 39209 098.0560 259.1164 0003741 214.1211 145.9773 14.67228669  6034"
"2.0","GENERATED VIA SPACE-TRACK.ORG API","2013-08-30T01:47:36","18 SPCS","PAYLOAD C","2013-037C","EARTH","TEME","UTC","SGP4","2013-08-30T03:44:06.733536","14.94980995","0.00317910","97.6972","259.2871","262.6618","97.0996","0","U","39210","999","608","0.00005921900000","0.00000594","0.0000000000000","6960.573","96.322","604.566","560.309","PAYLOAD","LARGE","PRC","2013-07-19","TSC","","1539571","93707185","0 PAYLOAD C","1 39210U 13037C   13242.15563349  .00000594  00000-0  59219-4 0  9995","2 39210 097.6972 259.2871 0031791 262.6618 097.0996 14.94980995  6085"
"2.0","GENERATED VIA SPACE-TRACK.ORG API","2013-08-30T09:47:00","18 SPCS","PAYLOAD C","2013-037C","EARTH","TEME","UTC","SGP4","2013-08-30T10:09:38.443968","14.94981205","0.00317860","97.6975","259.5501","261.8020","97.9597","0","U","39210","999","612","0.00005562900000","0.00000555","0.0000000000000","6960.572","96.322","604.562","560.312","PAYLOAD","LARGE","PRC","2013-07-19","TSC","","1539716","93710215","0 PAYLOAD C","1 39210U 13037C   13242.42336162  .00000555  00000-0  55629-4 0  9994","2 39210 097.6975 259.5501 0031786 261.8020 097.9597 14.94981205  6129"
"2.0","GENERATED VIA SPACE-TRACK.ORG API","2013-08-30T09:45:23","18 SPCS","PAYLOAD B","2013-037B","EARTH","TEME","UTC","SGP4","2013-08-30T10:12:38.302847","14.67229435","0.00037110","98.0561","259.3846","213.4437","146.6539","0","U","39209","999","607","0.00009119100000","0.00000466","0.0000000000000","7048.068","98.144","672.548","667.317","PAYLOAD","LARGE","PRC","2013-07-19","TSC","","1539714","93710170","0 PAYLOAD B","1 39209U 13037B   13242.42544332  .00000466  00000-0  91191-4 0  9997","2 39209 098.0561 259.3846 0003711 213.4437 146.6539 14.67229435  6077"
"2.0","GENERATED VIA SPACE-TRACK.ORG API","2013-08-30T08:29:35","18 SPCS","PAYLOAD A","2013-037A","EARTH","TEME","UTC","SGP4","2013-08-30T11:12:44.092799","14.68166757","0.00076240","98.0574","259.4889","231.8606","128.1917","0","U","39208","999","609","0.00006654300000","0.00000334","0.0000000000000","7045.068","98.081","672.304","661.561","PAYLOAD","LARGE","PRC","2013-07-19","TSC","","1539617","93707950","0 PAYLOAD A","1 39208U 13037A   13242.46717700  .00000334  00000-0  66543-4 0  9998","2 39208 098.0574 259.4889 0007624 231.8606 128.1917 14.68166757  6092"
"2.0","GENERATED VIA SPACE-TRACK.ORG API","2013-08-30T18:05:34","18 SPCS","PAYLOAD C","2013-037C","EARTH","TEME","UTC","SGP4","2013-08-30T18:11:33.174240","14.94978874","0.00318490","97.6973","259.8787","260.5830","99.1767","0","U","39210","999","617","0.00000243460000","-0.00000032","0.0000000000000","6960.579","96.322","604.613","560.276","PAYLOAD","LARGE","PRC","2013-07-19","TSC","","1539937","93713195","0 PAYLOAD C","1 39210U 13037C   13242.75802285 -.00000032  00000-0  24346-5 0  9998","2 39210 097.6973 259.8787 0031849 260.5830 099.1767 14.94978874  6177"
"2.0","GENERATED VIA SPACE-TRACK.ORG API","2013-08-30T18:03:52","18 SPCS","PAYLOAD B","2013-037B","EARTH","TEME","UTC","SGP4","2013-08-30T18:23:39.241824","14.67229026","0.00037490","98.0562","259.7200","212.2496","147.8469","0","U","39209","999","612","0.00006889800000","0.00000340","0.0000000000000","7048.069","98.144","672.576","667.292","PAYLOAD","LARGE","PRC","2013-07-19","TSC","","1539935","93713157","0 PAYLOAD B","1 39209U 13037B   13242.76642641  .00000340  00000-0  68898-4 0  9995","2 39209 098.0562 259.7200 0003749 212.2496 147.8469 14.67229026  6126"
"2.0","GENERATED VIA SPACE-TRACK.ORG API","2013-08-30T16:32:02","18 SPCS","PAYLOAD A","2013-037A","EARTH","TEME","UTC","SGP4","2013-08-30T19:23:26.277791","14.68165589","0.00076070","98.0571","259.8246","230.6008","129.4507","0","U","39208","999","614","0.00001685300000","0.00000048","0.0000000000000","7045.071","98.081","672.296","661.577","PAYLOAD","LARGE","PRC","2013-07-19","TSC","","1539827","93711135","0 PAYLOAD A","1 39208U 13037A   13242.80794303  .00000048  00000-0  16853-4 0  9991","2 39208 098.0571 259.8246 0007607 230.6008 129.4507 14.68165589  6141"
"2.0","GENERATED VIA SPACE-TRACK.ORG API","2013-08-31T02:15:43","18 SPCS","PAYLOAD C","2013-037C","EARTH","TEME","UTC","SGP4","2013-08-31T02:13:27.884639","14.94979498","0.00318940","97.6971","260.2072","259.4723","100.2921","0","U","39210","999","622","0.00001392200000","0.00000094","0.0000000000000","6960.577","96.322","604.642","560.242","PAYLOAD","LARGE","PRC","2013-07-19","TSC","","1540108","93715601","0 PAYLOAD C","1 39210U 13037C   13243.09268385  .00000094  00000-0  13922-4 0  9997","2 39210 097.6971 260.2072 0031894 259.4723 100.2921 14.94979498  6221"
"2.0","GENERATED VIA SPACE-TRACK.ORG API","2013-08-31T02:15:26","18 SPCS","PAYLOAD B","2013-037B","EARTH","TEME","UTC","SGP4","2013-08-31T02:34:40.169567","14.67229490","0.00037810","98.0561","260.0552","210.8538","149.2449","0","U","39209","999","617","0.00007362200000","0.00000367","0.0000000000000","7048.068","98.144","672.597","667.268","PAYLOAD","LARGE","PRC","2013-07-19","TSC","","1540107","93715573","0 PAYLOAD B","1 39209U 13037B   13243.10740937  .00000367  00000-0  73622-4 0  9991","2 39209 098.0561 260.0552 0003781 210.8538 149.2449 14.67229490  6171"
"2.0","GENERATED VIA SPACE-TRACK.ORG API","2013-08-31T00:31:01","18 SPCS","PAYLOAD A","2013-037A","EARTH","TEME","UTC","SGP4","2013-08-31T03:34:08.402304","14.68166786","0.00076480","98.0567","260.1599","229.4487","130.6068","0","U","39208","999","619","0.00005508700000","0.00000268","0.0000000000000","7045.067","98.081","672.321","661.544","PAYLOAD","LARGE","PRC","2013-07-19","TSC","","1540038","93713960","0 PAYLOAD A","1 39208U 13037A   13243.14870836  .00000268  00000-0  55087-4 0  9991","2 39208 098.0567 260.1599 0007648 229.4487 130.6068 14.68166786  6195"
"2.0","GENERATED VIA SPACE-TRACK.ORG API","2013-08-31T01:18:32","18 SPCS","PAYLOAD A","2013-037A","EARTH","TEME","UTC","SGP4","2013-08-31T06:50:25.230336","14.68166795","0.00076140","98.0571","260.2941","228.9490","131.1051","0","U","39208","999","621","0.00005282900000","0.00000255","0.0000000000000","7045.067","98.081","672.297","661.568","PAYLOAD","LARGE","PRC","2013-07-19","TSC","","1540072","93714801","0 PAYLOAD A","1 39208U 13037A   13243.28501424  .00000255  00000-0  52829-4 0  9997","2 39208 098.0571 260.2941 0007614 228.9490 131.1051 14.68166795  6214"
"2.0","GENERATED VIA SPACE-TRACK.ORG API","2013-08-31T08:33:13","18 SPCS","PAYLOAD A","2013-037A","EARTH","TEME","UTC","SGP4","2013-08-31T10:06:42.094656","14.68167318","0.00076250","98.0568","260.4284","228.4233","131.6334","0","U","39208","999","623","0.00006899100000","0.00000348","0.0000000000000","7045.066","98.081","672.303","661.559","PAYLOAD","LARGE","PRC","2013-07-19","TSC","","1540146","93716377","0 PAYLOAD A","1 39208U 13037A   13243.42132054  .00000348  00000-0  68991-4 0  9992","2 39208 098.0568 260.4284 0007625 228.4233 131.6334 14.68167318  6237"
"2.0","GENERATED VIA SPACE-TRACK.ORG API","2013-08-31T10:10:00","18 SPCS","PAYLOAD C","2013-037C","EARTH","TEME","UTC","SGP4","2013-08-31T10:15:22.537152","14.94979408","0.00318810","97.6973","260.5360","258.3792","101.3847","0","U","39210","999","627","0.00000838740000","0.00000033","0.0000000000000","6960.578","96.322","604.634","560.252","PAYLOAD","LARGE","PRC","2013-07-19","TSC","","1540238","93718583","0 PAYLOAD C","1 39210U 13037C   13243.42734418  .00000033  00000-0  83874-5 0  9996","2 39210 097.6973 260.5360 0031881 258.3792 101.3847 14.94979408  6271"
"2.0","GENERATED VIA SPACE-TRACK.ORG API","2013-08-31T10:07:49","18 SPCS","PAYLOAD B","2013-037B","EARTH","TEME","UTC","SGP4","2013-08-31T10:45:41.082623","14.67229923","0.00037840","98.0564","260.3906","209.6677","150.4324","0","U","39209","999","622","0.00007783500000","0.00000391","0.0000000000000","7048.066","98.144","672.598","667.264","PAYLOAD","LARGE","PRC","2013-07-19","TSC","","1540237","93718549","0 PAYLOAD B","1 39209U 13037B   13243.44839216  .00000391  00000-0  77835-4 0  9994","2 39209 098.0564 260.3906 0003784 209.6677 150.4324 14.67229923  6226"
"2.0","GENERATED VIA SPACE-TRACK.ORG API","2013-08-31T17:29:20","18 SPCS","PAYLOAD C","2013-037C","EARTH","TEME","UTC","SGP4","2013-08-31T18:17:17.279519","14.94978213","0.00319050","97.6971","260.8643","257.1733","102.5916","0","U","39210","999","632","-0.00001498600000","-0.00000225","0.0000000000000","6960.581","96.322","604.654","560.239","PAYLOAD","LARGE","PRC","2013-07-19","TSC","","1540382","93721163","0 PAYLOAD C","1 39210U 13037C   13243.76200555 -.00000225  00000-0 -14986-4 0  9995","2 39210 097.6971 260.8643 0031905 257.1733 102.5916 14.94978213  6324"
"2.0","GENERATED VIA SPACE-TRACK.ORG API","2013-08-31T16:27:21","18 SPCS","PAYLOAD A","2013-037A","EARTH","TEME","UTC","SGP4","2013-08-31T18:17:24.201888","14.68166907","0.00076620","98.0568","260.7639","227.1188","132.9357","0","U","39208","999","628","0.00004856500000","0.00000231","0.0000000000000","7045.067","98.081","672.330","661.534","PAYLOAD","LARGE","PRC","2013-07-19","TSC","","1540304","93719324","0 PAYLOAD A","1 39208U 13037A   13243.76208567  .00000231  00000-0  48565-4 0  9998","2 39208 098.0568 260.7639 0007662 227.1188 132.9357 14.68166907  6287"
"2.0","GENERATED VIA SPACE-TRACK.ORG API","2013-08-31T17:28:00","18 SPCS","PAYLOAD B","2013-037B","EARTH","TEME","UTC","SGP4","2013-08-31T18:56:42.025056","14.67229586","0.00038150","98.0565","260.7261","209.1097","150.9891","0","U","39209","999","627","0.00006560400000","0.00000322","0.0000000000000","7048.067","98.144","672.621","667.243","PAYLOAD","LARGE","PRC","2013-07-19","TSC","","1540381","93721134","0 PAYLOAD B","1 39209U 13037B   13243.78937529  .00000322  00000-0  65604-4 0  9992","2 39209 098.0565 260.7261 0003815 209.1097 150.9891 14.67229586  6275"
"2.0","GENERATED VIA SPACE-TRACK.ORG API","2013-09-01T01:59:11","18 SPCS","PAYLOAD C","2013-037C","EARTH","TEME","UTC","SGP4","2013-09-01T02:19:11.989056","14.94978574","0.00319180","97.6971","261.1930","256.0643","103.7044","0","U","39210","999","637","-0.00000724300000","-0.00000139","0.0000000000000","6960.580","96.322","604.662","560.228","PAYLOAD","LARGE","PRC","2013-07-19","TSC","","1540518","93723768","0 PAYLOAD C","1 39210U 13037C   13244.09666654 -.00000139  00000-0 -72430-5 0  9991","2 39210 097.6971 261.1930 0031918 256.0643 103.7044 14.94978574  6379"
"2.0","GENERATED VIA SPACE-TRACK.ORG API","2013-09-01T00:31:18","18 SPCS","PAYLOAD A","2013-037A","EARTH","TEME","UTC","SGP4","2013-09-01T02:28:06.359232","14.68167158","0.00076660","98.0567","261.0994","226.0706","133.9876","0","U","39208","999","633","0.00004712300000","0.00000223","0.0000000000000","7045.066","98.081","672.332","661.531","PAYLOAD","LARGE","PRC","2013-07-19","TSC","","1540438","93721861","0 PAYLOAD A","1 39208U 13037A   13244.10285138  .00000223  00000-0  47123-4 0  9996","2 39208 098.0567 261.0994 0007666 226.0706 133.9876 14.68167158  6334"
"2.0","GENERATED VIA SPACE-TRACK.ORG API","2013-09-01T01:58:54","18 SPCS","PAYLOAD B","2013-037B","EARTH","TEME","UTC","SGP4","2013-09-01T03:07:42.942431","14.67229494","0.00038270","98.0567","261.0615","207.6926","152.4066","0","U","39209","999","632","0.00005101700000","0.00000239","0.0000000000000","7048.068","98.144","672.630","667.235","PAYLOAD","LARGE","PRC","2013-07-19","TSC","","1540517","93723729","0 PAYLOAD B","1 39209U 13037B   13244.13035813  .00000239  00000-0  51017-4 0  9997","2 39209 098.0567 261.0615 0003827 207.6926 152.4066 14.67229494  6326"
"2.0","GENERATED VIA SPACE-TRACK.ORG API","2013-09-01T08:28:09","18 SPCS","PAYLOAD A","2013-037A","EARTH","TEME","UTC","SGP4","2013-09-01T09:00:40.042943","14.68167401","0.00076850","98.0565","261.3677","225.3442","134.7143","0","U","39208","999","637","0.00004966100000","0.00000237","0.0000000000000","7045.066","98.081","672.345","661.516","PAYLOAD","LARGE","PRC","2013-07-19","TSC","","1540576","93724464","0 PAYLOAD A","1 39208U 13037A   13244.37546346  .00000237  00000-0  49661-4 0  9990","2 39208 098.0565 261.3677 0007685 225.3442 134.7143 14.68167401  6374"
"2.0","GENERATED VIA SPACE-TRACK.ORG API","2013-09-01T09:44:26","18 SPCS","PAYLOAD C","2013-037C","EARTH","TEME","UTC","SGP4","2013-09-01T10:21:06.652800","14.94978853","0.00319440","97.6970","261.5213","254.9636","104.8051","0","U","39210","999","642","0.00000023736000","-0.00000057","0.0000000000000","6960.579","96.322","604.679","560.209","PAYLOAD","LARGE","PRC","2013-07-19","TSC","","1540689","93726774","0 PAYLOAD C","1 39210U 13037C   13244.43132700 -.00000057  00000-0  23736-6 0  9993","2 39210 097.6970 261.5213 0031944 254.9636 104.8051 14.94978853  6420"
"2.0","GENERATED VIA SPACE-TRACK.ORG API","2013-09-01T09:42:53","18 SPCS","PAYLOAD B","2013-037B","EARTH","TEME","UTC","SGP4","2013-09-01T11:18:43.883999","14.67229599","0.00038460","98.0564","261.3964","206.4209","153.6808","0","U","39209","999","637","0.00004470700000","0.00000204","0.0000000000000","7048.067","98.144","672.643","667.221","PAYLOAD","LARGE","PRC","2013-07-19","TSC","","1540686","93726719","0 PAYLOAD B","1 39209U 13037B   13244.47134125  .00000204  00000-0  44707-4 0  9990","2 39209 098.0564 261.3964 0003846 206.4209 153.6808 14.67229599  6373"
"2.0","GENERATED VIA SPACE-TRACK.ORG API","2013-09-01T16:32:33","18 SPCS","PAYLOAD A","2013-037A","EARTH","TEME","UTC","SGP4","2013-09-01T17:11:22.197695","14.68166430","0.00076800","98.0567","261.7034","224.0387","136.0176","0","U","39208","999","642","0.00001718100000","0.00000050","0.0000000000000","7045.069","98.081","672.344","661.523","PAYLOAD","LARGE","PRC","2013-07-19","TSC","","1540771","93727800","0 PAYLOAD A","1 39208U 13037A   13244.71622914  .00000050  00000-0  17181-4 0  9999","2 39208 098.0567 261.7034 0007680 224.0387 136.0176 14.68166430  6424"
"2.0","GENERATED VIA SPACE-TRACK.ORG API","2013-09-01T13:24:21","18 SPCS","PAYLOAD C","2013-037C","EARTH","TEME","UTC","SGP4","2013-09-01T18:23:01.350239","14.94994799","0.00318130","97.6944","261.8485","253.9322","105.8288","0","U","39210","999","647","0.00382660000000","0.00042424","0.0000000000000","6960.530","96.321","604.538","560.251","PAYLOAD","LARGE","PRC","2013-07-19","TSC","","1540727","93727269","0 PAYLOAD C","1 39210U 13037C   13244.76598785  .00042424  00000-0  38266-2 0  9991","2 39210 097.6944 261.8485 0031813 253.9322 105.8288 14.94994799  6476"
"2.0","GENERATED VIA SPACE-TRACK.ORG API","2013-09-01T17:59:23","18 SPCS","PAYLOAD B","2013-037B","EARTH","TEME","UTC","SGP4","2013-09-01T19:29:44.833344","14.67229278","0.00038760","98.0565","261.7318","205.0494","155.0519","0","U","39209","999","642","0.00003631300000","0.00000157","0.0000000000000","7048.068","98.144","672.665","667.201","PAYLOAD","LARGE","PRC","2013-07-19","TSC","","1540862","93729706","0 PAYLOAD B","1 39209U 13037B   13244.81232446  .00000157  00000-0  36313-4 0  9994","2 39209 098.0565 261.7318 0003876 205.0494 155.0519 14.67229278  6420"
"2.0","GENERATED VIA SPACE-TRACK.ORG API","2013-09-02T00:26:35","18 SPCS","PAYLOAD A","2013-037A","EARTH","TEME","UTC","SGP4","2013-09-02T01:22:04.380095","14.68166692","0.00077250","98.0566","262.0389","222.7758","137.2860","0","U","39208","999","647","0.00001952500000","0.00000064","0.0000000000000","7045.068","98.081","672.375","661.490","PAYLOAD","LARGE","PRC","2013-07-19","TSC","","1540919","93730408","0 PAYLOAD A","1 39208U 13037A   13245.05699514  .00000064  00000-0  19525-4 0  9996","2 39208 098.0566 262.0389 0007725 222.7758 137.2860 14.68166692  6475"
"2.0","GENERATED VIA SPACE-TRACK.ORG API","2013-09-02T01:35:10","18 SPCS","PAYLOAD C","2013-037C","EARTH","TEME","UTC","SGP4","2013-09-02T02:24:56.154816","14.94977970","0.00320840","97.6967","262.1785","252.6336","107.1408","0","U","39210","999","652","-0.00001121000000","-0.00000183","0.0000000000000","6960.582","96.322","604.779","560.115","PAYLOAD","LARGE","PRC","2013-07-19","TSC","","1541001","93732169","0 PAYLOAD C","1 39210U 13037C   13245.10064994 -.00000183  00000-0 -11210-4 0  9990","2 39210 097.6967 262.1785 0032084 252.6336 107.1408 14.94977970  6527"
"2.0","GENERATED VIA SPACE-TRACK.ORG API","2013-09-02T01:33:47","18 SPCS","PAYLOAD B","2013-037B","EARTH","TEME","UTC","SGP4","2013-09-02T03:40:45.718752","14.67229545","0.00039200","98.0565","262.0670","204.1660","155.9362","0","U","39209","999","647","0.00003094000000","0.00000126","0.0000000000000","7048.067","98.144","672.695","667.170","PAYLOAD","LARGE","PRC","2013-07-19","TSC","","1540999","93732136","0 PAYLOAD B","1 39209U 13037B   13245.15330693  .00000126  00000-0  30940-4 0  9991","2 39209 098.0565 262.0670 0003920 204.1660 155.9362 14.67229545  6477"
"2.0","GENERATED VIA SPACE-TRACK.ORG API","2013-09-02T08:25:45","18 SPCS","PAYLOAD A","2013-037A","EARTH","TEME","UTC","SGP4","2013-09-02T09:32:46.481279","14.68167144","0.00077180","98.0568","262.3746","221.6816","138.3808","0","U","39208","999","652","0.00003293100000","0.00000141","0.0000000000000","7045.066","98.081","672.369","661.494","PAYLOAD","LARGE","PRC","2013-07-19","TSC","","1541069","93733022","0 PAYLOAD A","1 39208U 13037A   13245.39776020  .00000141  00000-0  32931-4 0  9993","2 39208 098.0568 262.3746 0007718 221.6816 138.3808 14.68167144  6525"
"2.0","GENERATED VIA SPACE-TRACK.ORG API","2013-09-02T09:22:56","18 SPCS","PAYLOAD B","2013-037B","EARTH","TEME","UTC","SGP4","2013-09-02T10:13:34.440383","14.67229925","0.00039250","98.0565","262.3353","203.1194","156.9842","0","U","39209","999","651","0.00003804700000","0.00000166","0.0000000000000","7048.066","98.144","672.698","667.165","PAYLOAD","LARGE","PRC","2013-07-19","TSC","","1541147","93734797","0 PAYLOAD B","1 39209U 13037B   13245.42609306  .00000166  00000-0  38047-4 0  9991","2 39209 098.0565 262.3353 0003925 203.1194 156.9842 14.67229925  6515"
"2.0","GENERATED VIA SPACE-TRACK.ORG API","2013-09-02T09:23:14","18 SPCS","PAYLOAD C","2013-037C","EARTH","TEME","UTC","SGP4","2013-09-02T10:26:50.818559","14.94977937","0.00320780","97.6966","262.5070","251.4807","108.2931","0","U","39210","999","657","-0.00001256500000","-0.00000198","0.0000000000000","6960.582","96.322","604.775","560.119","PAYLOAD","LARGE","PRC","2013-07-19","TSC","","1541148","93734825","0 PAYLOAD C","1 39210U 13037C   13245.43531040 -.00000198  00000-0 -12565-4 0  9997","2 39210 097.6966 262.5070 0032078 251.4807 108.2931 14.94977937  6571"
"2.0","GENERATED VIA SPACE-TRACK.ORG API","2013-09-02T16:27:27","18 SPCS","PAYLOAD A","2013-037A","EARTH","TEME","UTC","SGP4","2013-09-02T17:43:28.598015","14.68166602","0.00077170","98.0568","262.7100","220.3891","139.6713","0","U","39208","999","657","0.00001109500000","0.00000015","0.0000000000000","7045.068","98.081","672.370","661.496","PAYLOAD","LARGE","PRC","2013-07-19","TSC","","1541232","93735538","0 PAYLOAD A","1 39208U 13037A   13245.73852544  .00000015  00000-0  11095-4 0  9995","2 39208 098.0568 262.7100 0007717 220.3891 139.6713 14.68166602  6573"
"2.0","GENERATED VIA SPACE-TRACK.ORG API","2013-09-02T17:26:02","18 SPCS","PAYLOAD B","2013-037B","EARTH","TEME","UTC","SGP4","2013-09-02T18:24:35.346527","14.67230091","0.00039140","98.0565","262.6706","201.9386","158.1646","0","U","39209","999","656","0.00004459500000","0.00000203","0.0000000000000","7048.066","98.144","672.689","667.172","PAYLOAD","LARGE","PRC","2013-07-19","TSC","","1541315","93737430","0 PAYLOAD B","1 39209U 13037B   13245.76707577  .00000203  00000-0  44595-4 0  9994","2 39209 098.0565 262.6706 0003914 201.9386 158.1646 14.67230091  6564"
"2.0","GENERATED VIA SPACE-TRACK.ORG API","2013-09-02T17:27:19","18 SPCS","PAYLOAD C","2013-037C","EARTH","TEME","UTC","SGP4","2013-09-02T18:28:45.550560","14.94977041","0.00321080","97.6964","262.8353","250.3830","109.3903","0","U","39210","999","662","-0.00002667300000","-0.00000354","0.0000000000000","6960.585","96.322","604.799","560.101","PAYLOAD","LARGE","PRC","2013-07-19","TSC","","1541316","93737458","0 PAYLOAD C","1 39210U 13037C   13245.76997165 -.00000354  00000-0 -26673-4 0  9996","2 39210 097.6964 262.8353 0032108 250.3830 109.3903 14.94977041  6627"
"2.0","GENERATED VIA SPACE-TRACK.ORG API","2013-09-03T00:28:22","18 SPCS","PAYLOAD A","2013-037A","EARTH","TEME","UTC","SGP4","2013-09-03T01:54:10.770911","14.68166880","0.00077650","98.0564","263.0455","219.0372","141.0294","0","U","39208","999","662","0.00001018900000","0.00000010","0.0000000000000","7045.067","98.081","672.403","661.462","PAYLOAD","LARGE","PRC","2013-07-19","TSC","","1541377","93738084","0 PAYLOAD A","1 39208U 13037A   13246.07929133  .00000010  00000-0  10189-4 0  9990","2 39208 098.0564 263.0455 0007765 219.0372 141.0294 14.68166880  6623"
"2.0","GENERATED VIA SPACE-TRACK.ORG API","2013-09-03T03:12:43","18 SPCS","PAYLOAD C","2013-037C","EARTH","TEME","UTC","SGP4","2013-09-03T02:30:40.309344","14.94978697","0.00321120","97.6963","263.1641","249.2744","110.5087","0","U","39210","999","667","0.00000927230000","0.00000043","0.0000000000000","6960.580","96.322","604.797","560.093","PAYLOAD","LARGE","PRC","2013-07-19","TSC","","1541456","93740030","0 PAYLOAD C","1 39210U 13037C   13246.10463321  .00000043  00000-0  92723-5 0  9990","2 39210 097.6963 263.1641 0032112 249.2744 110.5087 14.94978697  6676"
"2.0","GENERATED VIA SPACE-TRACK.ORG API","2013-09-03T03:10:28","18 SPCS","PAYLOAD B","2013-037B","EARTH","TEME","UTC","SGP4","2013-09-03T02:35:36.236256","14.67230567","0.00039350","98.0565","263.0058","200.7743","159.3304","0","U","39209","999","661","0.00005173900000","0.00000244","0.0000000000000","7048.064","98.144","672.702","667.156","PAYLOAD","LARGE","PRC","2013-07-19","TSC","","1541454","93739986","0 PAYLOAD B","1 39209U 13037B   13246.10805829  .00000244  00000-0  51739-4 0  9995","2 39209 098.0565 263.0058 0003935 200.7743 159.3304 14.67230567  6614"
"2.0","GENERATED VIA SPACE-TRACK.ORG API","2013-09-03T08:28:04","18 SPCS","PAYLOAD A","2013-037A","EARTH","TEME","UTC","SGP4","2013-09-03T10:04:52.859999","14.68167613","0.00077420","98.0565","263.3810","218.0992","141.9687","0","U","39208","999","667","0.00003208400000","0.00000136","0.0000000000000","7045.065","98.081","672.384","661.476","PAYLOAD","LARGE","PRC","2013-07-19","TSC","","1541506","93740767","0 PAYLOAD A","1 39208U 13037A   13246.42005625  .00000136  00000-0  32084-4 0  9997","2 39208 098.0565 263.3810 0007742 218.0992 141.9687 14.68167613  6679"
"2.0","GENERATED VIA SPACE-TRACK.ORG API","2013-09-03T09:43:44","18 SPCS","PAYLOAD C","2013-037C","EARTH","TEME","UTC","SGP4","2013-09-03T10:32:34.940255","14.94978915","0.00321110","97.6965","263.4927","248.1857","111.5952","0","U","39210","999","672","0.00001214400000","0.00000075","0.0000000000000","6960.579","96.322","604.795","560.093","PAYLOAD","LARGE","PRC","2013-07-19","TSC","","1541621","93743045","0 PAYLOAD C","1 39210U 13037C   13246.43929329  .00000075  00000-0  12144-4 0  9994","2 39210 097.6965 263.4927 0032111 248.1857 111.5952 14.94978915  6721"
"2.0","GENERATED VIA SPACE-TRACK.ORG API","2013-09-03T09:42:06","18 SPCS","PAYLOAD B","2013-037B","EARTH","TEME","UTC","SGP4","2013-09-03T10:46:37.124255","14.67230971","0.00039500","98.0565","263.3410","199.2480","160.8585","0","U","39209","999","666","0.00005628700000","0.00000269","0.0000000000000","7048.063","98.144","672.712","667.144","PAYLOAD","LARGE","PRC","2013-07-19","TSC","","1541618","93742998","0 PAYLOAD B","1 39209U 13037B   13246.44904079  .00000269  00000-0  56287-4 0  9999","2 39209 098.0565 263.3410 0003950 199.2480 160.8585 14.67230971  6668"
"2.0","GENERATED VIA SPACE-TRACK.ORG API","2013-09-03T16:26:57","18 SPCS","PAYLOAD A","2013-037A","EARTH","TEME","UTC","SGP4","2013-09-03T18:15:34.945632","14.68167684","0.00077490","98.0565","263.7166","216.7991","143.2670","0","U","39208","999","672","0.00003682200000","0.00000163","0.0000000000000","7045.065","98.081","672.389","661.470","PAYLOAD","LARGE","PRC","2013-07-19","TSC","","1541702","93743780","0 PAYLOAD A","1 39208U 13037A   13246.76082113  .00000163  00000-0  36822-4 0  9995","2 39208 098.0565 263.7166 0007749 216.7991 143.2670 14.68167684  6729"
"2.0","GENERATED VIA SPACE-TRACK.ORG API","2013-09-03T17:29:42","18 SPCS","PAYLOAD C","2013-037C","EARTH","TEME","UTC","SGP4","2013-09-03T18:34:29.714591","14.94977654","0.00321350","97.6960","263.8209","246.8957","112.8868","0","U","39210","999","677","-0.00001023300000","-0.00000172","0.0000000000000","6960.583","96.322","604.816","560.080","PAYLOAD","LARGE","PRC","2013-07-19","TSC","","1541785","93745825","0 PAYLOAD C","1 39210U 13037C   13246.77395503 -.00000172  00000-0 -10233-4 0  9999","2 39210 097.6960 263.8209 0032135 246.8957 112.8868 14.94977654  6779"
"2.0","GENERATED VIA SPACE-TRACK.ORG API","2013-09-03T17:29:25","18 SPCS","PAYLOAD B","2013-037B","EARTH","TEME","UTC","SGP4","2013-09-03T18:57:38.066688","14.67230428","0.00039460","98.0560","263.6758","197.9076","162.1978","0","U","39209","999","671","0.00004237300000","0.00000191","0.0000000000000","7048.065","98.144","672.711","667.148","PAYLOAD","LARGE","PRC","2013-07-19","TSC","","1541784","93745793","0 PAYLOAD B","1 39209U 13037B   13246.79002392  .00000191  00000-0  42373-4 0  9999","2 39209 098.0560 263.6758 0003946 197.9076 162.1978 14.67230428  6716"
"2.0","GENERATED VIA SPACE-TRACK.ORG API","2013-09-04T00:31:13","18 SPCS","PAYLOAD A","2013-037A","EARTH","TEME","UTC","SGP4","2013-09-04T02:26:17.071872","14.68168394","0.00077700","98.0563","264.0521","215.6931","144.3779","0","U","39208","999","677","0.00005148700000","0.00000248","0.0000000000000","7045.062","98.081","672.401","661.453","PAYLOAD","LARGE","PRC","2013-07-19","TSC","","1541930","93746640","0 PAYLOAD A","1 39208U 13037A   13247.10158648  .00000248  00000-0  51487-4 0  9999","2 39208 098.0563 264.0521 0007770 215.6931 144.3779 14.68168394  6778"
"2.0","GENERATED VIA SPACE-TRACK.ORG API","2013-09-04T01:45:08","18 SPCS","PAYLOAD C","2013-037C","EARTH","TEME","UTC","SGP4","2013-09-04T02:36:24.445727","14.94978028","0.00321680","97.6958","264.1494","245.7545","114.0329","0","U","39210","999","682","-0.00000457380000","-0.00000110","0.0000000000000","6960.582","96.322","604.838","560.056","PAYLOAD","LARGE","PRC","2013-07-19","TSC","","1542008","93748586","0 PAYLOAD C","1 39210U 13037C   13247.10861627 -.00000110  00000-0 -45738-5 0  9993","2 39210 097.6958 264.1494 0032168 245.7545 114.0329 14.94978028  6821"
"2.0","GENERATED VIA SPACE-TRACK.ORG API","2013-09-04T01:43:38","18 SPCS","PAYLOAD B","2013-037B","EARTH","TEME","UTC","SGP4","2013-09-04T03:08:38.947775","14.67231167","0.00039690","98.0559","264.0110","197.2285","162.8790","0","U","39209","999","676","0.00006096400000","0.00000296","0.0000000000000","7048.062","98.144","672.725","667.130","PAYLOAD","LARGE","PRC","2013-07-19","TSC","","1542006","93748546","0 PAYLOAD B","1 39209U 13037B   13247.13100634  .00000296  00000-0  60964-4 0  9998","2 39209 098.0559 264.0110 0003969 197.2285 162.8790 14.67231167  6766"
"2.0","GENERATED VIA SPACE-TRACK.ORG API","2013-09-04T08:25:19","18 SPCS","PAYLOAD A","2013-037A","EARTH","TEME","UTC","SGP4","2013-09-04T08:58:50.706335","14.68168620","0.00078120","98.0562","264.3207","214.7855","145.2844","0","U","39208","999","681","0.00005167800000","0.00000249","0.0000000000000","7045.062","98.081","672.430","661.423","PAYLOAD","LARGE","PRC","2013-07-19","TSC","","1542043","93749157","0 PAYLOAD A","1 39208U 13037A   13247.37419799  .00000249  00000-0  51678-4 0  9998","2 39208 098.0562 264.3207 0007812 214.7855 145.2844 14.68168620  6813"
"2.0","GENERATED VIA SPACE-TRACK.ORG API","2013-09-04T09:38:16","18 SPCS","PAYLOAD C","2013-037C","EARTH","TEME","UTC","SGP4","2013-09-04T09:01:56.179488","14.94978832","0.00321610","97.6959","264.4124","244.7952","114.9941","0","U","39210","999","686","0.00001291100000","0.00000083","0.0000000000000","6960.579","96.322","604.830","560.058","PAYLOAD","LARGE","PRC","2013-07-19","TSC","","1542149","93751387","0 PAYLOAD C","1 39210U 13037C   13247.37634467  .00000083  00000-0  12911-4 0  9995","2 39210 097.6959 264.4124 0032161 244.7952 114.9941 14.94978832  6865"
"2.0","GENERATED VIA SPACE-TRACK.ORG API","2013-09-04T09:36:31","18 SPCS","PAYLOAD B","2013-037B","EARTH","TEME","UTC","SGP4","2013-09-04T11:19:39.819359","14.67231355","0.00040650","98.0561","264.3471","195.2643","164.8449","0","U","39209","999","681","0.00005567300000","0.00000266","0.0000000000000","7048.062","98.144","672.792","667.062","PAYLOAD","LARGE","PRC","2013-07-19","TSC","","1542147","93751345","0 PAYLOAD B","1 39209U 13037B   13247.47198865  .00000266  00000-0  55673-4 0  9996","2 39209 098.0561 264.3471 0004065 195.2643 164.8449 14.67231355  6814"
"2.0","GENERATED VIA SPACE-TRACK.ORG API","2013-09-04T17:15:30","18 SPCS","PAYLOAD C","2013-037C","EARTH","TEME","UTC","SGP4","2013-09-04T18:40:13.875167","14.94978072","0.00321720","97.6958","264.8065","243.2865","116.5058","0","U","39210","999","692","-0.00000167260000","-0.00000078","0.0000000000000","6960.582","96.322","604.840","560.053","PAYLOAD","LARGE","PRC","2013-07-19","TSC","","1542267","93753602","0 PAYLOAD C","1 39210U 13037C   13247.77793837 -.00000078  00000-0 -16726-5 0  9991","2 39210 097.6958 264.8065 0032172 243.2865 116.5058 14.94978072  6921"
"2.0","GENERATED VIA SPACE-TRACK.ORG API","2013-09-04T16:23:30","18 SPCS","PAYLOAD A","2013-037A","EARTH","TEME","UTC","SGP4","2013-09-04T18:47:41.239679","14.68168493","0.00078140","98.0563","264.7234","213.3118","146.7579","0","U","39208","999","687","0.00004859600000","0.00000231","0.0000000000000","7045.062","98.081","672.432","661.422","PAYLOAD","LARGE","PRC","2013-07-19","TSC","","1542193","93751965","0 PAYLOAD A","1 39208U 13037A   13247.78311620  .00000231  00000-0  48596-4 0  9993","2 39208 098.0563 264.7234 0007814 213.3118 146.7579 14.68168493  6872"
"2.0","GENERATED VIA SPACE-TRACK.ORG API","2013-09-04T17:14:22","18 SPCS","PAYLOAD B","2013-037B","EARTH","TEME","UTC","SGP4","2013-09-04T19:30:40.733279","14.67230896","0.00041060","98.0558","264.6823","193.5342","166.5752","0","U","39209","999","686","0.00003577100000","0.00000154","0.0000000000000","7048.063","98.144","672.822","667.034","PAYLOAD","LARGE","PRC","2013-07-19","TSC","","1542266","93753576","0 PAYLOAD B","1 39209U 13037B   13247.81297145  .00000154  00000-0  35771-4 0  9998","2 39209 098.0558 264.6823 0004106 193.5342 166.5752 14.67230896  6867"
"2.0","GENERATED VIA SPACE-TRACK.ORG API","2013-09-05T00:34:46","18 SPCS","PAYLOAD A","2013-037A","EARTH","TEME","UTC","SGP4","2013-09-05T01:20:14.951903","14.68168839","0.00078310","98.0563","264.9920","212.2308","147.8432","0","U","39208","999","691","0.00005399800000","0.00000262","0.0000000000000","7045.061","98.081","672.443","661.409","PAYLOAD","LARGE","PRC","2013-07-19","TSC","","1542355","93754267","0 PAYLOAD A","1 39208U 13037A   13248.05572861  .00000262  00000-0  53998-4 0  9996","2 39208 098.0563 264.9920 0007831 212.2308 147.8432 14.68168839  6913"
"2.0","GENERATED VIA SPACE-TRACK.ORG API","2013-09-05T01:46:16","18 SPCS","PAYLOAD C","2013-037C","EARTH","TEME","UTC","SGP4","2013-09-05T02:42:08.548415","14.94979319","0.00322470","97.6955","265.1352","242.0494","117.7478","0","U","39210","999","697","0.00002010700000","0.00000163","0.0000000000000","6960.578","96.322","604.889","559.997","PAYLOAD","LARGE","PRC","2013-07-19","TSC","","1542432","93756154","0 PAYLOAD C","1 39210U 13037C   13248.11259894  .00000163  00000-0  20107-4 0  9990","2 39210 097.6955 265.1352 0032247 242.0494 117.7478 14.94979319  6978"
"2.0","GENERATED VIA SPACE-TRACK.ORG API","2013-09-05T01:45:51","18 SPCS","PAYLOAD B","2013-037B","EARTH","TEME","UTC","SGP4","2013-09-05T03:41:41.590175","14.67231784","0.00041420","98.0557","265.0177","192.9195","167.1919","0","U","39209","999","691","0.00005869200000","0.00000283","0.0000000000000","7048.060","98.144","672.844","667.006","PAYLOAD","LARGE","PRC","2013-07-19","TSC","","1542431","93756123","0 PAYLOAD B","1 39209U 13037B   13248.15395359  .00000283  00000-0  58692-4 0  9992","2 39209 098.0557 265.0177 0004142 192.9195 167.1919 14.67231784  6917"
"2.0","GENERATED VIA SPACE-TRACK.ORG API","2013-09-05T05:31:22","18 SPCS","PAYLOAD B","2013-037B","EARTH","TEME","UTC","SGP4","2013-09-05T06:58:05.915135","14.67231900","0.00041280","98.0558","265.1520","192.4737","167.6368","0","U","39209","999","693","0.00005805300000","0.00000279","0.0000000000000","7048.060","98.143","672.834","667.015","PAYLOAD","LARGE","PRC","2013-07-19","TSC","","1542476","93756942","0 PAYLOAD B","1 39209U 13037B   13248.29034624  .00000279  00000-0  58053-4 0  9998","2 39209 098.0558 265.1520 0004128 192.4737 167.6368 14.67231900  6937"
"2.0","GENERATED VIA SPACE-TRACK.ORG API","2013-09-05T05:31:22","18 SPCS","PAYLOAD C","2013-037C","EARTH","TEME","UTC","SGP4","2013-09-05T09:07:40.284768","14.94979885","0.00322590","97.6955","265.3978","241.1402","118.6594","0","U","39210","999","701","0.00002814700000","0.00000252","0.0000000000000","6960.576","96.322","604.895","559.987","PAYLOAD","LARGE","PRC","2013-07-19","TSC","","1542476","93756954","0 PAYLOAD C","1 39210U 13037C   13248.38032737  .00000252  00000-0  28147-4 0  9995","2 39210 097.6955 265.3978 0032259 241.1402 118.6594 14.94979885  7019"
"2.0","GENERATED VIA SPACE-TRACK.ORG API","2013-09-05T05:10:45","18 SPCS","PAYLOAD A","2013-037A","EARTH","TEME","UTC","SGP4","2013-09-05T09:30:57.039263","14.68169018","0.00078380","98.0564","265.3276","211.1033","148.9718","0","U","39208","999","696","0.00005238300000","0.00000253","0.0000000000000","7045.060","98.081","672.447","661.403","PAYLOAD","LARGE","PRC","2013-07-19","TSC","","1542451","93756396","0 PAYLOAD A","1 39208U 13037A   13248.39649351  .00000253  00000-0  52383-4 0  9999","2 39208 098.0564 265.3276 0007838 211.1033 148.9718 14.68169018  6967"
"2.0","GENERATED VIA SPACE-TRACK.ORG API","2013-09-05T16:36:01","18 SPCS","PAYLOAD A","2013-037A","EARTH","TEME","UTC","SGP4","2013-09-05T17:41:39.168095","14.68168093","0.00078890","98.0562","265.6631","209.8393","150.2348","0","U","39208","999","701","0.00001965000000","0.00000065","0.0000000000000","7045.063","98.081","672.486","661.370","PAYLOAD","LARGE","PRC","2013-07-19","TSC","","1542605","93758723","0 PAYLOAD A","1 39208U 13037A   13248.73725889  .00000065  00000-0  19650-4 0  9999","2 39208 098.0562 265.6631 0007889 209.8393 150.2348 14.68168093  7016"
"2.0","GENERATED VIA SPACE-TRACK.ORG API","2013-09-05T18:15:36","18 SPCS","PAYLOAD B","2013-037B","EARTH","TEME","UTC","SGP4","2013-09-05T18:25:31.122912","14.67231552","0.00041640","98.0556","265.6211","190.9252","169.1836","0","U","39209","999","700","0.00003560300000","0.00000153","0.0000000000000","7048.061","98.144","672.861","666.991","PAYLOAD","LARGE","PRC","2013-07-19","TSC","","1542727","93761655","0 PAYLOAD B","1 39209U 13037B   13248.76772133  .00000153  00000-0  35603-4 0  9991","2 39209 098.0556 265.6211 0004164 190.9252 169.1836 14.67231552  7001"
"2.0","GENERATED VIA SPACE-TRACK.ORG API","2013-09-05T18:17:30","18 SPCS","PAYLOAD C","2013-037C","EARTH","TEME","UTC","SGP4","2013-09-05T18:45:57.920832","14.94979433","0.00322670","97.6953","265.7921","239.7201","120.0807","0","U","39210","999","707","0.00001558000000","0.00000113","0.0000000000000","6960.578","96.322","604.902","559.983","PAYLOAD","LARGE","PRC","2013-07-19","TSC","","1542730","93761717","0 PAYLOAD C","1 39210U 13037C   13248.78192038  .00000113  00000-0  15580-4 0  9993","2 39210 097.6953 265.7921 0032267 239.7201 120.0807 14.94979433  7077"
"2.0","GENERATED VIA SPACE-TRACK.ORG API","2013-09-06T00:15:46","18 SPCS","PAYLOAD A","2013-037A","EARTH","TEME","UTC","SGP4","2013-09-06T01:52:21.271872","14.68168487","0.00079240","98.0558","265.9992","208.0895","151.9890","0","U","39208","999","706","0.00002110500000","0.00000073","0.0000000000000","7045.062","98.081","672.510","661.345","PAYLOAD","LARGE","PRC","2013-07-19","TSC","","1542858","93762673","0 PAYLOAD A","1 39208U 13037A   13249.07802398  .00000073  00000-0  21105-4 0  9995","2 39208 098.0558 265.9992 0007924 208.0895 151.9890 14.68168487  7064"
"2.0","GENERATED VIA SPACE-TRACK.ORG API","2013-09-06T01:57:06","18 SPCS","PAYLOAD B","2013-037B","EARTH","TEME","UTC","SGP4","2013-09-06T02:36:32.016959","14.67232488","0.00041780","98.0555","265.9567","189.6246","170.4896","0","U","39209","999","705","0.00006043900000","0.00000293","0.0000000000000","7048.058","98.143","672.868","666.978","PAYLOAD","LARGE","PRC","2013-07-19","TSC","","1542969","93765382","0 PAYLOAD B","1 39209U 13037B   13249.10870390  .00000293  00000-0  60439-4 0  9994","2 39209 098.0555 265.9567 0004178 189.6246 170.4896 14.67232488  7055"
"2.0","GENERATED VIA SPACE-TRACK.ORG API","2013-09-06T01:58:12","18 SPCS","PAYLOAD C","2013-037C","EARTH","TEME","UTC","SGP4","2013-09-06T02:47:52.634687","14.94980654","0.00323150","97.6950","266.1203","238.6123","121.1967","0","U","39210","999","712","0.00003450700000","0.00000322","0.0000000000000","6960.574","96.322","604.932","559.946","PAYLOAD","LARGE","PRC","2013-07-19","TSC","","1542971","93765419","0 PAYLOAD C","1 39210U 13037C   13249.11658142  .00000322  00000-0  34507-4 0  9996","2 39210 097.6950 266.1203 0032315 238.6123 121.1967 14.94980654  7129"
"2.0","GENERATED VIA SPACE-TRACK.ORG API","2013-09-06T09:54:51","18 SPCS","PAYLOAD B","2013-037B","EARTH","TEME","UTC","SGP4","2013-09-06T09:09:20.672063","14.67232900","0.00041800","98.0556","266.2250","188.6252","171.4886","0","U","39209","999","709","0.00006783300000","0.00000334","0.0000000000000","7048.057","98.143","672.868","666.976","PAYLOAD","LARGE","PRC","2013-07-19","TSC","","1543113","93768216","0 PAYLOAD B","1 39209U 13037B   13249.38148926  .00000334  00000-0  67833-4 0  9998","2 39209 098.0556 266.2250 0004180 188.6252 171.4886 14.67232900  7091"
"2.0","GENERATED VIA SPACE-TRACK.ORG API","2013-09-06T09:56:42","18 SPCS","PAYLOAD C","2013-037C","EARTH","TEME","UTC","SGP4","2013-09-06T09:13:24.326112","14.94981525","0.00322820","97.6952","266.3831","237.6894","122.1209","0","U","39210","999","716","0.00004791100000","0.00000470","0.0000000000000","6960.571","96.322","604.906","559.966","PAYLOAD","LARGE","PRC","2013-07-19","TSC","","1543115","93768265","0 PAYLOAD C","1 39210U 13037C   13249.38430933  .00000470  00000-0  47911-4 0  9998","2 39210 097.6952 266.3831 0032282 237.6894 122.1209 14.94981525  7169"
"2.0","GENERATED VIA SPACE-TRACK.ORG API","2013-09-06T08:18:15","18 SPCS","PAYLOAD A","2013-037A","EARTH","TEME","UTC","SGP4","2013-09-06T10:03:03.360096","14.68168676","0.00079370","98.0559","266.3346","206.9875","153.0926","0","U","39208","999","711","0.00002097200000","0.00000072","0.0000000000000","7045.061","98.081","672.518","661.335","PAYLOAD","LARGE","PRC","2013-07-19","TSC","","1542994","93765852","0 PAYLOAD A","1 39208U 13037A   13249.41878889  .00000072  00000-0  20972-4 0  9991","2 39208 098.0559 266.3346 0007937 206.9875 153.0926 14.68168676  7111"
"2.0","GENERATED VIA SPACE-TRACK.ORG API","2013-09-06T16:15:55","18 SPCS","PAYLOAD A","2013-037A","EARTH","TEME","UTC","SGP4","2013-09-06T18:13:45.432767","14.68168939","0.00079870","98.0559","266.6704","205.7967","154.2831","0","U","39208","999","716","0.00003467800000","0.00000151","0.0000000000000","7045.061","98.081","672.552","661.299","PAYLOAD","LARGE","PRC","2013-07-19","TSC","","1543206","93768676","0 PAYLOAD A","1 39208U 13037A   13249.75955362  .00000151  00000-0  34678-4 0  9996","2 39208 098.0559 266.6704 0007987 205.7967 154.2831 14.68168939  7161"
"2.0","GENERATED VIA SPACE-TRACK.ORG API","2013-09-06T17:26:51","18 SPCS","PAYLOAD C","2013-037C","EARTH","TEME","UTC","SGP4","2013-09-06T18:51:41.957855","14.94981168","0.00322850","97.6951","266.7774","236.3172","123.4948","0","U","39210","999","722","0.00003815800000","0.00000362","0.0000000000000","6960.572","96.322","604.909","559.965","PAYLOAD","LARGE","PRC","2013-07-19","TSC","","1543305","93770736","0 PAYLOAD C","1 39210U 13037C   13249.78590229  .00000362  00000-0  38158-4 0  9990","2 39210 097.6951 266.7774 0032285 236.3172 123.4948 14.94981168  7220"
"2.0","GENERATED VIA SPACE-TRACK.ORG API","2013-09-06T17:25:31","18 SPCS","PAYLOAD B","2013-037B","EARTH","TEME","UTC","SGP4","2013-09-06T18:58:33.735936","14.67232274","0.00042490","98.0554","266.6273","187.3269","172.7860","0","U","39209","999","715","0.00004476200000","0.00000204","0.0000000000000","7048.059","98.143","672.918","666.929","PAYLOAD","LARGE","PRC","2013-07-19","TSC","","1543303","93770705","0 PAYLOAD B","1 39209U 13037B   13249.79066824  .00000204  00000-0  44762-4 0  9991","2 39209 098.0554 266.6273 0004249 187.3269 172.7860 14.67232274  7155"
"2.0","GENERATED VIA SPACE-TRACK.ORG API","2013-09-07T01:08:19","18 SPCS","PAYLOAD B","2013-037B","EARTH","TEME","UTC","SGP4","2013-09-07T01:31:22.442015","14.67233046","0.00042430","98.0552","266.8955","186.0713","174.0451","0","U","39209","999","719","0.00006855000000","0.00000338","0.0000000000000","7048.056","98.143","672.912","666.931","PAYLOAD","LARGE","PRC","2013-07-19","TSC","","1543405","93772744","0 PAYLOAD B","1 39209U 13037B   13250.06345419  .00000338  00000-0  68550-4 0  9992","2 39209 098.0552 266.8955 0004243 186.0713 174.0451 14.67233046  7199"
"2.0","GENERATED VIA SPACE-TRACK.ORG API","2013-09-07T00:14:38","18 SPCS","PAYLOAD A","2013-037A","EARTH","TEME","UTC","SGP4","2013-09-07T02:24:27.534815","14.68169290","0.00079750","98.0556","267.0059","204.8725","155.2106","0","U","39208","999","721","0.00003692400000","0.00000164","0.0000000000000","7045.059","98.081","672.543","661.306","PAYLOAD","LARGE","PRC","2013-07-19","TSC","","1543336","93771034","0 PAYLOAD A","1 39208U 13037A   13250.10031869  .00000164  00000-0  36924-4 0  9994","2 39208 098.0556 267.0059 0007975 204.8725 155.2106 14.68169290  7218"
"2.0","GENERATED VIA SPACE-TRACK.ORG API","2013-09-07T01:09:39","18 SPCS","PAYLOAD C","2013-037C","EARTH","TEME","UTC","SGP4","2013-09-07T02:53:36.627648","14.94981794","0.00323540","97.6949","267.1059","234.9638","124.8548","0","U","39210","999","727","0.00004105700000","0.00000394","0.0000000000000","6960.570","96.322","604.955","559.915","PAYLOAD","LARGE","PRC","2013-07-19","TSC","","1543406","93772773","0 PAYLOAD C","1 39210U 13037C   13250.12056282  .00000394  00000-0  41057-4 0  9993","2 39210 097.6949 267.1059 0032354 234.9638 124.8548 14.94981794  7277"
"2.0","GENERATED VIA SPACE-TRACK.ORG API","2013-09-07T09:57:53","18 SPCS","PAYLOAD C","2013-037C","EARTH","TEME","UTC","SGP4","2013-09-07T09:19:08.365727","14.94982453","0.00323190","97.6950","267.3687","234.0750","125.7479","0","U","39210","999","731","0.00004931600000","0.00000485","0.0000000000000","6960.568","96.322","604.929","559.937","PAYLOAD","LARGE","PRC","2013-07-19","TSC","","1543534","93775509","0 PAYLOAD C","1 39210U 13037C   13250.38829127  .00000485  00000-0  49316-4 0  9994","2 39210 097.6950 267.3687 0032319 234.0750 125.7479 14.94982453  7316"
"2.0","GENERATED VIA SPACE-TRACK.ORG API","2013-09-07T09:56:14","18 SPCS","PAYLOAD B","2013-037B","EARTH","TEME","UTC","SGP4","2013-09-07T09:42:23.279039","14.67233318","0.00042430","98.0553","267.2308","185.0907","175.0260","0","U","39209","999","724","0.00006884700000","0.00000340","0.0000000000000","7048.055","98.143","672.911","666.930","PAYLOAD","LARGE","PRC","2013-07-19","TSC","","1543532","93775470","0 PAYLOAD B","1 39209U 13037B   13250.40443610  .00000340  00000-0  68847-4 0  9994","2 39209 098.0553 267.2308 0004243 185.0907 175.0260 14.67233318  7248"
"2.0","GENERATED VIA SPACE-TRACK.ORG API","2013-09-07T08:31:47","18 SPCS","PAYLOAD A","2013-037A","EARTH","TEME","UTC","SGP4","2013-09-07T10:35:09.607488","14.68169590","0.00079740","98.0558","267.3415","203.8636","156.2210","0","U","39208","999","726","0.00003998900000","0.00000182","0.0000000000000","7045.059","98.081","672.541","661.306","PAYLOAD","LARGE","PRC","2013-07-19","TSC","","1543440","93773374","0 PAYLOAD A","1 39208U 13037A   13250.44108342  .00000182  00000-0  39989-4 0  9996","2 39208 098.0558 267.3415 0007974 203.8636 156.2210 14.68169590  7263"
"2.0","GENERATED VIA SPACE-TRACK.ORG API","2013-09-07T17:23:09","18 SPCS","PAYLOAD B","2013-037B","EARTH","TEME","UTC","SGP4","2013-09-07T17:53:24.186047","14.67232461","0.00042780","98.0549","267.5661","183.5644","176.5524","0","U","39209","999","729","0.00003399100000","0.00000144","0.0000000000000","7048.058","98.143","672.938","666.908","PAYLOAD","LARGE","PRC","2013-07-19","TSC","","1543732","93778219","0 PAYLOAD B","1 39209U 13037B   13250.74541882  .00000144  00000-0  33991-4 0  9995","2 39209 098.0549 267.5661 0004278 183.5644 176.5524 14.67232461  7299"
"2.0","GENERATED VIA SPACE-TRACK.ORG API","2013-09-07T16:25:52","18 SPCS","PAYLOAD A","2013-037A","EARTH","TEME","UTC","SGP4","2013-09-07T18:45:51.676703","14.68169461","0.00079890","98.0558","267.6773","202.4533","157.6300","0","U","39208","999","731","0.00003834200000","0.00000172","0.0000000000000","7045.059","98.081","672.552","661.296","PAYLOAD","LARGE","PRC","2013-07-19","TSC","","1543660","93776478","0 PAYLOAD A","1 39208U 13037A   13250.78184811  .00000172  00000-0  38342-4 0  9999","2 39208 098.0558 267.6773 0007989 202.4533 157.6300 14.68169461  7318"
"2.0","GENERATED VIA SPACE-TRACK.ORG API","2013-09-07T17:23:27","18 SPCS","PAYLOAD C","2013-037C","EARTH","TEME","UTC","SGP4","2013-09-07T18:57:25.971552","14.94982018","0.00323070","97.6954","267.7631","232.5920","127.2334","0","U","39210","999","737","0.00003495800000","0.00000327","0.0000000000000","6960.570","96.322","604.922","559.947","PAYLOAD","LARGE","PRC","2013-07-19","TSC","","1543733","93778251","0 PAYLOAD C","1 39210U 13037C   13250.78988393  .00000327  00000-0  34958-4 0  9990","2 39210 097.6954 267.7631 0032307 232.5920 127.2334 14.94982018  7372"
"2.0","GENERATED VIA SPACE-TRACK.ORG API","2013-09-08T00:24:06","18 SPCS","PAYLOAD A","2013-037A","EARTH","TEME","UTC","SGP4","2013-09-08T01:18:25.355231","14.68169933","0.00080570","98.0556","267.9460","201.5471","158.5406","0","U","39208","999","735","0.00004612500000","0.00000217","0.0000000000000","7045.057","98.081","672.599","661.246","PAYLOAD","LARGE","PRC","2013-07-19","TSC","","1543779","93778850","0 PAYLOAD A","1 39208U 13037A   13251.05446013  .00000217  00000-0  46125-4 0  9993","2 39208 098.0556 267.9460 0008057 201.5471 158.5406 14.68169933  7355"
"2.0","GENERATED VIA SPACE-TRACK.ORG API","2013-09-08T01:21:27","18 SPCS","PAYLOAD C","2013-037C","EARTH","TEME","UTC","SGP4","2013-09-08T01:22:57.745919","14.94982713","0.00323450","97.6954","268.0260","231.6573","128.1764","0","U","39210","999","741","0.00004156500000","0.00000400","0.0000000000000","6960.567","96.322","604.946","559.918","PAYLOAD","LARGE","PRC","2013-07-19","TSC","","1543855","93780744","0 PAYLOAD C","1 39210U 13037C   13251.05761280  .00000400  00000-0  41565-4 0  9999","2 39210 097.6954 268.0260 0032345 231.6573 128.1764 14.94982713  7414"
"2.0","GENERATED VIA SPACE-TRACK.ORG API","2013-09-08T01:21:08","18 SPCS","PAYLOAD B","2013-037B","EARTH","TEME","UTC","SGP4","2013-09-08T02:04:25.008383","14.67233241","0.00043390","98.0547","267.9013","182.9708","177.1486","0","U","39209","999","734","0.00005038200000","0.00000236","0.0000000000000","7048.056","98.143","672.979","666.862","PAYLOAD","LARGE","PRC","2013-07-19","TSC","","1543854","93780708","0 PAYLOAD B","1 39209U 13037B   13251.08640056  .00000236  00000-0  50382-4 0  9991","2 39209 098.0547 267.9013 0004339 182.9708 177.1486 14.67233241  7341"
"2.0","GENERATED VIA SPACE-TRACK.ORG API","2013-09-08T09:25:12","18 SPCS","PAYLOAD C","2013-037C","EARTH","TEME","UTC","SGP4","2013-09-08T09:24:52.357824","14.94983950","0.00323130","97.6955","268.3547","230.3753","129.4631","0","U","39210","999","746","0.00006055700000","0.00000609","0.0000000000000","6960.564","96.322","604.920","559.937","PAYLOAD","LARGE","PRC","2013-07-19","TSC","","1543977","93783310","0 PAYLOAD C","1 39210U 13037C   13251.39227266  .00000609  00000-0  60557-4 0  9990","2 39210 097.6955 268.3547 0032313 230.3753 129.4631 14.94983950  7463"
"2.0","GENERATED VIA SPACE-TRACK.ORG API","2013-09-08T08:24:00","18 SPCS","PAYLOAD A","2013-037A","EARTH","TEME","UTC","SGP4","2013-09-08T09:29:07.433952","14.68169854","0.00080660","98.0556","268.2814","200.4352","159.6535","0","U","39208","999","740","0.00003633100000","0.00000161","0.0000000000000","7045.058","98.081","672.605","661.240","PAYLOAD","LARGE","PRC","2013-07-19","TSC","","1543897","93781382","0 PAYLOAD A","1 39208U 13037A   13251.39522493  .00000161  00000-0  36331-4 0  9993","2 39208 098.0556 268.2814 0008066 200.4352 159.6535 14.68169854  7401"
"2.0","GENERATED VIA SPACE-TRACK.ORG API","2013-09-08T09:24:10","18 SPCS","PAYLOAD B","2013-037B","EARTH","TEME","UTC","SGP4","2013-09-08T10:15:25.841087","14.67233435","0.00043270","98.0546","268.2364","181.4732","178.6469","0","U","39209","999","739","0.00004651700000","0.00000214","0.0000000000000","7048.055","98.143","672.970","666.870","PAYLOAD","LARGE","PRC","2013-07-19","TSC","","1543976","93783277","0 PAYLOAD B","1 39209U 13037B   13251.42738242  .00000214  00000-0  46517-4 0  9995","2 39209 098.0546 268.2364 0004327 181.4732 178.6469 14.67233435  7398"
"2.0","GENERATED VIA SPACE-TRACK.ORG API","2013-09-08T17:35:33","18 SPCS","PAYLOAD C","2013-037C","EARTH","TEME","UTC","SGP4","2013-09-08T17:26:46.959360","14.94983871","0.00323170","97.6956","268.6831","229.2037","130.6348","0","U","39210","999","751","0.00005235900000","0.00000519","0.0000000000000","6960.564","96.322","604.923","559.934","PAYLOAD","LARGE","PRC","2013-07-19","TSC","","1544197","93786479","0 PAYLOAD C","1 39210U 13037C   13251.72693240  .00000519  00000-0  52359-4 0  9997","2 39210 097.6956 268.6831 0032317 229.2037 130.6348 14.94983871  7516"
"2.0","GENERATED VIA SPACE-TRACK.ORG API","2013-09-08T16:27:24","18 SPCS","PAYLOAD A","2013-037A","EARTH","TEME","UTC","SGP4","2013-09-08T17:39:49.511807","14.68169676","0.00080500","98.0557","268.6170","199.2528","160.8350","0","U","39208","999","745","0.00003237800000","0.00000138","0.0000000000000","7045.058","98.081","672.595","661.252","PAYLOAD","LARGE","PRC","2013-07-19","TSC","","1544093","93784289","0 PAYLOAD A","1 39208U 13037A   13251.73598972  .00000138  00000-0  32378-4 0  9997","2 39208 098.0557 268.6170 0008050 199.2528 160.8350 14.68169676  7450"
"2.0","GENERATED VIA SPACE-TRACK.ORG API","2013-09-08T17:34:30","18 SPCS","PAYLOAD B","2013-037B","EARTH","TEME","UTC","SGP4","2013-09-08T18:26:26.675520","14.67232976","0.00043590","98.0550","268.5719","180.3966","179.7212","0","U","39209","999","744","0.00002897300000","0.00000115","0.0000000000000","7048.056","98.143","672.994","666.849","PAYLOAD","LARGE","PRC","2013-07-19","TSC","","1544196","93786444","0 PAYLOAD B","1 39209U 13037B   13251.76836430  .00000115  00000-0  28973-4 0  9996","2 39209 098.0550 268.5719 0004359 180.3966 179.7212 14.67232976  7445"
"2.0","GENERATED VIA SPACE-TRACK.ORG API","2013-09-09T01:37:02","18 SPCS","PAYLOAD C","2013-037C","EARTH","TEME","UTC","SGP4","2013-09-09T01:28:41.632607","14.94984660","0.00323220","97.6954","269.0115","228.0616","131.7861","0","U","39210","999","756","0.00005586400000","0.00000558","0.0000000000000","6960.561","96.322","604.924","559.928","PAYLOAD","LARGE","PRC","2013-07-19","TSC","","1544335","93788880","0 PAYLOAD C","1 39210U 13037C   13252.06159297  .00000558  00000-0  55864-4 0  9991","2 39210 097.6954 269.0115 0032322 228.0616 131.7861 14.94984660  7564"
"2.0","GENERATED VIA SPACE-TRACK.ORG API","2013-09-09T00:17:48","18 SPCS","PAYLOAD A","2013-037A","EARTH","TEME","UTC","SGP4","2013-09-09T01:50:31.613855","14.68170458","0.00080980","98.0555","268.9525","197.9109","162.1830","0","U","39208","999","750","0.00005297300000","0.00000256","0.0000000000000","7045.056","98.081","672.626","661.216","PAYLOAD","LARGE","PRC","2013-07-19","TSC","","1544249","93786811","0 PAYLOAD A","1 39208U 13037A   13252.07675479  .00000256  00000-0  52973-4 0  9997","2 39208 098.0555 268.9525 0008098 197.9109 162.1830 14.68170458  7501"
"2.0","GENERATED VIA SPACE-TRACK.ORG API","2013-09-09T01:35:39","18 SPCS","PAYLOAD B","2013-037B","EARTH","TEME","UTC","SGP4","2013-09-09T02:37:27.540192","14.67233838","0.00043680","98.0549","268.9071","179.8958","180.2268","0","U","39209","999","749","0.00005217800000","0.00000246","0.0000000000000","7048.054","98.143","672.997","666.840","PAYLOAD","LARGE","PRC","2013-07-19","TSC","","1544333","93788849","0 PAYLOAD B","1 39209U 13037B   13252.10934653  .00000246  00000-0  52178-4 0  9990","2 39209 098.0549 268.9071 0004368 179.8958 180.2268 14.67233838  7493"
"2.0","GENERATED VIA SPACE-TRACK.ORG API","2013-09-09T09:30:02","18 SPCS","PAYLOAD B","2013-037B","EARTH","TEME","UTC","SGP4","2013-09-09T09:10:16.174559","14.67234151","0.00043700","98.0550","269.1755","178.8020","181.3198","0","U","39209","999","753","0.00005764500000","0.00000277","0.0000000000000","7048.053","98.143","672.998","666.838","PAYLOAD","LARGE","PRC","2013-07-19","TSC","","1544460","93791368","0 PAYLOAD B","1 39209U 13037B   13252.38213165  .00000277  00000-0  57645-4 0  9996","2 39209 098.0550 269.1755 0004370 178.8020 181.3198 14.67234151  7537"
"2.0","GENERATED VIA SPACE-TRACK.ORG API","2013-09-09T09:30:01","18 SPCS","PAYLOAD C","2013-037C","EARTH","TEME","UTC","SGP4","2013-09-09T09:30:36.241056","14.94985228","0.00323260","97.6953","269.3397","226.9377","132.9142","0","U","39210","999","761","0.00005778600000","0.00000579","0.0000000000000","6960.560","96.322","604.925","559.924","PAYLOAD","LARGE","PRC","2013-07-19","TSC","","1544459","93791352","0 PAYLOAD C","1 39210U 13037C   13252.39625279  .00000579  00000-0  57786-4 0  9993","2 39210 097.6953 269.3397 0032326 226.9377 132.9142 14.94985228  7615"
"2.0","GENERATED VIA SPACE-TRACK.ORG API","2013-09-09T08:26:04","18 SPCS","PAYLOAD A","2013-037A","EARTH","TEME","UTC","SGP4","2013-09-09T10:01:13.657151","14.68170445","0.00080710","98.0555","269.2880","196.8789","163.2144","0","U","39208","999","755","0.00004423200000","0.00000206","0.0000000000000","7045.056","98.081","672.607","661.235","PAYLOAD","LARGE","PRC","2013-07-19","TSC","","1544373","93789490","0 PAYLOAD A","1 39208U 13037A   13252.41751918  .00000206  00000-0  44232-4 0  9992","2 39208 098.0555 269.2880 0008071 196.8789 163.2144 14.68170445  7553"
"2.0","GENERATED VIA SPACE-TRACK.ORG API","2013-09-09T17:20:13","18 SPCS","PAYLOAD B","2013-037B","EARTH","TEME","UTC","SGP4","2013-09-09T17:21:17.015040","14.67233574","0.00044040","98.0549","269.5106","177.9526","182.1669","0","U","39209","999","758","0.00003725300000","0.00000162","0.0000000000000","7048.054","98.143","673.023","666.815","PAYLOAD","LARGE","PRC","2013-07-19","TSC","","1544592","93793220","0 PAYLOAD B","1 39209U 13037B   13252.72311360  .00000162  00000-0  37253-4 0  9996","2 39209 098.0549 269.5106 0004404 177.9526 182.1669 14.67233574  7583"
"2.0","GENERATED VIA SPACE-TRACK.ORG API","2013-09-09T17:21:38","18 SPCS","PAYLOAD C","2013-037C","EARTH","TEME","UTC","SGP4","2013-09-09T17:32:30.878015","14.94985452","0.00323190","97.6953","269.6680","225.8195","134.0360","0","U","39210","999","766","0.00005836800000","0.00000585","0.0000000000000","6960.559","96.322","604.920","559.928","PAYLOAD","LARGE","PRC","2013-07-19","TSC","","1544594","93793244","0 PAYLOAD C","1 39210U 13037C   13252.73091294  .00000585  00000-0  58368-4 0  9999","2 39210 097.6953 269.6680 0032319 225.8195 134.0360 14.94985452  7660"
"2.0","GENERATED VIA SPACE-TRACK.ORG API","2013-09-09T16:37:29","18 SPCS","PAYLOAD A","2013-037A","EARTH","TEME","UTC","SGP4","2013-09-09T18:11:55.763520","14.68169570","0.00081190","98.0553","269.6236","195.7642","164.3288","0","U","39208","999","760","0.00001363500000","0.00000030","0.0000000000000","7045.059","98.081","672.643","661.204","PAYLOAD","LARGE","PRC","2013-07-19","TSC","","1544531","93791815","0 PAYLOAD A","1 39208U 13037A   13252.75828430  .00000030  00000-0  13635-4 0  9991","2 39208 098.0553 269.6236 0008119 195.7642 164.3288 14.68169570  7603"
"2.0","GENERATED VIA SPACE-TRACK.ORG API","2013-09-10T01:23:28","18 SPCS","PAYLOAD B","2013-037B","EARTH","TEME","UTC","SGP4","2013-09-10T01:32:17.895263","14.67233949","0.00044600","98.0547","269.8458","176.8278","183.2972","0","U","39209","999","763","0.00004134800000","0.00000185","0.0000000000000","7048.053","98.143","673.062","666.775","PAYLOAD","LARGE","PRC","2013-07-19","TSC","","1544889","93795873","0 PAYLOAD B","1 39209U 13037B   13253.06409601  .00000185  00000-0  41348-4 0  9995","2 39209 098.0547 269.8458 0004460 176.8278 183.2972 14.67233949  7639"
"2.0","GENERATED VIA SPACE-TRACK.ORG API","2013-09-10T01:23:39","18 SPCS","PAYLOAD C","2013-037C","EARTH","TEME","UTC","SGP4","2013-09-10T01:34:25.432896","14.94987297","0.00323730","97.6954","269.9966","224.4052","135.4592","0","U","39210","999","771","0.00008093500000","0.00000835","0.0000000000000","6960.553","96.321","604.952","559.885","PAYLOAD","LARGE","PRC","2013-07-19","TSC","","1544890","93795915","0 PAYLOAD C","1 39210U 13037C   13253.06557214  .00000835  00000-0  80935-4 0  9998","2 39210 097.6954 269.9966 0032373 224.4052 135.4592 14.94987297  7715"
"2.0","GENERATED VIA SPACE-TRACK.ORG API","2013-09-10T00:23:22","18 SPCS","PAYLOAD A","2013-037A","EARTH","TEME","UTC","SGP4","2013-09-10T02:22:37.875071","14.68170116","0.00081340","98.0552","269.9591","194.8233","165.2752","0","U","39208","999","765","0.00002826200000","0.00000114","0.0000000000000","7045.057","98.081","672.652","661.191","PAYLOAD","LARGE","PRC","2013-07-19","TSC","","1544812","93794004","0 PAYLOAD A","1 39208U 13037A   13253.09904948  .00000114  00000-0  28262-4 0  9993","2 39208 098.0552 269.9591 0008134 194.8233 165.2752 14.68170116  7651"
"2.0","GENERATED VIA SPACE-TRACK.ORG API","2013-09-10T08:18:48","18 SPCS","PAYLOAD A","2013-037A","EARTH","TEME","UTC","SGP4","2013-09-10T08:55:11.504351","14.68170334","0.00081270","98.0553","270.2277","193.9375","166.1613","0","U","39208","999","769","0.00003076200000","0.00000129","0.0000000000000","7045.056","98.081","672.647","661.196","PAYLOAD","LARGE","PRC","2013-07-19","TSC","","1544929","93796320","0 PAYLOAD A","1 39208U 13037A   13253.37166093  .00000129  00000-0  30762-4 0  9999","2 39208 098.0553 270.2277 0008127 193.9375 166.1613 14.68170334  7699"
"2.0","GENERATED VIA SPACE-TRACK.ORG API","2013-09-10T10:15:58","18 SPCS","PAYLOAD C","2013-037C","EARTH","TEME","UTC","SGP4","2013-09-10T09:36:19.994688","14.94987799","0.00323600","97.6957","270.3249","223.2722","136.5958","0","U","39210","999","776","0.00007865700000","0.00000809","0.0000000000000","6960.552","96.321","604.941","559.892","PAYLOAD","LARGE","PRC","2013-07-19","TSC","","1545062","93798993","0 PAYLOAD C","1 39210U 13037C   13253.40023142  .00000809  00000-0  78657-4 0  9993","2 39210 097.6957 270.3249 0032360 223.2722 136.5958 14.94987799  7765"
"2.0","GENERATED VIA SPACE-TRACK.ORG API","2013-09-10T10:09:56","18 SPCS","PAYLOAD B","2013-037B","EARTH","TEME","UTC","SGP4","2013-09-10T09:43:18.704639","14.67234451","0.00044390","98.0548","270.1810","175.7468","184.3785","0","U","39209","999","768","0.00005426300000","0.00000258","0.0000000000000","7048.052","98.143","673.045","666.788","PAYLOAD","LARGE","PRC","2013-07-19","TSC","","1545059","93798939","0 PAYLOAD B","1 39209U 13037B   13253.40507760  .00000258  00000-0  54263-4 0  9999","2 39209 098.0548 270.1810 0004439 175.7468 184.3785 14.67234451  7680"
"2.0","GENERATED VIA SPACE-TRACK.ORG API","2013-09-10T17:23:30","18 SPCS","PAYLOAD C","2013-037C","EARTH","TEME","UTC","SGP4","2013-09-10T17:38:14.592767","14.94987819","0.00323780","97.6956","270.6532","222.0925","137.7799","0","U","39210","999","781","0.00007016100000","0.00000716","0.0000000000000","6960.552","96.321","604.953","559.880","PAYLOAD","LARGE","PRC","2013-07-19","TSC","","1545260","93801505","0 PAYLOAD C","1 39210U 13037C   13253.73489112  .00000716  00000-0  70161-4 0  9991","2 39210 097.6956 270.6532 0032378 222.0925 137.7799 14.94987819  7818"
"2.0","GENERATED VIA SPACE-TRACK.ORG API","2013-09-10T17:21:39","18 SPCS","PAYLOAD B","2013-037B","EARTH","TEME","UTC","SGP4","2013-09-10T17:54:19.538208","14.67233985","0.00044820","98.0547","270.5162","174.8265","185.2971","0","U","39209","999","773","0.00003760100000","0.00000164","0.0000000000000","7048.053","98.143","673.077","666.759","PAYLOAD","LARGE","PRC","2013-07-19","TSC","","1545257","93801478","0 PAYLOAD B","1 39209U 13037B   13253.74605947  .00000164  00000-0  37601-4 0  9995","2 39209 098.0547 270.5162 0004482 174.8265 185.2971 14.67233985  7730"
"2.0","GENERATED VIA SPACE-TRACK.ORG API","2013-09-10T16:26:35","18 SPCS","PAYLOAD A","2013-037A","EARTH","TEME","UTC","SGP4","2013-09-10T18:44:02.025599","14.68169539","0.00081340","98.0551","270.6302","192.3734","167.7253","0","U","39208","999","775","0.00000459400000","-0.00000022","0.0000000000000","7045.059","98.081","672.654","661.193","PAYLOAD","LARGE","PRC","2013-07-19","TSC","","1545180","93799748","0 PAYLOAD A","1 39208U 13037A   13253.78057900 -.00000022  00000-0  45940-5 0  9998","2 39208 098.0551 270.6302 0008134 192.3734 167.7253 14.68169539  7759"
"2.0","GENERATED VIA SPACE-TRACK.ORG API","2013-09-10T19:13:09","18 SPCS","PAYLOAD A","2013-037A","EARTH","TEME","UTC","SGP4","2013-09-10T23:38:27.278016","14.68169837","0.00081390","98.0553","270.8316","191.5857","168.5157","0","U","39208","999","778","0.00001144300000","0.00000017","0.0000000000000","7045.058","98.081","672.657","661.189","PAYLOAD","LARGE","PRC","2013-07-19","TSC","","1545282","93801688","0 PAYLOAD A","1 39208U 13037A   13253.98503794  .00000017  00000-0  11443-4 0  9990","2 39208 098.0553 270.8316 0008139 191.5857 168.5157 14.68169837  7786"
"2.0","GENERATED VIA SPACE-TRACK.ORG API","2013-09-10T19:22:27","18 SPCS","PAYLOAD C","2013-037C","EARTH","TEME","UTC","SGP4","2013-09-11T00:03:46.231488","14.94989065","0.00322900","97.6957","270.9158","221.0588","138.8196","0","U","39210","999","785","0.00008360300000","0.00000864","0.0000000000000","6960.548","96.321","604.888","559.937","PAYLOAD","LARGE","PRC","2013-07-19","TSC","","1545284","93801690","0 PAYLOAD C","1 39210U 13037C   13254.00261842  .00000864  00000-0  83603-4 0  9999","2 39210 097.6957 270.9158 0032290 221.0588 138.8196 14.94989065  7855"
"2.0","GENERATED VIA SPACE-TRACK.ORG API","2013-09-10T19:19:27","18 SPCS","PAYLOAD B","2013-037B","EARTH","TEME","UTC","SGP4","2013-09-11T00:27:08.229599","14.67234120","0.00044630","98.0548","270.7840","173.3440","186.7824","0","U","39209","999","777","0.00003549600000","0.00000152","0.0000000000000","7048.053","98.143","673.063","666.772","PAYLOAD","LARGE","PRC","2013-07-19","TSC","","1545283","93801689","0 PAYLOAD B","1 39209U 13037B   13254.01884525  .00000152  00000-0  35496-4 0  9994","2 39209 098.0548 270.7840 0004463 173.3440 186.7824 14.67234120  7773"
"2.0","GENERATED VIA SPACE-TRACK.ORG API","2013-09-11T01:53:56","18 SPCS","PAYLOAD C","2013-037C","EARTH","TEME","UTC","SGP4","2013-09-11T03:16:32.063808","14.94989190","0.00323040","97.6957","271.0472","220.6492","139.2319","0","U","39210","999","787","0.00008025600000","0.00000827","0.0000000000000","6960.547","96.321","604.898","559.927","PAYLOAD","LARGE","PRC","2013-07-19","TSC","","1545507","93804156","0 PAYLOAD C","1 39210U 13037C   13254.13648222  .00000827  00000-0  80256-4 0  9994","2 39210 097.6957 271.0472 0032304 220.6492 139.2319 14.94989190  7874"
"2.0","GENERATED VIA SPACE-TRACK.ORG API","2013-09-11T01:53:39","18 SPCS","PAYLOAD B","2013-037B","EARTH","TEME","UTC","SGP4","2013-09-11T03:43:32.564064","14.67234221","0.00045010","98.0546","270.9182","173.3831","186.7446","0","U","39209","999","779","0.00003542300000","0.00000152","0.0000000000000","7048.052","98.143","673.090","666.745","PAYLOAD","LARGE","PRC","2013-07-19","TSC","","1545506","93804125","0 PAYLOAD B","1 39209U 13037B   13254.15523801  .00000152  00000-0  35423-4 0  9996","2 39209 098.0546 270.9182 0004501 173.3831 186.7446 14.67234221  7793"
"2.0","GENERATED VIA SPACE-TRACK.ORG API","2013-09-11T00:16:03","18 SPCS","PAYLOAD A","2013-037A","EARTH","TEME","UTC","SGP4","2013-09-11T04:32:52.535615","14.68170157","0.00081880","98.0549","271.0330","191.3353","168.7688","0","U","39208","999","781","0.00002259000000","0.00000082","0.0000000000000","7045.057","98.081","672.690","661.153","PAYLOAD","LARGE","PRC","2013-07-19","TSC","","1545412","93801955","0 PAYLOAD A","1 39208U 13037A   13254.18949694  .00000082  00000-0  22590-4 0  9993","2 39208 098.0549 271.0330 0008188 191.3353 168.7688 14.68170157  7815"
"2.0","GENERATED VIA SPACE-TRACK.ORG API","2013-09-11T08:30:38","18 SPCS","PAYLOAD A","2013-037A","EARTH","TEME","UTC","SGP4","2013-09-11T11:05:26.163168","14.68170419","0.00081690","98.0550","271.3013","190.4991","169.6051","0","U","39208","999","785","0.00002766200000","0.00000111","0.0000000000000","7045.056","98.081","672.676","661.166","PAYLOAD","LARGE","PRC","2013-07-19","TSC","","1545555","93804854","0 PAYLOAD A","1 39208U 13037A   13254.46210837  .00000111  00000-0  27662-4 0  9992","2 39208 098.0550 271.3013 0008169 190.4991 169.6051 14.68170419  7854"
"2.0","GENERATED VIA SPACE-TRACK.ORG API","2013-09-11T09:39:54","18 SPCS","PAYLOAD C","2013-037C","EARTH","TEME","UTC","SGP4","2013-09-11T11:18:26.596224","14.94990262","0.00323240","97.6959","271.3758","219.4699","140.4182","0","U","39210","999","792","0.00008682100000","0.00000900","0.0000000000000","6960.544","96.321","604.908","559.910","PAYLOAD","LARGE","PRC","2013-07-19","TSC","","1545643","93806952","0 PAYLOAD C","1 39210U 13037C   13254.47114116  .00000900  00000-0  86821-4 0  9997","2 39210 097.6959 271.3758 0032324 219.4699 140.4182 14.94990262  7923"
"2.0","GENERATED VIA SPACE-TRACK.ORG API","2013-09-11T09:38:31","18 SPCS","PAYLOAD B","2013-037B","EARTH","TEME","UTC","SGP4","2013-09-11T11:54:33.360480","14.67234471","0.00045260","98.0547","271.2535","172.2485","187.8796","0","U","39209","999","784","0.00003639200000","0.00000157","0.0000000000000","7048.052","98.143","673.107","666.727","PAYLOAD","LARGE","PRC","2013-07-19","TSC","","1545640","93806894","0 PAYLOAD B","1 39209U 13037B   13254.49621945  .00000157  00000-0  36392-4 0  9992","2 39209 098.0547 271.2535 0004526 172.2485 187.8796 14.67234471  7843"
"2.0","GENERATED VIA SPACE-TRACK.ORG API","2013-09-11T16:24:45","18 SPCS","PAYLOAD A","2013-037A","EARTH","TEME","UTC","SGP4","2013-09-11T19:16:08.268671","14.68169931","0.00082280","98.0550","271.6370","189.3098","170.7957","0","U","39208","999","790","0.00001267500000","0.00000025","0.0000000000000","7045.057","98.081","672.719","661.126","PAYLOAD","LARGE","PRC","2013-07-19","TSC","","1545721","93807697","0 PAYLOAD A","1 39208U 13037A   13254.80287348  .00000025  00000-0  12675-4 0  9993","2 39208 098.0550 271.6370 0008228 189.3098 170.7957 14.68169931  7905"
"2.0","GENERATED VIA SPACE-TRACK.ORG API","2013-09-11T17:21:50","18 SPCS","PAYLOAD C","2013-037C","EARTH","TEME","UTC","SGP4","2013-09-11T19:20:21.150239","14.94990849","0.00323120","97.6961","271.7043","218.2370","141.6565","0","U","39210","999","797","0.00009075100000","0.00000943","0.0000000000000","6960.542","96.321","604.898","559.916","PAYLOAD","LARGE","PRC","2013-07-19","TSC","","1545798","93809508","0 PAYLOAD C","1 39210U 13037C   13254.80580035  .00000943  00000-0  90751-4 0  9995","2 39210 097.6961 271.7043 0032312 218.2370 141.6565 14.94990849  7971"
"2.0","GENERATED VIA SPACE-TRACK.ORG API","2013-09-11T17:20:17","18 SPCS","PAYLOAD B","2013-037B","EARTH","TEME","UTC","SGP4","2013-09-11T20:05:34.201824","14.67234588","0.00046160","98.0549","271.5892","170.6537","189.4762","0","U","39209","999","789","0.00004020200000","0.00000179","0.0000000000000","7048.051","98.143","673.170","666.663","PAYLOAD","LARGE","PRC","2013-07-19","TSC","","1545795","93809473","0 PAYLOAD B","1 39209U 13037B   13254.83720141  .00000179  00000-0  40202-4 0  9997","2 39209 098.0549 271.5892 0004616 170.6537 189.4762 14.67234588  7899"
"2.0","GENERATED VIA SPACE-TRACK.ORG API","2013-09-12T01:30:12","18 SPCS","PAYLOAD C","2013-037C","EARTH","TEME","UTC","SGP4","2013-09-12T03:22:15.592799","14.94992366","0.00323540","97.6962","272.0326","217.1472","142.7512","0","U","39210","999","802","0.00010264000000","0.00001074","0.0000000000000","6960.537","96.321","604.923","559.882","PAYLOAD","LARGE","PRC","2013-07-19","TSC","","1545957","93812151","0 PAYLOAD C","1 39210U 13037C   13255.14045825  .00001074  00000-0  10264-3 0  9992","2 39210 097.6962 272.0326 0032354 217.1472 142.7512 14.94992366  8024"
"2.0","GENERATED VIA SPACE-TRACK.ORG API","2013-09-12T00:25:25","18 SPCS","PAYLOAD A","2013-037A","EARTH","TEME","UTC","SGP4","2013-09-12T03:26:50.268767","14.68170589","0.00083410","98.0546","271.9726","188.1853","171.9220","0","U","39208","999","795","0.00002379700000","0.00000089","0.0000000000000","7045.055","98.081","672.797","661.044","PAYLOAD","LARGE","PRC","2013-07-19","TSC","","1545874","93810160","0 PAYLOAD A","1 39208U 13037A   13255.14363737  .00000089  00000-0  23797-4 0  9995","2 39208 098.0546 271.9726 0008341 188.1853 171.9220 14.68170589  7952"
"2.0","GENERATED VIA SPACE-TRACK.ORG API","2013-09-12T01:28:39","18 SPCS","PAYLOAD B","2013-037B","EARTH","TEME","UTC","SGP4","2013-09-12T04:16:34.977503","14.67234965","0.00046140","98.0547","271.9244","170.1207","190.0091","0","U","39209","999","794","0.00004374000000","0.00000199","0.0000000000000","7048.050","98.143","673.167","666.663","PAYLOAD","LARGE","PRC","2013-07-19","TSC","","1545955","93812112","0 PAYLOAD B","1 39209U 13037B   13255.17818261  .00000199  00000-0  43740-4 0  9998","2 39209 098.0547 271.9244 0004614 170.1207 190.0091 14.67234965  7947"
"2.0","GENERATED VIA SPACE-TRACK.ORG API","2013-09-12T05:35:35","18 SPCS","PAYLOAD B","2013-037B","EARTH","TEME","UTC","SGP4","2013-09-12T07:32:59.300736","14.67234948","0.00045880","98.0548","272.0585","169.4593","190.6703","0","U","39209","999","796","0.00004081100000","0.00000182","0.0000000000000","7048.050","98.143","673.149","666.681","PAYLOAD","LARGE","PRC","2013-07-19","TSC","","1546006","93813002","0 PAYLOAD B","1 39209U 13037B   13255.31457524  .00000182  00000-0  40811-4 0  9993","2 39209 098.0548 272.0585 0004588 169.4593 190.6703 14.67234948  7966"
"2.0","GENERATED VIA SPACE-TRACK.ORG API","2013-09-12T05:35:58","18 SPCS","PAYLOAD C","2013-037C","EARTH","TEME","UTC","SGP4","2013-09-12T08:11:24.287712","14.94992927","0.00323240","97.6963","272.2297","216.4768","143.4254","0","U","39210","999","805","0.00010353000000","0.00001084","0.0000000000000","6960.536","96.321","604.900","559.901","PAYLOAD","LARGE","PRC","2013-07-19","TSC","","1546008","93813017","0 PAYLOAD C","1 39210U 13037C   13255.34125333  .00001084  00000-0  10353-3 0  9997","2 39210 097.6963 272.2297 0032324 216.4768 143.4254 14.94992927  8058"
"2.0","GENERATED VIA SPACE-TRACK.ORG API","2013-09-12T05:13:40","18 SPCS","PAYLOAD A","2013-037A","EARTH","TEME","UTC","SGP4","2013-09-12T08:21:15.503904","14.68170651","0.00083360","98.0547","272.1739","187.5174","172.5908","0","U","39208","999","798","0.00002357300000","0.00000087","0.0000000000000","7045.055","98.081","672.793","661.047","PAYLOAD","LARGE","PRC","2013-07-19","TSC","","1545984","93812457","0 PAYLOAD A","1 39208U 13037A   13255.34809611  .00000087  00000-0  23573-4 0  9993","2 39208 098.0547 272.1739 0008336 187.5174 172.5908 14.68170651  7986"
"2.0","GENERATED VIA SPACE-TRACK.ORG API","2013-09-12T15:38:27","18 SPCS","PAYLOAD B","2013-037B","EARTH","TEME","UTC","SGP4","2013-09-12T15:44:00.121344","14.67234622","0.00046480","98.0547","272.3936","168.6303","191.4990","0","U","39209","999","801","0.00002686600000","0.00000104","0.0000000000000","7048.051","98.143","673.192","666.640","PAYLOAD","LARGE","PRC","2013-07-19","TSC","","1546213","93816649","0 PAYLOAD B","1 39209U 13037B   13255.65555696  .00000104  00000-0  26866-4 0  9997","2 39209 098.0547 272.3936 0004648 168.6303 191.4990 14.67234622  8018"
"2.0","GENERATED VIA SPACE-TRACK.ORG API","2013-09-12T15:39:59","18 SPCS","PAYLOAD C","2013-037C","EARTH","TEME","UTC","SGP4","2013-09-12T16:13:18.753600","14.94992952","0.00323780","97.6962","272.5581","215.2704","144.6337","0","U","39210","999","810","0.00009249000000","0.00000962","0.0000000000000","6960.536","96.321","604.937","559.864","PAYLOAD","LARGE","PRC","2013-07-19","TSC","","1546215","93816675","0 PAYLOAD C","1 39210U 13037C   13255.67591150  .00000962  00000-0  92490-4 0  9994","2 39210 097.6962 272.5581 0032378 215.2704 144.6337 14.94992952  8101"
"2.0","GENERATED VIA SPACE-TRACK.ORG API","2013-09-12T14:42:27","18 SPCS","PAYLOAD A","2013-037A","EARTH","TEME","UTC","SGP4","2013-09-12T16:31:57.556704","14.68170636","0.00083560","98.0549","272.5094","186.3902","173.7178","0","U","39208","999","803","0.00002462400000","0.00000093","0.0000000000000","7045.055","98.081","672.807","661.033","PAYLOAD","LARGE","PRC","2013-07-19","TSC","","1546129","93814566","0 PAYLOAD A","1 39208U 13037A   13255.68886061  .00000093  00000-0  24624-4 0  9999","2 39208 098.0549 272.5094 0008356 186.3902 173.7178 14.68170636  8036"
"2.0","GENERATED VIA SPACE-TRACK.ORG API","2013-09-12T17:02:51","18 SPCS","PAYLOAD C","2013-037C","EARTH","TEME","UTC","SGP4","2013-09-12T19:26:04.609247","14.94993656","0.00323570","97.6963","272.6894","214.7904","145.1214","0","U","39210","999","812","0.00010036000000","0.00001049","0.0000000000000","6960.533","96.321","604.921","559.876","PAYLOAD","LARGE","PRC","2013-07-19","TSC","","1546294","93818617","0 PAYLOAD C","1 39210U 13037C   13255.80977557  .00001049  00000-0  10036-3 0  9990","2 39210 097.6963 272.6894 0032357 214.7904 145.1214 14.94993656  8127"
"2.0","GENERATED VIA SPACE-TRACK.ORG API","2013-09-12T16:22:47","18 SPCS","PAYLOAD A","2013-037A","EARTH","TEME","UTC","SGP4","2013-09-12T19:48:14.416703","14.68170704","0.00083810","98.0550","272.6437","185.5400","174.5711","0","U","39208","999","805","0.00002585700000","0.00000100","0.0000000000000","7045.055","98.081","672.824","661.016","PAYLOAD","LARGE","PRC","2013-07-19","TSC","","1546239","93817248","0 PAYLOAD A","1 39208U 13037A   13255.82516686  .00000100  00000-0  25857-4 0  9996","2 39208 098.0550 272.6437 0008381 185.5400 174.5711 14.68170704  8052"
"2.0","GENERATED VIA SPACE-TRACK.ORG API","2013-09-12T17:01:52","18 SPCS","PAYLOAD B","2013-037B","EARTH","TEME","UTC","SGP4","2013-09-12T20:38:36.642048","14.67234595","0.00046630","98.0547","272.5946","167.9973","192.1338","0","U","39209","999","804","0.00002510400000","0.00000094","0.0000000000000","7048.051","98.143","673.203","666.630","PAYLOAD","LARGE","PRC","2013-07-19","TSC","","1546293","93818585","0 PAYLOAD B","1 39209U 13037B   13255.86014632  .00000094  00000-0  25104-4 0  9992","2 39209 098.0547 272.5946 0004663 167.9973 192.1338 14.67234595  8049"
"2.0","GENERATED VIA SPACE-TRACK.ORG API","2013-09-13T01:44:06","18 SPCS","PAYLOAD B","2013-037B","EARTH","TEME","UTC","SGP4","2013-09-13T03:11:25.268639","14.67235112","0.00046630","98.0546","272.8627","167.2936","192.8387","0","U","39209","999","808","0.00003640100000","0.00000157","0.0000000000000","7048.050","98.143","673.201","666.628","PAYLOAD","LARGE","PRC","2013-07-19","TSC","","1546474","93821269","0 PAYLOAD B","1 39209U 13037B   13256.13293135  .00000157  00000-0  36401-4 0  9992","2 39209 098.0546 272.8627 0004663 167.2936 192.8387 14.67235112  8080"
"2.0","GENERATED VIA SPACE-TRACK.ORG API","2013-09-13T01:45:43","18 SPCS","PAYLOAD C","2013-037C","EARTH","TEME","UTC","SGP4","2013-09-13T03:27:59.017247","14.94995195","0.00323800","97.6962","273.0177","213.6964","146.2203","0","U","39210","999","817","0.00011428000000","0.00001203","0.0000000000000","6960.529","96.321","604.932","559.855","PAYLOAD","LARGE","PRC","2013-07-19","TSC","","1546476","93821310","0 PAYLOAD C","1 39210U 13037C   13256.14443307  .00001203  00000-0  11428-3 0  9997","2 39210 097.6962 273.0177 0032380 213.6964 146.2203 14.94995195  8170"
"2.0","GENERATED VIA SPACE-TRACK.ORG API","2013-09-13T00:35:50","18 SPCS","PAYLOAD A","2013-037A","EARTH","TEME","UTC","SGP4","2013-09-13T03:58:56.453088","14.68171126","0.00084580","98.0547","272.9790","184.8020","175.3119","0","U","39208","999","810","0.00003118000000","0.00000131","0.0000000000000","7045.054","98.081","672.877","660.960","PAYLOAD","LARGE","PRC","2013-07-19","TSC","","1546394","93819325","0 PAYLOAD A","1 39208U 13037A   13256.16593117  .00000131  00000-0  31180-4 0  9998","2 39208 098.0547 272.9790 0008458 184.8020 175.3119 14.68171126  8104"
"2.0","GENERATED VIA SPACE-TRACK.ORG API","2013-09-13T09:34:21","18 SPCS","PAYLOAD B","2013-037B","EARTH","TEME","UTC","SGP4","2013-09-13T11:22:26.065919","14.67235498","0.00046570","98.0549","273.1980","166.2490","193.8849","0","U","39209","999","813","0.00004235900000","0.00000191","0.0000000000000","7048.048","98.143","673.196","666.631","PAYLOAD","LARGE","PRC","2013-07-19","TSC","","1546607","93824202","0 PAYLOAD B","1 39209U 13037B   13256.47391280  .00000191  00000-0  42359-4 0  9996","2 39209 098.0549 273.1980 0004657 166.2490 193.8849 14.67235498  8133"
"2.0","GENERATED VIA SPACE-TRACK.ORG API","2013-09-13T09:35:43","18 SPCS","PAYLOAD C","2013-037C","EARTH","TEME","UTC","SGP4","2013-09-13T11:29:53.445984","14.94996199","0.00323840","97.6964","273.3463","212.5904","147.3323","0","U","39210","999","822","0.00011652000000","0.00001228","0.0000000000000","6960.525","96.321","604.931","559.850","PAYLOAD","LARGE","PRC","2013-07-19","TSC","","1546608","93824240","0 PAYLOAD C","1 39210U 13037C   13256.47909081  .00001228  00000-0  11652-3 0  9995","2 39210 097.6964 273.3463 0032384 212.5904 147.3323 14.94996199  8225"
"2.0","GENERATED VIA SPACE-TRACK.ORG API","2013-09-13T08:29:58","18 SPCS","PAYLOAD A","2013-037A","EARTH","TEME","UTC","SGP4","2013-09-13T12:09:38.486879","14.68171501","0.00084260","98.0548","273.3145","183.7107","176.4041","0","U","39208","999","815","0.00004012600000","0.00000182","0.0000000000000","7045.052","98.081","672.854","660.981","PAYLOAD","LARGE","PRC","2013-07-19","TSC","","1546525","93822202","0 PAYLOAD A","1 39208U 13037A   13256.50669545  .00000182  00000-0  40126-4 0  9991","2 39208 098.0548 273.3145 0008426 183.7107 176.4041 14.68171501  8151"
"2.0","GENERATED VIA SPACE-TRACK.ORG API","2013-09-13T17:27:18","18 SPCS","PAYLOAD C","2013-037C","EARTH","TEME","UTC","SGP4","2013-09-13T19:31:47.964575","14.94995656","0.00324210","97.6964","273.6747","211.4743","148.4541","0","U","39210","999","827","0.00009568700000","0.00000998","0.0000000000000","6960.527","96.321","604.959","559.825","PAYLOAD","LARGE","PRC","2013-07-19","TSC","","1546760","93826801","0 PAYLOAD C","1 39210U 13037C   13256.81374959  .00000998  00000-0  95687-4 0  9997","2 39210 097.6964 273.6747 0032421 211.4743 148.4541 14.94995656  8270"
"2.0","GENERATED VIA SPACE-TRACK.ORG API","2013-09-13T17:27:02","18 SPCS","PAYLOAD B","2013-037B","EARTH","TEME","UTC","SGP4","2013-09-13T19:33:26.914176","14.67235176","0.00047170","98.0549","273.5333","165.1253","195.0097","0","U","39209","999","818","0.00003186600000","0.00000132","0.0000000000000","7048.049","98.143","673.239","666.590","PAYLOAD","LARGE","PRC","2013-07-19","TSC","","1546759","93826771","0 PAYLOAD B","1 39209U 13037B   13256.81489484  .00000132  00000-0  31866-4 0  9994","2 39209 098.0549 273.5333 0004717 165.1253 195.0097 14.67235176  8188"
"2.0","GENERATED VIA SPACE-TRACK.ORG API","2013-09-13T16:27:09","18 SPCS","PAYLOAD A","2013-037A","EARTH","TEME","UTC","SGP4","2013-09-13T20:20:20.539679","14.68171148","0.00085210","98.0551","273.6506","182.6465","177.4685","0","U","39208","999","820","0.00002800700000","0.00000113","0.0000000000000","7045.054","98.081","672.922","660.915","PAYLOAD","LARGE","PRC","2013-07-19","TSC","","1546675","93824920","0 PAYLOAD A","1 39208U 13037A   13256.84745995  .00000113  00000-0  28007-4 0  9990","2 39208 098.0551 273.6506 0008521 182.6465 177.4685 14.68171148  8208"
"2.0","GENERATED VIA SPACE-TRACK.ORG API","2013-09-13T18:25:26","18 SPCS","PAYLOAD C","2013-037C","EARTH","TEME","UTC","SGP4","2013-09-13T22:44:33.738143","14.94995860","0.00323520","97.6962","273.8060","211.0854","148.8447","0","U","39210","999","829","0.00009363100000","0.00000975","0.0000000000000","6960.527","96.321","604.910","559.873","PAYLOAD","LARGE","PRC","2013-07-19","TSC","","1546776","93827020","0 PAYLOAD C","1 39210U 13037C   13256.94761271  .00000975  00000-0  93631-4 0  9990","2 39210 097.6962 273.8060 0032352 211.0854 148.8447 14.94995860  8298"
"2.0","GENERATED VIA SPACE-TRACK.ORG API","2013-09-13T18:10:08","18 SPCS","PAYLOAD B","2013-037B","EARTH","TEME","UTC","SGP4","2013-09-13T22:49:51.227903","14.67235282","0.00046700","98.0549","273.6673","164.3439","195.7911","0","U","39209","999","820","0.00003232300000","0.00000134","0.0000000000000","7048.049","98.143","673.205","666.623","PAYLOAD","LARGE","PRC","2013-07-19","TSC","","1546775","93827019","0 PAYLOAD B","1 39209U 13037B   13256.95128736  .00000134  00000-0  32323-4 0  9990","2 39209 098.0549 273.6673 0004670 164.3439 195.7911 14.67235282  8204"
"2.0","GENERATED VIA SPACE-TRACK.ORG API","2013-09-14T01:44:19","18 SPCS","PAYLOAD C","2013-037C","EARTH","TEME","UTC","SGP4","2013-09-14T03:33:42.412320","14.94996642","0.00324130","97.6964","274.0031","210.3668","149.5698","0","U","39210","999","832","0.00009973200000","0.00001042","0.0000000000000","6960.524","96.321","604.950","559.828","PAYLOAD","LARGE","PRC","2013-07-19","TSC","","1546957","93829614","0 PAYLOAD C","1 39210U 13037C   13257.14840755  .00001042  00000-0  99732-4 0  9992","2 39210 097.6964 274.0031 0032413 210.3668 149.5698 14.94996642  8323"
"2.0","GENERATED VIA SPACE-TRACK.ORG API","2013-09-14T01:44:02","18 SPCS","PAYLOAD B","2013-037B","EARTH","TEME","UTC","SGP4","2013-09-14T03:44:27.712319","14.67235719","0.00047040","98.0549","273.8687","164.3070","195.8308","0","U","39209","999","823","0.00004140900000","0.00000185","0.0000000000000","7048.048","98.143","673.228","666.597","PAYLOAD","LARGE","PRC","2013-07-19","TSC","","1546956","93829577","0 PAYLOAD B","1 39209U 13037B   13257.15587630  .00000185  00000-0  41409-4 0  9996","2 39209 098.0549 273.8687 0004704 164.3070 195.8308 14.67235719  8239"
"2.0","GENERATED VIA SPACE-TRACK.ORG API","2013-09-14T00:25:43","18 SPCS","PAYLOAD A","2013-037A","EARTH","TEME","UTC","SGP4","2013-09-14T04:31:02.597663","14.68171382","0.00085340","98.0551","273.9859","181.6329","178.4848","0","U","39208","999","825","0.00003014200000","0.00000125","0.0000000000000","7045.053","98.081","672.930","660.906","PAYLOAD","LARGE","PRC","2013-07-19","TSC","","1546872","93827554","0 PAYLOAD A","1 39208U 13037A   13257.18822451  .00000125  00000-0  30142-4 0  9997","2 39208 098.0551 273.9859 0008534 181.6329 178.4848 14.68171382  8251"
"2.0","GENERATED VIA SPACE-TRACK.ORG API","2013-09-14T01:28:06","18 SPCS","PAYLOAD B","2013-037B","EARTH","TEME","UTC","SGP4","2013-09-14T07:00:51.988031","14.67235978","0.00046350","98.0550","274.0026","163.1678","196.9677","0","U","39209","999","825","0.00004784400000","0.00000222","0.0000000000000","7048.047","98.143","673.179","666.645","PAYLOAD","LARGE","PRC","2013-07-19","TSC","","1546939","93829181","0 PAYLOAD B","1 39209U 13037B   13257.29226838  .00000222  00000-0  47844-4 0  9992","2 39209 098.0550 274.0026 0004635 163.1678 196.9677 14.67235978  8255"
"2.0","GENERATED VIA SPACE-TRACK.ORG API","2013-09-14T03:24:46","18 SPCS","PAYLOAD C","2013-037C","EARTH","TEME","UTC","SGP4","2013-09-14T08:22:51.013919","14.94997707","0.00323810","97.6969","274.2009","209.7571","150.1817","0","U","39210","999","835","0.00011268000000","0.00001186","0.0000000000000","6960.521","96.321","604.925","559.847","PAYLOAD","LARGE","PRC","2013-07-19","TSC","","1546968","93829796","0 PAYLOAD C","1 39210U 13037C   13257.34920155  .00001186  00000-0  11268-3 0  9993","2 39210 097.6969 274.2009 0032381 209.7571 150.1817 14.94997707  8351"
"2.0","GENERATED VIA SPACE-TRACK.ORG API","2013-09-14T03:27:17","18 SPCS","PAYLOAD B","2013-037B","EARTH","TEME","UTC","SGP4","2013-09-14T08:39:04.153535","14.67236442","0.00046350","98.0550","274.0697","162.9521","197.1874","0","U","39209","999","826","0.00005743700000","0.00000276","0.0000000000000","7048.045","98.143","673.177","666.643","PAYLOAD","LARGE","PRC","2013-07-19","TSC","","1546969","93829797","0 PAYLOAD B","1 39209U 13037B   13257.36046474  .00000276  00000-0  57437-4 0  9994","2 39209 098.0550 274.0697 0004635 162.9521 197.1874 14.67236442  8263"
"2.0","GENERATED VIA SPACE-TRACK.ORG API","2013-09-14T05:20:43","18 SPCS","PAYLOAD C","2013-037C","EARTH","TEME","UTC","SGP4","2013-09-14T09:59:13.881695","14.94998264","0.00323810","97.6969","274.2666","209.5337","150.4078","0","U","39210","999","836","0.00011917000000","0.00001257","0.0000000000000","6960.519","96.321","604.923","559.845","PAYLOAD","LARGE","PRC","2013-07-19","TSC","","1546973","93829801","0 PAYLOAD C","1 39210U 13037C   13257.41613289  .00001257  00000-0  11917-3 0  9998","2 39210 097.6969 274.2666 0032381 209.5337 150.4078 14.94998264  8360"
"2.0","GENERATED VIA SPACE-TRACK.ORG API","2013-09-14T05:32:30","18 SPCS","PAYLOAD B","2013-037B","EARTH","TEME","UTC","SGP4","2013-09-14T10:17:16.255103","14.67236449","0.00047300","98.0556","274.1375","162.6419","197.4941","0","U","39209","999","827","0.00005732600000","0.00000275","0.0000000000000","7048.045","98.143","673.244","666.577","PAYLOAD","LARGE","PRC","2013-07-19","TSC","","1546974","93829802","0 PAYLOAD B","1 39209U 13037B   13257.42866036  .00000275  00000-0  57326-4 0  9991","2 39209 098.0556 274.1375 0004730 162.6419 197.4941 14.67236449  8278"
"2.0","GENERATED VIA SPACE-TRACK.ORG API","2013-09-14T08:27:24","18 SPCS","PAYLOAD A","2013-037A","EARTH","TEME","UTC","SGP4","2013-09-14T11:03:36.245087","14.68171548","0.00085260","98.0553","274.2545","180.8368","179.2830","0","U","39208","999","829","0.00003290800000","0.00000141","0.0000000000000","7045.052","98.081","672.924","660.911","PAYLOAD","LARGE","PRC","2013-07-19","TSC","","1547001","93830291","0 PAYLOAD A","1 39208U 13037A   13257.46083617  .00000141  00000-0  32908-4 0  9991","2 39208 098.0553 274.2545 0008526 180.8368 179.2830 14.68171548  8292"
"2.0","GENERATED VIA SPACE-TRACK.ORG API","2013-09-14T07:41:50","18 SPCS","PAYLOAD C","2013-037C","EARTH","TEME","UTC","SGP4","2013-09-14T13:11:59.602560","14.94997552","0.00323880","97.6973","274.3983","208.9904","150.9476","0","U","39210","999","838","0.00009812300000","0.00001025","0.0000000000000","6960.521","96.321","604.930","559.843","PAYLOAD","LARGE","PRC","2013-07-19","TSC","","1546978","93829806","0 PAYLOAD C","1 39210U 13037C   13257.54999540  .00001025  00000-0  98123-4 0  9997","2 39210 097.6973 274.3983 0032388 208.9904 150.9476 14.94997552  8386"
"2.0","GENERATED VIA SPACE-TRACK.ORG API","2013-09-14T08:13:57","18 SPCS","PAYLOAD B","2013-037B","EARTH","TEME","UTC","SGP4","2013-09-14T13:33:40.580063","14.67236158","0.00047700","98.0559","274.2720","162.2796","197.8556","0","U","39209","999","829","0.00004940700000","0.00000230","0.0000000000000","7048.046","98.143","673.273","666.549","PAYLOAD","LARGE","PRC","2013-07-19","TSC","","1546984","93829890","0 PAYLOAD B","1 39209U 13037B   13257.56505301  .00000230  00000-0  49407-4 0  9993","2 39209 098.0559 274.2720 0004770 162.2796 197.8556 14.67236158  8299"
"2.0","GENERATED VIA SPACE-TRACK.ORG API","2013-09-14T10:56:43","18 SPCS","PAYLOAD C","2013-037C","EARTH","TEME","UTC","SGP4","2013-09-14T16:24:45.434016","14.94996442","0.00325360","97.6977","274.5298","208.5073","151.4337","0","U","39210","999","840","0.00007452800000","0.00000764","0.0000000000000","6960.525","96.321","605.037","559.743","PAYLOAD","LARGE","PRC","2013-07-19","TSC","","1547127","93832837","0 PAYLOAD C","1 39210U 13037C   13257.68385919  .00000764  00000-0  74528-4 0  9993","2 39210 097.6977 274.5298 0032536 208.5073 151.4337 14.94996442  8401"
"2.0","GENERATED VIA SPACE-TRACK.ORG API","2013-09-14T16:27:24","18 SPCS","PAYLOAD A","2013-037A","EARTH","TEME","UTC","SGP4","2013-09-14T19:14:18.355775","14.68170649","0.00086110","98.0557","274.5902","179.6522","180.4686","0","U","39208","999","834","0.00000668040000","-0.00000010","0.0000000000000","7045.055","98.081","672.987","660.854","PAYLOAD","LARGE","PRC","2013-07-19","TSC","","1547211","93833406","0 PAYLOAD A","1 39208U 13037A   13257.80160134 -.00000010  00000-0  66804-5 0  9998","2 39208 098.0557 274.5902 0008611 179.6522 180.4686 14.68170649  8349"
"2.0","GENERATED VIA SPACE-TRACK.ORG API","2013-09-14T17:36:01","18 SPCS","PAYLOAD C","2013-037C","EARTH","TEME","UTC","SGP4","2013-09-14T19:37:31.258559","14.94995372","0.00325260","97.6977","274.6612","208.0085","151.9362","0","U","39210","999","842","0.00003465900000","0.00000324","0.0000000000000","6960.528","96.321","605.033","559.753","PAYLOAD","LARGE","PRC","2013-07-19","TSC","","1547321","93835475","0 PAYLOAD C","1 39210U 13037C   13257.81772290  .00000324  00000-0  34659-4 0  9993","2 39210 097.6977 274.6612 0032526 208.0085 151.9362 14.94995372  8425"
"2.0","GENERATED VIA SPACE-TRACK.ORG API","2013-09-14T17:35:40","18 SPCS","PAYLOAD B","2013-037B","EARTH","TEME","UTC","SGP4","2013-09-14T21:44:41.458560","14.67235458","0.00048490","98.0561","274.6072","162.1098","198.0289","0","U","39209","999","834","0.00002348200000","0.00000084","0.0000000000000","7048.048","98.143","673.331","666.496","PAYLOAD","LARGE","PRC","2013-07-19","TSC","","1547320","93835436","0 PAYLOAD B","1 39209U 13037B   13257.90603540  .00000084  00000-0  23482-4 0  9997","2 39209 098.0561 274.6072 0004849 162.1098 198.0289 14.67235458  8341"
"2.0","GENERATED VIA SPACE-TRACK.ORG API","2013-09-15T00:27:08","18 SPCS","PAYLOAD A","2013-037A","EARTH","TEME","UTC","SGP4","2013-09-15T03:25:00.405984","14.68170914","0.00086220","98.0555","274.9256","178.6453","181.4781","0","U","39208","999","839","0.00001016400000","0.00000010","0.0000000000000","7045.054","98.081","672.994","660.845","PAYLOAD","LARGE","PRC","2013-07-19","TSC","","1547432","93836153","0 PAYLOAD A","1 39208U 13037A   13258.14236581  .00000010  00000-0  10164-4 0  9992","2 39208 098.0555 274.9256 0008622 178.6453 181.4781 14.68170914  8394"
"2.0","GENERATED VIA SPACE-TRACK.ORG API","2013-09-15T01:36:33","18 SPCS","PAYLOAD C","2013-037C","EARTH","TEME","UTC","SGP4","2013-09-15T03:39:25.679519","14.94996840","0.00326280","97.6979","274.9896","206.9178","153.0360","0","U","39210","999","847","0.00005990200000","0.00000603","0.0000000000000","6960.524","96.321","605.099","559.678","PAYLOAD","LARGE","PRC","2013-07-19","TSC","","1547513","93838079","0 PAYLOAD C","1 39210U 13037C   13258.15238055  .00000603  00000-0  59902-4 0  9995","2 39210 097.6979 274.9896 0032628 206.9178 153.0360 14.94996840  8474"
"2.0","GENERATED VIA SPACE-TRACK.ORG API","2013-09-15T01:36:16","18 SPCS","PAYLOAD B","2013-037B","EARTH","TEME","UTC","SGP4","2013-09-15T04:17:30.074783","14.67235463","0.00048870","98.0560","274.8756","161.5859","198.5530","0","U","39209","999","838","0.00001466700000","0.00000035","0.0000000000000","7048.048","98.143","673.358","666.469","PAYLOAD","LARGE","PRC","2013-07-19","TSC","","1547512","93838046","0 PAYLOAD B","1 39209U 13037B   13258.17882031  .00000035  00000-0  14667-4 0  9992","2 39209 098.0560 274.8756 0004887 161.5859 198.5530 14.67235463  8385"
"2.0","GENERATED VIA SPACE-TRACK.ORG API","2013-09-15T09:34:19","18 SPCS","PAYLOAD C","2013-037C","EARTH","TEME","UTC","SGP4","2013-09-15T10:04:57.209375","14.94997035","0.00326340","97.6979","275.2523","206.0246","153.9339","0","U","39210","999","851","0.00005064500000","0.00000500","0.0000000000000","6960.523","96.321","605.103","559.673","PAYLOAD","LARGE","PRC","2013-07-19","TSC","","1547642","93840966","0 PAYLOAD C","1 39210U 13037C   13258.42010659  .00000500  00000-0  50645-4 0  9994","2 39210 097.6979 275.2523 0032634 206.0246 153.9339 14.94997035  8516"
"2.0","GENERATED VIA SPACE-TRACK.ORG API","2013-09-15T08:31:01","18 SPCS","PAYLOAD A","2013-037A","EARTH","TEME","UTC","SGP4","2013-09-15T11:35:42.433727","14.68171564","0.00086130","98.0558","275.2613","177.3797","182.7459","0","U","39208","999","844","0.00002866500000","0.00000117","0.0000000000000","7045.052","98.081","672.985","660.849","PAYLOAD","LARGE","PRC","2013-07-19","TSC","","1547552","93838804","0 PAYLOAD A","1 39208U 13037A   13258.48313002  .00000117  00000-0  28665-4 0  9996","2 39208 098.0558 275.2613 0008613 177.3797 182.7459 14.68171564  8449"
"2.0","GENERATED VIA SPACE-TRACK.ORG API","2013-09-15T09:32:58","18 SPCS","PAYLOAD B","2013-037B","EARTH","TEME","UTC","SGP4","2013-09-15T12:28:30.840095","14.67236264","0.00048810","98.0564","275.2111","160.2026","199.9371","0","U","39209","999","843","0.00004463200000","0.00000204","0.0000000000000","7048.046","98.143","673.351","666.471","PAYLOAD","LARGE","PRC","2013-07-19","TSC","","1547640","93840917","0 PAYLOAD B","1 39209U 13037B   13258.51980139  .00000204  00000-0  44632-4 0  9991","2 39209 098.0564 275.2111 0004881 160.2026 199.9371 14.67236264  8439"
"2.0","GENERATED VIA SPACE-TRACK.ORG API","2013-09-15T17:17:17","18 SPCS","PAYLOAD C","2013-037C","EARTH","TEME","UTC","SGP4","2013-09-15T19:43:14.641535","14.94994922","0.00326480","97.6979","275.6465","204.8092","155.1563","0","U","39210","999","857","0.00000204640000","-0.00000036","0.0000000000000","6960.529","96.321","605.119","559.670","PAYLOAD","LARGE","PRC","2013-07-19","TSC","","1547797","93843432","0 PAYLOAD C","1 39210U 13037C   13258.82169724 -.00000036  00000-0  20464-5 0  9998","2 39210 097.6979 275.6465 0032648 204.8092 155.1563 14.94994922  8576"
"2.0","GENERATED VIA SPACE-TRACK.ORG API","2013-09-15T16:22:58","18 SPCS","PAYLOAD A","2013-037A","EARTH","TEME","UTC","SGP4","2013-09-15T19:46:24.517632","14.68171155","0.00086430","98.0556","275.5967","176.2365","183.8916","0","U","39208","999","849","0.00001064900000","0.00000013","0.0000000000000","7045.054","98.081","673.008","660.829","PAYLOAD","LARGE","PRC","2013-07-19","TSC","","1547718","93841817","0 PAYLOAD A","1 39208U 13037A   13258.82389488  .00000013  00000-0  10649-4 0  9993","2 39208 098.0556 275.5967 0008643 176.2365 183.8916 14.68171155  8495"
"2.0","GENERATED VIA SPACE-TRACK.ORG API","2013-09-15T17:16:55","18 SPCS","PAYLOAD B","2013-037B","EARTH","TEME","UTC","SGP4","2013-09-15T20:39:31.678847","14.67235519","0.00049560","98.0564","275.5463","159.2573","200.8839","0","U","39209","999","848","0.00001229000000","0.00000021","0.0000000000000","7048.048","98.143","673.406","666.420","PAYLOAD","LARGE","PRC","2013-07-19","TSC","","1547795","93843401","0 PAYLOAD B","1 39209U 13037B   13258.86078332  .00000021  00000-0  12290-4 0  9994","2 39209 098.0564 275.5463 0004956 159.2573 200.8839 14.67235519  8488"
"2.0","GENERATED VIA SPACE-TRACK.ORG API","2013-09-16T01:53:27","18 SPCS","PAYLOAD C","2013-037C","EARTH","TEME","UTC","SGP4","2013-09-16T03:45:09.078048","14.94994731","0.00327370","97.6978","275.9752","203.6057","156.3680","0","U","39210","999","862","-0.00003097500000","-0.00000401","0.0000000000000","6960.530","96.321","605.182","559.608","PAYLOAD","LARGE","PRC","2013-07-19","TSC","","1547952","93846348","0 PAYLOAD C","1 39210U 13037C   13259.15635507 -.00000401  00000-0 -30975-4 0  9996","2 39210 097.6978 275.9752 0032737 203.6057 156.3680 14.94994731  8621"
"2.0","GENERATED VIA SPACE-TRACK.ORG API","2013-09-16T00:27:31","18 SPCS","PAYLOAD A","2013-037A","EARTH","TEME","UTC","SGP4","2013-09-16T03:57:06.509087","14.68172057","0.00086790","98.0557","275.9323","175.3027","184.8270","0","U","39208","999","854","0.00003811900000","0.00000171","0.0000000000000","7045.051","98.081","673.030","660.801","PAYLOAD","LARGE","PRC","2013-07-19","TSC","","1547862","93844161","0 PAYLOAD A","1 39208U 13037A   13259.16465867  .00000171  00000-0  38119-4 0  9994","2 39208 098.0557 275.9323 0008679 175.3027 184.8270 14.68172057  8542"
"2.0","GENERATED VIA SPACE-TRACK.ORG API","2013-09-16T01:51:44","18 SPCS","PAYLOAD B","2013-037B","EARTH","TEME","UTC","SGP4","2013-09-16T04:50:32.407872","14.67236465","0.00049590","98.0566","275.8818","158.6441","201.4972","0","U","39209","999","853","0.00004454800000","0.00000203","0.0000000000000","7048.045","98.143","673.405","666.415","PAYLOAD","LARGE","PRC","2013-07-19","TSC","","1547950","93846309","0 PAYLOAD B","1 39209U 13037B   13259.20176398  .00000203  00000-0  44548-4 0  9997","2 39209 098.0566 275.8818 0004959 158.6441 201.4972 14.67236465  8539"
"2.0","GENERATED VIA SPACE-TRACK.ORG API","2013-09-16T08:42:15","18 SPCS","PAYLOAD C","2013-037C","EARTH","TEME","UTC","SGP4","2013-09-16T10:10:40.612224","14.94994894","0.00327200","97.6980","276.2379","202.7643","157.2134","0","U","39210","999","866","-0.00002632800000","-0.00000350","0.0000000000000","6960.530","96.321","605.169","559.620","PAYLOAD","LARGE","PRC","2013-07-19","TSC","","1548003","93847350","0 PAYLOAD C","1 39210U 13037C   13259.42408116 -.00000350  00000-0 -26328-4 0  9990","2 39210 097.6980 276.2379 0032720 202.7643 157.2134 14.94994894  8664"
"2.0","GENERATED VIA SPACE-TRACK.ORG API","2013-09-16T07:02:26","18 SPCS","PAYLOAD A","2013-037A","EARTH","TEME","UTC","SGP4","2013-09-16T12:07:48.523008","14.68172260","0.00086800","98.0560","276.2680","174.0945","186.0361","0","U","39208","999","859","0.00003853600000","0.00000173","0.0000000000000","7045.050","98.081","673.030","660.800","PAYLOAD","LARGE","PRC","2013-07-19","TSC","","1547969","93846548","0 PAYLOAD A","1 39208U 13037A   13259.50542272  .00000173  00000-0  38536-4 0  9993","2 39208 098.0560 276.2680 0008680 174.0945 186.0361 14.68172260  8599"
"2.0","GENERATED VIA SPACE-TRACK.ORG API","2013-09-16T08:42:15","18 SPCS","PAYLOAD B","2013-037B","EARTH","TEME","UTC","SGP4","2013-09-16T13:01:33.175775","14.67237063","0.00050200","98.0567","276.2170","157.1862","202.9572","0","U","39209","999","858","0.00006131300000","0.00000298","0.0000000000000","7048.043","98.143","673.446","666.370","PAYLOAD","LARGE","PRC","2013-07-19","TSC","","1548003","93847336","0 PAYLOAD B","1 39209U 13037B   13259.54274509  .00000298  00000-0  61313-4 0  9990","2 39209 098.0567 276.2170 0005020 157.1862 202.9572 14.67237063  8589"
"2.0","GENERATED VIA SPACE-TRACK.ORG API","2013-09-16T09:27:20","18 SPCS","PAYLOAD A","2013-037A","EARTH","TEME","UTC","SGP4","2013-09-16T13:45:56.933567","14.68172123","0.00086850","98.0559","276.3350","173.8860","186.2445","0","U","39208","999","860","0.00003407400000","0.00000148","0.0000000000000","7045.050","98.081","673.034","660.797","PAYLOAD","LARGE","PRC","2013-07-19","TSC","","1548028","93847624","0 PAYLOAD A","1 39208U 13037A   13259.57357562  .00000148  00000-0  34074-4 0  9991","2 39208 098.0559 276.3350 0008685 173.8860 186.2445 14.68172123  8605"
"2.0","GENERATED VIA SPACE-TRACK.ORG API","2013-09-16T10:50:02","18 SPCS","PAYLOAD A","2013-037A","EARTH","TEME","UTC","SGP4","2013-09-16T15:24:05.354495","14.68172149","0.00086850","98.0559","276.4021","173.6700","186.4616","0","U","39208","999","861","0.00003407400000","0.00000148","0.0000000000000","7045.050","98.081","673.034","660.797","PAYLOAD","LARGE","PRC","2013-07-19","TSC","","1548041","93847641","0 PAYLOAD A","1 39208U 13037A   13259.64172864  .00000148  00000-0  34074-4 0  9999","2 39208 098.0559 276.4021 0008685 173.6700 186.4616 14.68172149  8613"
"2.0","GENERATED VIA SPACE-TRACK.ORG API","2013-09-16T17:57:13","18 SPCS","PAYLOAD C","2013-037C","EARTH","TEME","UTC","SGP4","2013-09-16T18:12:35.076384","14.94995009","0.00327180","97.6980","276.5666","201.6497","158.3325","0","U","39210","999","871","0.00000018217000","-0.00000057","0.0000000000000","6960.529","96.321","605.168","559.621","PAYLOAD","LARGE","PRC","2013-07-19","TSC","","1548284","93851239","0 PAYLOAD C","1 39210U 13037C   13259.75873931 -.00000057  00000-0  18217-6 0  9990","2 39210 097.6980 276.5666 0032718 201.6497 158.3325 14.94995009  8717"
"2.0","GENERATED VIA SPACE-TRACK.ORG API","2013-09-16T16:28:52","18 SPCS","PAYLOAD A","2013-037A","EARTH","TEME","UTC","SGP4","2013-09-16T18:40:22.169568","14.68171930","0.00087100","98.0557","276.5362","173.2418","186.8893","0","U","39208","999","863","0.00002712400000","0.00000108","0.0000000000000","7045.051","98.081","673.052","660.780","PAYLOAD","LARGE","PRC","2013-07-19","TSC","","1548138","93848344","0 PAYLOAD A","1 39208U 13037A   13259.77803437  .00000108  00000-0  27124-4 0  9994","2 39208 098.0557 276.5362 0008710 173.2418 186.8893 14.68171930  8631"
"2.0","GENERATED VIA SPACE-TRACK.ORG API","2013-09-16T17:55:47","18 SPCS","PAYLOAD B","2013-037B","EARTH","TEME","UTC","SGP4","2013-09-16T21:12:34.008479","14.67236230","0.00050310","98.0564","276.5520","156.2782","203.8657","0","U","39209","999","863","0.00002367900000","0.00000086","0.0000000000000","7048.046","98.143","673.457","666.365","PAYLOAD","LARGE","PRC","2013-07-19","TSC","","1548282","93851190","0 PAYLOAD B","1 39209U 13037B   13259.88372695  .00000086  00000-0  23679-4 0  9990","2 39209 098.0564 276.5520 0005031 156.2782 203.8657 14.67236230  8636"
"2.0","GENERATED VIA SPACE-TRACK.ORG API","2013-09-16T16:57:20","18 SPCS","PAYLOAD A","2013-037A","EARTH","TEME","UTC","SGP4","2013-09-16T21:56:39.008831","14.68172551","0.00087380","98.0561","276.6711","172.8805","187.2550","0","U","39208","999","865","0.00004820500000","0.00000229","0.0000000000000","7045.049","98.081","673.070","660.758","PAYLOAD","LARGE","PRC","2013-07-19","TSC","","1548182","93849320","0 PAYLOAD A","1 39208U 13037A   13259.91434038  .00000229  00000-0  48205-4 0  9994","2 39208 098.0561 276.6711 0008738 172.8805 187.2550 14.68172551  8657"
"2.0","GENERATED VIA SPACE-TRACK.ORG API","2013-09-16T21:45:06","18 SPCS","PAYLOAD C","2013-037C","EARTH","TEME","UTC","SGP4","2013-09-17T02:14:29.570783","14.94995486","0.00327520","97.6980","276.8953","200.5341","159.4587","0","U","39210","999","876","0.00000907070000","0.00000041","0.0000000000000","6960.528","96.321","605.190","559.596","PAYLOAD","LARGE","PRC","2013-07-19","TSC","","1548322","93851529","0 PAYLOAD C","1 39210U 13037C   13260.09339781  .00000041  00000-0  90707-5 0  9994","2 39210 097.6980 276.8953 0032752 200.5341 159.4587 14.94995486  8769"
"2.0","GENERATED VIA SPACE-TRACK.ORG API","2013-09-17T00:26:11","18 SPCS","PAYLOAD A","2013-037A","EARTH","TEME","UTC","SGP4","2013-09-17T04:29:12.578496","14.68172679","0.00087670","98.0560","276.9394","171.9401","188.1933","0","U","39208","999","869","0.00004929200000","0.00000235","0.0000000000000","7045.049","98.081","673.090","660.737","PAYLOAD","LARGE","PRC","2013-07-19","TSC","","1548351","93852003","0 PAYLOAD A","1 39208U 13037A   13260.18695114  .00000235  00000-0  49292-4 0  9993","2 39208 098.0560 276.9394 0008767 171.9401 188.1933 14.68172679  8690"
"2.0","GENERATED VIA SPACE-TRACK.ORG API","2013-09-17T01:38:43","18 SPCS","PAYLOAD B","2013-037B","EARTH","TEME","UTC","SGP4","2013-09-17T05:23:34.741823","14.67237200","0.00050630","98.0564","276.8873","155.4099","204.7366","0","U","39209","999","868","0.00004821400000","0.00000224","0.0000000000000","7048.043","98.143","673.476","666.339","PAYLOAD","LARGE","PRC","2013-07-19","TSC","","1548424","93853835","0 PAYLOAD B","1 39209U 13037B   13260.22470766  .00000224  00000-0  48214-4 0  9994","2 39209 098.0564 276.8873 0005063 155.4099 204.7366 14.67237200  8687"
"2.0","GENERATED VIA SPACE-TRACK.ORG API","2013-09-17T03:03:51","18 SPCS","PAYLOAD A","2013-037A","EARTH","TEME","UTC","SGP4","2013-09-17T07:45:29.409984","14.68171878","0.00087650","98.0565","277.0739","171.0941","189.0377","0","U","39208","999","871","0.00002386700000","0.00000089","0.0000000000000","7045.051","98.081","673.091","660.741","PAYLOAD","LARGE","PRC","2013-07-19","TSC","","1548434","93854065","0 PAYLOAD A","1 39208U 13037A   13260.32325706  .00000089  00000-0  23867-4 0  9993","2 39208 098.0565 277.0739 0008765 171.0941 189.0377 14.68171878  8713"
"2.0","GENERATED VIA SPACE-TRACK.ORG API","2013-09-17T09:37:13","18 SPCS","PAYLOAD C","2013-037C","EARTH","TEME","UTC","SGP4","2013-09-17T10:16:23.983967","14.94995579","0.00327660","97.6977","277.2237","199.4736","160.5234","0","U","39210","999","881","0.00001037100000","0.00000056","0.0000000000000","6960.527","96.321","605.199","559.586","PAYLOAD","LARGE","PRC","2013-07-19","TSC","","1548553","93856618","0 PAYLOAD C","1 39210U 13037C   13260.42805537  .00000056  00000-0  10371-4 0  9992","2 39210 097.6977 277.2237 0032766 199.4736 160.5234 14.94995579  8815"
"2.0","GENERATED VIA SPACE-TRACK.ORG API","2013-09-17T05:47:38","18 SPCS","PAYLOAD A","2013-037A","EARTH","TEME","UTC","SGP4","2013-09-17T11:01:46.299360","14.68171262","0.00088010","98.0567","277.2085","170.5231","189.6112","0","U","39208","999","873","0.00000568140000","-0.00000016","0.0000000000000","7045.053","98.081","673.119","660.718","PAYLOAD","LARGE","PRC","2013-07-19","TSC","","1548436","93854067","0 PAYLOAD A","1 39208U 13037A   13260.45956365 -.00000016  00000-0  56814-5 0  9998","2 39208 098.0567 277.2085 0008801 170.5231 189.6112 14.68171262  8730"
"2.0","GENERATED VIA SPACE-TRACK.ORG API","2013-09-17T08:33:56","18 SPCS","PAYLOAD A","2013-037A","EARTH","TEME","UTC","SGP4","2013-09-17T12:39:54.758304","14.68170722","0.00088930","98.0567","277.2756","170.2900","189.8463","0","U","39208","999","874","-0.00001188700000","-0.00000117","0.0000000000000","7045.055","98.081","673.185","660.655","PAYLOAD","LARGE","PRC","2013-07-19","TSC","","1548467","93854673","0 PAYLOAD A","1 39208U 13037A   13260.52771711 -.00000117  00000-0 -11887-4 0  9999","2 39208 098.0567 277.2756 0008893 170.2900 189.8463 14.68170722  8748"
"2.0","GENERATED VIA SPACE-TRACK.ORG API","2013-09-17T09:35:52","18 SPCS","PAYLOAD B","2013-037B","EARTH","TEME","UTC","SGP4","2013-09-17T13:34:35.453568","14.67237358","0.00050920","98.0567","277.2226","154.0171","206.1265","0","U","39209","999","873","0.00005090600000","0.00000239","0.0000000000000","7048.042","98.143","673.496","666.318","PAYLOAD","LARGE","PRC","2013-07-19","TSC","","1548551","93856573","0 PAYLOAD B","1 39209U 13037B   13260.56568812  .00000239  00000-0  50906-4 0  9998","2 39209 098.0567 277.2226 0005092 154.0171 206.1265 14.67237358  8739"
"2.0","GENERATED VIA SPACE-TRACK.ORG API","2013-09-17T09:18:32","18 SPCS","PAYLOAD A","2013-037A","EARTH","TEME","UTC","SGP4","2013-09-17T14:18:03.197375","14.68169888","0.00089450","98.0568","277.3428","169.8931","190.2430","0","U","39208","999","875","-0.00004402100000","-0.00000302","0.0000000000000","7045.058","98.081","673.224","660.621","PAYLOAD","LARGE","PRC","2013-07-19","TSC","","1548528","93856001","0 PAYLOAD A","1 39208U 13037A   13260.59587034 -.00000302  00000-0 -44021-4 0  9991","2 39208 098.0568 277.3428 0008945 169.8931 190.2430 14.68169888  8754"
"2.0","GENERATED VIA SPACE-TRACK.ORG API","2013-09-17T11:22:25","18 SPCS","PAYLOAD A","2013-037A","EARTH","TEME","UTC","SGP4","2013-09-17T15:56:11.656319","14.68168335","0.00090270","98.0564","277.4097","168.9400","191.1964","0","U","39208","999","876","-0.00011758000000","-0.00000725","0.0000000000000","7045.063","98.081","673.287","660.568","PAYLOAD","LARGE","PRC","2013-07-19","TSC","","1548600","93856831","0 PAYLOAD A","1 39208U 13037A   13260.66402380 -.00000725  00000-0 -11758-3 0  9998","2 39208 098.0564 277.4097 0009027 168.9400 191.1964 14.68168335  8765"
"2.0","GENERATED VIA SPACE-TRACK.ORG API","2013-09-17T12:40:40","18 SPCS","PAYLOAD A","2013-037A","EARTH","TEME","UTC","SGP4","2013-09-17T17:34:20.146368","14.68167998","0.00090620","98.0565","277.4768","168.7656","191.3748","0","U","39208","999","877","-0.00012636000000","-0.00000775","0.0000000000000","7045.064","98.081","673.313","660.544","PAYLOAD","LARGE","PRC","2013-07-19","TSC","","1548616","93856847","0 PAYLOAD A","1 39208U 13037A   13260.73217762 -.00000775  00000-0 -12636-3 0  9995","2 39208 098.0565 277.4768 0009062 168.7656 191.3748 14.68167998  8778"
"2.0","GENERATED VIA SPACE-TRACK.ORG API","2013-09-18T02:49:29","18 SPCS","PAYLOAD C","2013-037C","EARTH","TEME","UTC","SGP4","2013-09-17T18:18:18.556128","14.94992751","0.00328560","97.6975","277.5521","198.2483","161.7538","0","U","39210","999","886","-0.00005026000000","-0.00000614","0.0000000000000","6960.536","96.321","605.271","559.532","PAYLOAD","LARGE","PRC","2013-07-19","TSC","","1548761","93859122","0 PAYLOAD C","1 39210U 13037C   13260.76271477 -.00000614  00000-0 -50260-4 0  9992","2 39210 097.6975 277.5521 0032856 198.2483 161.7538 14.94992751  8862"
"2.0","GENERATED VIA SPACE-TRACK.ORG API","2013-09-18T01:25:02","18 SPCS","PAYLOAD A","2013-037A","EARTH","TEME","UTC","SGP4","2013-09-17T20:50:37.004640","14.68168576","0.00090620","98.0560","277.6113","168.2594","191.8850","0","U","39208","999","879","-0.00009993700000","-0.00000623","0.0000000000000","7045.062","98.081","673.311","660.543","PAYLOAD","LARGE","PRC","2013-07-19","TSC","","1548687","93857267","0 PAYLOAD A","1 39208U 13037A   13260.86848385 -.00000623  00000-0 -99937-4 0  9992","2 39208 098.0560 277.6113 0009062 168.2594 191.8850 14.68168576  8799"
"2.0","GENERATED VIA SPACE-TRACK.ORG API","2013-09-18T02:48:34","18 SPCS","PAYLOAD B","2013-037B","EARTH","TEME","UTC","SGP4","2013-09-17T21:45:36.280224","14.67237339","0.00051600","98.0563","277.5578","153.3607","206.7872","0","U","39209","999","878","0.00004446200000","0.00000203","0.0000000000000","7048.042","98.143","673.544","666.271","PAYLOAD","LARGE","PRC","2013-07-19","TSC","","1548760","93859089","0 PAYLOAD B","1 39209U 13037B   13260.90666991  .00000203  00000-0  44462-4 0  9994","2 39209 098.0563 277.5578 0005160 153.3607 206.7872 14.67237339  8784"
"2.0","GENERATED VIA SPACE-TRACK.ORG API","2013-09-18T04:53:54","18 SPCS","PAYLOAD C","2013-037C","EARTH","TEME","UTC","SGP4","2013-09-18T02:20:13.098911","14.94993069","0.00329310","97.6970","277.8807","197.1887","162.8264","0","U","39210","999","891","-0.00004373700000","-0.00000542","0.0000000000000","6960.535","96.321","605.322","559.478","PAYLOAD","LARGE","PRC","2013-07-19","TSC","","1548864","93861632","0 PAYLOAD C","1 39210U 13037C   13261.09737383 -.00000542  00000-0 -43737-4 0  9993","2 39210 097.6970 277.8807 0032931 197.1887 162.8264 14.94993069  8914"
"2.0","GENERATED VIA SPACE-TRACK.ORG API","2013-09-18T04:51:46","18 SPCS","PAYLOAD B","2013-037B","EARTH","TEME","UTC","SGP4","2013-09-18T04:18:24.860159","14.67237882","0.00051920","98.0565","277.8263","152.4650","207.6841","0","U","39209","999","882","0.00005654600000","0.00000271","0.0000000000000","7048.041","98.143","673.565","666.246","PAYLOAD","LARGE","PRC","2013-07-19","TSC","","1548861","93861571","0 PAYLOAD B","1 39209U 13037B   13261.17945440  .00000271  00000-0  56546-4 0  9994","2 39209 098.0565 277.8263 0005192 152.4650 207.6841 14.67237882  8827"
"2.0","GENERATED VIA SPACE-TRACK.ORG API","2013-09-18T03:26:28","18 SPCS","PAYLOAD A","2013-037A","EARTH","TEME","UTC","SGP4","2013-09-18T05:01:19.097184","14.68167907","0.00090840","98.0561","277.9468","167.2769","192.8673","0","U","39208","999","884","-0.00011081000000","-0.00000686","0.0000000000000","7045.064","98.081","673.329","660.529","PAYLOAD","LARGE","PRC","2013-07-19","TSC","","1548785","93859699","0 PAYLOAD A","1 39208U 13037A   13261.20924881 -.00000686  00000-0 -11081-3 0  9999","2 39208 098.0561 277.9468 0009084 167.2769 192.8673 14.68167907  8840"
"2.0","GENERATED VIA SPACE-TRACK.ORG API","2013-09-18T09:37:44","18 SPCS","PAYLOAD C","2013-037C","EARTH","TEME","UTC","SGP4","2013-09-18T10:22:07.525056","14.94992987","0.00329410","97.6968","278.2091","196.1404","163.8779","0","U","39210","999","896","-0.00004195800000","-0.00000522","0.0000000000000","6960.535","96.321","605.329","559.472","PAYLOAD","LARGE","PRC","2013-07-19","TSC","","1548993","93864437","0 PAYLOAD C","1 39210U 13037C   13261.43203154 -.00000522  00000-0 -41958-4 0  9996","2 39210 097.6968 278.2091 0032941 196.1404 163.8779 14.94992987  8961"
"2.0","GENERATED VIA SPACE-TRACK.ORG API","2013-09-18T09:36:36","18 SPCS","PAYLOAD B","2013-037B","EARTH","TEME","UTC","SGP4","2013-09-18T12:29:25.538207","14.67238635","0.00051860","98.0569","278.1622","151.1883","208.9584","0","U","39209","999","887","0.00007987700000","0.00000402","0.0000000000000","7048.038","98.143","673.558","666.248","PAYLOAD","LARGE","PRC","2013-07-19","TSC","","1548992","93864400","0 PAYLOAD B","1 39209U 13037B   13261.52043447  .00000402  00000-0  79877-4 0  9997","2 39209 098.0569 278.1622 0005186 151.1883 208.9584 14.67238635  8871"
"2.0","GENERATED VIA SPACE-TRACK.ORG API","2013-09-18T09:33:32","18 SPCS","PAYLOAD A","2013-037A","EARTH","TEME","UTC","SGP4","2013-09-18T13:12:01.063583","14.68165588","0.00085270","98.0640","278.2735","163.6135","196.5315","0","U","39208","999","889","-0.00096275000000","-0.00005583","0.0000000000000","7045.071","98.081","672.944","660.929","PAYLOAD","LARGE","PRC","2013-07-19","TSC","","1548987","93864293","0 PAYLOAD A","1 39208U 13037A   13261.55001231 -.00005583  00000-0 -96275-3 0  9991","2 39208 098.0640 278.2735 0008527 163.6135 196.5315 14.68165588  8899"
"2.0","GENERATED VIA SPACE-TRACK.ORG API","2013-09-18T08:28:29","18 SPCS","PAYLOAD A","2013-037A","EARTH","TEME","UTC","SGP4","2013-09-18T13:12:01.142207","14.68170024","0.00090520","98.0562","278.2824","165.7019","194.4492","0","U","39208","999","889","-0.00002964600000","-0.00000219","0.0000000000000","7045.057","98.081","673.299","660.545","PAYLOAD","LARGE","PRC","2013-07-19","TSC","","1548896","93862312","0 PAYLOAD A","1 39208U 13037A   13261.55001322 -.00000219  00000-0 -29646-4 0  9992","2 39208 098.0562 278.2824 0009052 165.7019 194.4492 14.68170024  8893"
"2.0","GENERATED VIA SPACE-TRACK.ORG API","2013-09-18T23:37:31","18 SPCS","PAYLOAD C","2013-037C","EARTH","TEME","UTC","SGP4","2013-09-18T18:24:02.028095","14.94992100","0.00329590","97.6966","278.5375","195.0808","164.9412","0","U","39210","999","901","-0.00005017100000","-0.00000613","0.0000000000000","6960.538","96.321","605.344","559.462","PAYLOAD","LARGE","PRC","2013-07-19","TSC","","1549209","93866917","0 PAYLOAD C","1 39210U 13037C   13261.76669014 -.00000613  00000-0 -50171-4 0  9991","2 39210 097.6966 278.5375 0032959 195.0808 164.9412 14.94992100  9012"
"2.0","GENERATED VIA SPACE-TRACK.ORG API","2013-09-18T22:12:46","18 SPCS","PAYLOAD A","2013-037A","EARTH","TEME","UTC","SGP4","2013-09-18T19:44:34.240991","14.68173226","0.00093330","98.0570","278.5524","168.5843","191.5575","0","U","39208","999","892","0.00002047700000","0.00000069","0.0000000000000","7045.047","98.081","673.487","660.337","PAYLOAD","LARGE","PRC","2013-07-19","TSC","","1549125","93864984","0 PAYLOAD A","1 39208U 13037A   13261.82261853  .00000069  00000-0  20477-4 0  9993","2 39208 098.0570 278.5524 0009333 168.5843 191.5575 14.68173226  8921"
"2.0","GENERATED VIA SPACE-TRACK.ORG API","2013-09-18T23:36:40","18 SPCS","PAYLOAD B","2013-037B","EARTH","TEME","UTC","SGP4","2013-09-18T20:40:26.376095","14.67238012","0.00052690","98.0566","278.4971","150.3111","209.8396","0","U","39209","999","892","0.00004984900000","0.00000233","0.0000000000000","7048.040","98.143","673.619","666.192","PAYLOAD","LARGE","PRC","2013-07-19","TSC","","1549208","93866895","0 PAYLOAD B","1 39209U 13037B   13261.86141639  .00000233  00000-0  49849-4 0  9994","2 39209 098.0566 278.4971 0005269 150.3111 209.8396 14.67238012  8921"
"2.0","GENERATED VIA SPACE-TRACK.ORG API","2013-09-19T07:34:26","18 SPCS","PAYLOAD C","2013-037C","EARTH","TEME","UTC","SGP4","2013-09-19T02:25:56.567423","14.94992853","0.00330020","97.6965","278.8663","193.8910","166.1435","0","U","39210","999","906","-0.00003034300000","-0.00000394","0.0000000000000","6960.536","96.321","605.372","559.430","PAYLOAD","LARGE","PRC","2013-07-19","TSC","","1549410","93869333","0 PAYLOAD C","1 39210U 13037C   13262.10134916 -.00000394  00000-0 -30343-4 0  9993","2 39210 097.6965 278.8663 0033002 193.8910 166.1435 14.94992853  9063"
"2.0","GENERATED VIA SPACE-TRACK.ORG API","2013-09-19T07:32:46","18 SPCS","PAYLOAD B","2013-037B","EARTH","TEME","UTC","SGP4","2013-09-19T04:51:27.089567","14.67238470","0.00052700","98.0565","278.8322","149.6039","210.5473","0","U","39209","999","897","0.00005488100000","0.00000261","0.0000000000000","7048.039","98.143","673.618","666.189","PAYLOAD","LARGE","PRC","2013-07-19","TSC","","1549408","93869298","0 PAYLOAD B","1 39209U 13037B   13262.20239687  .00000261  00000-0  54881-4 0  9997","2 39209 098.0565 278.8322 0005270 149.6039 210.5473 14.67238470  8974"
"2.0","GENERATED VIA SPACE-TRACK.ORG API","2013-09-19T06:23:24","18 SPCS","PAYLOAD A","2013-037A","EARTH","TEME","UTC","SGP4","2013-09-19T05:33:24.970464","14.68173986","0.00091620","98.0560","278.9531","163.9531","196.1970","0","U","39208","999","899","0.00012741000000","0.00000685","0.0000000000000","7045.044","98.081","673.364","660.455","PAYLOAD","LARGE","PRC","2013-07-19","TSC","","1549335","93867535","0 PAYLOAD A","1 39208U 13037A   13262.23153901  .00000685  00000-0  12741-3 0  9991","2 39208 098.0560 278.9531 0009162 163.9531 196.1970 14.68173986  8995"
"2.0","GENERATED VIA SPACE-TRACK.ORG API","2013-09-19T11:44:22","18 SPCS","PAYLOAD C","2013-037C","EARTH","TEME","UTC","SGP4","2013-09-19T05:38:42.327168","14.94992814","0.00329980","97.6965","278.9977","193.4511","166.5835","0","U","39210","999","908","-0.00002958500000","-0.00000386","0.0000000000000","6960.536","96.321","605.369","559.433","PAYLOAD","LARGE","PRC","2013-07-19","TSC","","1549481","93870724","0 PAYLOAD C","1 39210U 13037C   13262.23521212 -.00000386  00000-0 -29585-4 0  9993","2 39210 097.6965 278.9977 0032998 193.4511 166.5835 14.94992814  9085"
"2.0","GENERATED VIA SPACE-TRACK.ORG API","2013-09-19T09:47:49","18 SPCS","PAYLOAD B","2013-037B","EARTH","TEME","UTC","SGP4","2013-09-19T08:07:51.385151","14.67238666","0.00052840","98.0567","278.9666","148.7902","211.3619","0","U","39209","999","899","0.00005791700000","0.00000278","0.0000000000000","7048.038","98.143","673.627","666.179","PAYLOAD","LARGE","PRC","2013-07-19","TSC","","1549421","93869513","0 PAYLOAD B","1 39209U 13037B   13262.33878918  .00000278  00000-0  57917-4 0  9998","2 39209 098.0567 278.9666 0005284 148.7902 211.3619 14.67238666  8992"
"2.0","GENERATED VIA SPACE-TRACK.ORG API","2013-09-19T11:05:22","18 SPCS","PAYLOAD A","2013-037A","EARTH","TEME","UTC","SGP4","2013-09-19T08:49:41.763071","14.68174383","0.00091750","98.0561","279.0874","163.6530","196.4982","0","U","39208","999","901","0.00013689000000","0.00000740","0.0000000000000","7045.043","98.080","673.372","660.444","PAYLOAD","LARGE","PRC","2013-07-19","TSC","","1549435","93869715","0 PAYLOAD A","1 39208U 13037A   13262.36784448  .00000740  00000-0  13689-3 0  9995","2 39208 098.0561 279.0874 0009175 163.6530 196.4982 14.68174383  9010"
"2.0","GENERATED VIA SPACE-TRACK.ORG API","2013-09-19T10:26:50","18 SPCS","PAYLOAD B","2013-037B","EARTH","TEME","UTC","SGP4","2013-09-19T09:46:03.529919","14.67238720","0.00052810","98.0567","279.0336","148.5361","211.6161","0","U","39209","999","900","0.00005807400000","0.00000279","0.0000000000000","7048.038","98.143","673.625","666.181","PAYLOAD","LARGE","PRC","2013-07-19","TSC","","1549422","93869514","0 PAYLOAD B","1 39209U 13037B   13262.40698530  .00000279  00000-0  58074-4 0  9992","2 39209 098.0567 279.0336 0005281 148.5361 211.6161 14.67238720  9001"
"2.0","GENERATED VIA SPACE-TRACK.ORG API","2013-09-19T22:54:46","18 SPCS","PAYLOAD A","2013-037A","EARTH","TEME","UTC","SGP4","2013-09-19T21:54:49.512383","14.68199075","0.00089700","98.0638","279.6259","163.4039","196.7955","0","U","39208","999","909","0.00000000000000","-0.00035159","0.0000000000000","7044.964","98.079","673.149","660.510","PAYLOAD","LARGE","PRC","2013-07-19","TSC","","1549625","93872395","0 PAYLOAD A","1 39208U 13037A   13262.91307306 -.00035159  00000-0  00000+0 0  9992","2 39208 098.0638 279.6259 0008970 163.4039 196.7955 14.68199075  9098"
"2.0","GENERATED VIA SPACE-TRACK.ORG API","2013-09-19T23:30:47","18 SPCS","PAYLOAD A","2013-037A","EARTH","TEME","UTC","SGP4","2013-09-19T21:54:49.694688","14.68174923","0.00087390","98.0592","279.6246","163.2293","196.9696","0","U","39208","999","909","0.00019777000000","0.00001138","0.0000000000000","7045.041","98.080","673.063","660.750","PAYLOAD","LARGE","PRC","2013-07-19","TSC","","1549631","93872498","0 PAYLOAD A","1 39208U 13037A   13262.91307517  .00001138  00000-0  19777-3 0  9990","2 39208 098.0592 279.6246 0008739 163.2293 196.9696 14.68174923  9095"
"2.0","GENERATED VIA SPACE-TRACK.ORG API","2013-09-20T02:59:50","18 SPCS","PAYLOAD A","2013-037A","EARTH","TEME","UTC","SGP4","2013-09-20T01:11:05.491967","14.68174270","0.00094060","98.0568","279.7602","165.2036","194.9446","0","U","39208","999","911","0.00013667000000","0.00000738","0.0000000000000","7045.044","98.080","673.535","660.282","PAYLOAD","LARGE","PRC","2013-07-19","TSC","","1549644","93872594","0 PAYLOAD A","1 39208U 13037A   13263.04936912  .00000738  00000-0  13667-3 0  9999","2 39208 098.0568 279.7602 0009406 165.2036 194.9446 14.68174270  9113"
"2.0","GENERATED VIA SPACE-TRACK.ORG API","2013-09-20T10:22:49","18 SPCS","PAYLOAD C","2013-037C","EARTH","TEME","UTC","SGP4","2013-09-20T02:31:40.060991","14.94992912","0.00330520","97.6959","279.8514","190.6381","169.4160","0","U","39210","999","921","-0.00001696200000","-0.00000246","0.0000000000000","6960.536","96.321","605.407","559.395","PAYLOAD","LARGE","PRC","2013-07-19","TSC","","1549939","93878646","0 PAYLOAD C","1 39210U 13037C   13263.10532478 -.00000246  00000-0 -16962-4 0  9996","2 39210 097.6959 279.8514 0033052 190.6381 169.4160 14.94992912  9218"
"2.0","GENERATED VIA SPACE-TRACK.ORG API","2013-09-20T05:42:08","18 SPCS","PAYLOAD A","2013-037A","EARTH","TEME","UTC","SGP4","2013-09-20T04:27:22.289760","14.68180929","0.00092400","98.0558","279.8924","163.3717","196.7769","0","U","39208","999","913","0.00063832000000","0.00003628","0.0000000000000","7045.022","98.080","673.397","660.378","PAYLOAD","LARGE","PRC","2013-07-19","TSC","","1549690","93872649","0 PAYLOAD A","1 39208U 13037A   13263.18567465  .00003628  00000-0  63832-3 0  9997","2 39208 098.0558 279.8924 0009240 163.3717 196.7769 14.68180929  9139"
"2.0","GENERATED VIA SPACE-TRACK.ORG API","2013-09-20T10:20:52","18 SPCS","PAYLOAD B","2013-037B","EARTH","TEME","UTC","SGP4","2013-09-20T05:24:29.337984","14.67238547","0.00052260","98.0553","279.8371","147.6344","212.5192","0","U","39209","999","912","0.00003754600000","0.00000164","0.0000000000000","7048.039","98.143","673.587","666.220","PAYLOAD","LARGE","PRC","2013-07-19","TSC","","1549936","93878561","0 PAYLOAD B","1 39209U 13037B   13263.22533956  .00000164  00000-0  37546-4 0  9997","2 39209 098.0553 279.8371 0005226 147.6344 212.5192 14.67238547  9127"
"2.0","GENERATED VIA SPACE-TRACK.ORG API","2013-09-20T15:33:37","18 SPCS","PAYLOAD C","2013-037C","EARTH","TEME","UTC","SGP4","2013-09-20T08:57:11.638367","14.94992978","0.00330460","97.6958","280.1142","189.7601","170.2986","0","U","39210","999","925","-0.00001531100000","-0.00000228","0.0000000000000","6960.535","96.321","605.402","559.399","PAYLOAD","LARGE","PRC","2013-07-19","TSC","","1550076","93881385","0 PAYLOAD C","1 39210U 13037C   13263.37305137 -.00000228  00000-0 -15311-4 0  9992","2 39210 097.6958 280.1142 0033046 189.7601 170.2986 14.94992978  9258"
"2.0","GENERATED VIA SPACE-TRACK.ORG API","2013-09-20T14:28:46","18 SPCS","PAYLOAD A","2013-037A","EARTH","TEME","UTC","SGP4","2013-09-20T10:59:56.000256","14.68178033","0.00090970","98.0558","280.1609","160.4579","199.6977","0","U","39208","999","917","0.00022340000000","0.00001238","0.0000000000000","7045.032","98.080","673.305","660.488","PAYLOAD","LARGE","PRC","2013-07-19","TSC","","1549997","93879612","0 PAYLOAD A","1 39208U 13037A   13263.45828704  .00001238  00000-0  22340-3 0  9997","2 39208 098.0558 280.1609 0009097 160.4579 199.6977 14.68178033  9178"
"2.0","GENERATED VIA SPACE-TRACK.ORG API","2013-09-20T15:32:05","18 SPCS","PAYLOAD B","2013-037B","EARTH","TEME","UTC","SGP4","2013-09-20T11:57:17.910143","14.67239052","0.00052630","98.0555","280.1056","146.3289","213.8259","0","U","39209","999","916","0.00004991600000","0.00000233","0.0000000000000","7048.037","98.143","673.611","666.193","PAYLOAD","LARGE","PRC","2013-07-19","TSC","","1550075","93881341","0 PAYLOAD B","1 39209U 13037B   13263.49812396  .00000233  00000-0  49916-4 0  9995","2 39209 098.0555 280.1056 0005263 146.3289 213.8259 14.67239052  9163"
"2.0","GENERATED VIA SPACE-TRACK.ORG API","2013-09-20T23:07:23","18 SPCS","PAYLOAD C","2013-037C","EARTH","TEME","UTC","SGP4","2013-09-20T18:35:29.045471","14.94992534","0.00330850","97.6954","280.5082","188.3730","171.6930","0","U","39210","999","931","-0.00002039400000","-0.00000284","0.0000000000000","6960.537","96.321","605.431","559.373","PAYLOAD","LARGE","PRC","2013-07-19","TSC","","1550273","93883469","0 PAYLOAD C","1 39210U 13037C   13263.77464173 -.00000284  00000-0 -20394-4 0  9991","2 39210 097.6954 280.5082 0033085 188.3730 171.6930 14.94992534  9311"
"2.0","GENERATED VIA SPACE-TRACK.ORG API","2013-09-20T22:22:55","18 SPCS","PAYLOAD A","2013-037A","EARTH","TEME","UTC","SGP4","2013-09-20T19:10:38.015039","14.68175786","0.00091770","98.0557","280.4966","159.4801","200.6756","0","U","39208","999","922","0.00008532300000","0.00000443","0.0000000000000","7045.039","98.080","673.369","660.438","PAYLOAD","LARGE","PRC","2013-07-19","TSC","","1550212","93882206","0 PAYLOAD A","1 39208U 13037A   13263.79905110  .00000443  00000-0  85323-4 0  9999","2 39208 098.0557 280.4966 0009177 159.4801 200.6756 14.68175786  9227"
"2.0","GENERATED VIA SPACE-TRACK.ORG API","2013-09-20T23:06:05","18 SPCS","PAYLOAD B","2013-037B","EARTH","TEME","UTC","SGP4","2013-09-20T21:46:30.807264","14.67239155","0.00052880","98.0551","280.5078","145.1546","215.0015","0","U","39209","999","922","0.00004953500000","0.00000231","0.0000000000000","7048.037","98.143","673.629","666.175","PAYLOAD","LARGE","PRC","2013-07-19","TSC","","1550272","93883447","0 PAYLOAD B","1 39209U 13037B   13263.90730101  .00000231  00000-0  49535-4 0  9999","2 39209 098.0551 280.5078 0005288 145.1546 215.0015 14.67239155  9222"
"2.0","GENERATED VIA SPACE-TRACK.ORG API","2013-09-21T02:11:06","18 SPCS","PAYLOAD A","2013-037A","EARTH","TEME","UTC","SGP4","2013-09-21T01:43:11.615808","14.68176646","0.00091630","98.0558","280.7651","158.6720","201.4890","0","U","39208","999","926","0.00010641000000","0.00000564","0.0000000000000","7045.036","98.080","673.356","660.446","PAYLOAD","LARGE","PRC","2013-07-19","TSC","","1550298","93883620","0 PAYLOAD A","1 39208U 13037A   13264.07166222  .00000564  00000-0  10641-3 0  9998","2 39208 098.0558 280.7651 0009163 158.6720 201.4890 14.68176646  9266"
"2.0","GENERATED VIA SPACE-TRACK.ORG API","2013-09-21T07:40:44","18 SPCS","PAYLOAD C","2013-037C","EARTH","TEME","UTC","SGP4","2013-09-21T02:37:23.570112","14.94992891","0.00331340","97.6951","280.8364","187.2990","172.7776","0","U","39210","999","936","-0.00001490400000","-0.00000223","0.0000000000000","6960.536","96.321","605.464","559.338","PAYLOAD","LARGE","PRC","2013-07-19","TSC","","1550446","93886545","0 PAYLOAD C","1 39210U 13037C   13264.10930058 -.00000223  00000-0 -14904-4 0  9992","2 39210 097.6951 280.8364 0033134 187.2990 172.7776 14.94992891  9366"
"2.0","GENERATED VIA SPACE-TRACK.ORG API","2013-09-21T07:40:30","18 SPCS","PAYLOAD B","2013-037B","EARTH","TEME","UTC","SGP4","2013-09-21T04:19:19.356096","14.67239597","0.00052860","98.0551","280.7760","144.5043","215.6518","0","U","39209","999","926","0.00005733000000","0.00000275","0.0000000000000","7048.035","98.143","673.626","666.175","PAYLOAD","LARGE","PRC","2013-07-19","TSC","","1550445","93886501","0 PAYLOAD B","1 39209U 13037B   13264.18008514  .00000275  00000-0  57330-4 0  9996","2 39209 098.0551 280.7760 0005286 144.5043 215.6518 14.67239597  9263"
"2.0","GENERATED VIA SPACE-TRACK.ORG API","2013-09-21T06:28:57","18 SPCS","PAYLOAD A","2013-037A","EARTH","TEME","UTC","SGP4","2013-09-21T04:59:28.357440","14.68176495","0.00091700","98.0555","280.8991","158.4334","201.7257","0","U","39208","999","928","0.00009124800000","0.00000477","0.0000000000000","7045.036","98.080","673.362","660.441","PAYLOAD","LARGE","PRC","2013-07-19","TSC","","1550353","93884244","0 PAYLOAD A","1 39208U 13037A   13264.20796710  .00000477  00000-0  91248-4 0  9990","2 39208 098.0555 280.8991 0009170 158.4334 201.7257 14.68176495  9282"
"2.0","GENERATED VIA SPACE-TRACK.ORG API","2013-09-21T15:52:21","18 SPCS","PAYLOAD C","2013-037C","EARTH","TEME","UTC","SGP4","2013-09-21T09:02:55.129344","14.94993481","0.00331600","97.6952","281.0992","186.2316","173.8508","0","U","39210","999","940","-0.00000373590000","-0.00000100","0.0000000000000","6960.534","96.321","605.480","559.318","PAYLOAD","LARGE","PRC","2013-07-19","TSC","","1550605","93889960","0 PAYLOAD C","1 39210U 13037C   13264.37702696 -.00000100  00000-0 -37359-5 0  9990","2 39210 097.6952 281.0992 0033160 186.2316 173.8508 14.94993481  9403"
"2.0","GENERATED VIA SPACE-TRACK.ORG API","2013-09-21T15:49:01","18 SPCS","PAYLOAD B","2013-037B","EARTH","TEME","UTC","SGP4","2013-09-21T12:30:20.064384","14.67239242","0.00053380","98.0551","281.1115","143.4897","216.6648","0","U","39209","999","931","0.00004066000000","0.00000181","0.0000000000000","7048.036","98.143","673.664","666.139","PAYLOAD","LARGE","PRC","2013-07-19","TSC","","1550600","93889879","0 PAYLOAD B","1 39209U 13037B   13264.52106556  .00000181  00000-0  40660-4 0  9993","2 39209 098.0551 281.1115 0005338 143.4897 216.6648 14.67239242  9313"
"2.0","GENERATED VIA SPACE-TRACK.ORG API","2013-09-21T14:26:36","18 SPCS","PAYLOAD A","2013-037A","EARTH","TEME","UTC","SGP4","2013-09-21T13:10:10.329887","14.68175356","0.00091730","98.0556","281.2347","157.9033","202.2544","0","U","39208","999","933","0.00003601100000","0.00000159","0.0000000000000","7045.040","98.080","673.367","660.443","PAYLOAD","LARGE","PRC","2013-07-19","TSC","","1550493","93887266","0 PAYLOAD A","1 39208U 13037A   13264.54873067  .00000159  00000-0  36011-4 0  9992","2 39208 098.0556 281.2347 0009173 157.9033 202.2544 14.68175356  9332"
"2.0","GENERATED VIA SPACE-TRACK.ORG API","2013-09-21T16:01:39","18 SPCS","PAYLOAD A","2013-037A","EARTH","TEME","UTC","SGP4","2013-09-21T14:48:18.764640","14.68158001","0.00091730","98.0556","281.3018","157.6874","202.4641","0","U","39208","999","934","-0.00287930000000","-0.00016573","0.0000000000000","7045.096","98.082","673.423","660.498","PAYLOAD","LARGE","PRC","2013-07-19","TSC","","1550620","93890221","0 PAYLOAD A","1 39208U 13037A   13264.61688385 -.00016573  00000-0 -28793-2 0  9992","2 39208 098.0556 281.3018 0009173 157.6874 202.4641 14.68158001  9347"
"2.0","GENERATED VIA SPACE-TRACK.ORG API","2013-09-21T22:25:01","18 SPCS","PAYLOAD A","2013-037A","EARTH","TEME","UTC","SGP4","2013-09-21T18:04:35.859647","14.68175329","0.00092470","98.0550","281.4362","157.6780","202.5013","0","U","39208","999","936","0.00004442100000","0.00000207","0.0000000000000","7045.040","98.080","673.420","660.391","PAYLOAD","LARGE","PRC","2013-07-19","TSC","","1550670","93890675","0 PAYLOAD A","1 39208U 13037A   13264.75319282  .00000207  00000-0  44421-4 0  9997","2 39208 098.0550 281.4362 0009247 157.6780 202.5013 14.68175329  9360"
"2.0","GENERATED VIA SPACE-TRACK.ORG API","2013-09-21T23:18:34","18 SPCS","PAYLOAD C","2013-037C","EARTH","TEME","UTC","SGP4","2013-09-21T18:41:12.518304","14.94993452","0.00332890","97.6947","281.4937","184.8627","175.2281","0","U","39210","999","946","-0.00000305960000","-0.00000093","0.0000000000000","6960.534","96.321","605.570","559.228","PAYLOAD","LARGE","PRC","2013-07-19","TSC","","1550744","93892340","0 PAYLOAD C","1 39210U 13037C   13264.77861711 -.00000093  00000-0 -30596-5 0  9995","2 39210 097.6947 281.4937 0033289 184.8627 175.2281 14.94993452  9469"
"2.0","GENERATED VIA SPACE-TRACK.ORG API","2013-09-21T23:18:12","18 SPCS","PAYLOAD B","2013-037B","EARTH","TEME","UTC","SGP4","2013-09-21T20:41:20.865984","14.67239169","0.00053740","98.0548","281.4463","142.3740","217.7847","0","U","39209","999","936","0.00003610400000","0.00000156","0.0000000000000","7048.037","98.143","673.689","666.114","PAYLOAD","LARGE","PRC","2013-07-19","TSC","","1550742","93892313","0 PAYLOAD B","1 39209U 13037B   13264.86204706  .00000156  00000-0  36104-4 0  9996","2 39209 098.0548 281.4463 0005374 142.3740 217.7847 14.67239169  9369"
"2.0","GENERATED VIA SPACE-TRACK.ORG API","2013-09-22T07:20:46","18 SPCS","PAYLOAD C","2013-037C","EARTH","TEME","UTC","SGP4","2013-09-21T21:53:58.312607","14.94993672","0.00333220","97.6945","281.6249","184.4157","175.6791","0","U","39210","999","948","-0.00000034823000","-0.00000063","0.0000000000000","6960.533","96.321","605.592","559.204","PAYLOAD","LARGE","PRC","2013-07-19","TSC","","1551001","93894776","0 PAYLOAD C","1 39210U 13037C   13264.91248047 -.00000063  00000-0 -34823-6 0  9997","2 39210 097.6945 281.6249 0033322 184.4157 175.6791 14.94993672  9483"
"2.0","GENERATED VIA SPACE-TRACK.ORG API","2013-09-22T06:23:36","18 SPCS","PAYLOAD A","2013-037A","EARTH","TEME","UTC","SGP4","2013-09-22T02:15:17.552160","14.68175266","0.00092710","98.0548","281.7719","156.5942","203.5693","0","U","39208","999","941","0.00003449700000","0.00000150","0.0000000000000","7045.040","98.080","673.437","660.374","PAYLOAD","LARGE","PRC","2013-07-19","TSC","","1550925","93892996","0 PAYLOAD A","1 39208U 13037A   13265.09395315  .00000150  00000-0  34497-4 0  9995","2 39208 098.0548 281.7719 0009271 156.5942 203.5693 14.68175266  9412"
"2.0","GENERATED VIA SPACE-TRACK.ORG API","2013-09-22T07:19:20","18 SPCS","PAYLOAD B","2013-037B","EARTH","TEME","UTC","SGP4","2013-09-22T04:52:21.533664","14.67239811","0.00053780","98.0548","281.7813","141.7933","218.3654","0","U","39209","999","941","0.00004907200000","0.00000229","0.0000000000000","7048.034","98.143","673.690","666.109","PAYLOAD","LARGE","PRC","2013-07-19","TSC","","1551000","93894734","0 PAYLOAD B","1 39209U 13037B   13265.20302701  .00000229  00000-0  49072-4 0  9998","2 39209 098.0548 281.7813 0005378 141.7933 218.3654 14.67239811  9415"
"2.0","GENERATED VIA SPACE-TRACK.ORG API","2013-09-22T09:39:58","18 SPCS","PAYLOAD C","2013-037C","EARTH","TEME","UTC","SGP4","2013-09-22T07:32:15.690336","14.94994754","0.00334150","97.6946","282.0194","183.0343","177.0730","0","U","39210","999","954","0.00001725100000","0.00000132","0.0000000000000","6960.530","96.321","605.654","559.136","PAYLOAD","LARGE","PRC","2013-07-19","TSC","","1551012","93894952","0 PAYLOAD C","1 39210U 13037C   13265.31407049  .00000132  00000-0  17251-4 0  9990","2 39210 097.6946 282.0194 0033415 183.0343 177.0730 14.94994754  9541"
"2.0","GENERATED VIA SPACE-TRACK.ORG API","2013-09-22T14:32:31","18 SPCS","PAYLOAD A","2013-037A","EARTH","TEME","UTC","SGP4","2013-09-22T10:25:59.529791","14.68174722","0.00092650","98.0549","282.1073","155.6482","204.5157","0","U","39208","999","946","0.00000162380000","-0.00000039","0.0000000000000","7045.042","98.080","673.434","660.380","PAYLOAD","LARGE","PRC","2013-07-19","TSC","","1551050","93895659","0 PAYLOAD A","1 39208U 13037A   13265.43471678 -.00000039  00000-0  16238-5 0  9991","2 39208 098.0549 282.1073 0009265 155.6482 204.5157 14.68174722  9460"
"2.0","GENERATED VIA SPACE-TRACK.ORG API","2013-09-22T16:00:24","18 SPCS","PAYLOAD C","2013-037C","EARTH","TEME","UTC","SGP4","2013-09-22T12:21:24.300576","14.94995024","0.00334540","97.6946","282.2164","182.3852","177.7231","0","U","39210","999","957","0.00001939600000","0.00000156","0.0000000000000","6960.529","96.321","605.680","559.108","PAYLOAD","LARGE","PRC","2013-07-19","TSC","","1551168","93898312","0 PAYLOAD C","1 39210U 13037C   13265.51486459  .00000156  00000-0  19396-4 0  9992","2 39210 097.6946 282.2164 0033454 182.3852 177.7231 14.94995024  9577"
"2.0","GENERATED VIA SPACE-TRACK.ORG API","2013-09-22T15:58:42","18 SPCS","PAYLOAD B","2013-037B","EARTH","TEME","UTC","SGP4","2013-09-22T13:03:22.247136","14.67240137","0.00054120","98.0548","282.1171","140.6484","219.5127","0","U","39209","999","946","0.00005062600000","0.00000237","0.0000000000000","7048.033","98.143","673.713","666.084","PAYLOAD","LARGE","PRC","2013-07-19","TSC","","1551166","93898262","0 PAYLOAD B","1 39209U 13037B   13265.54400749  .00000237  00000-0  50626-4 0  9992","2 39209 098.0548 282.1171 0005412 140.6484 219.5127 14.67240137  9461"
"2.0","GENERATED VIA SPACE-TRACK.ORG API","2013-09-22T23:37:28","18 SPCS","PAYLOAD C","2013-037C","EARTH","TEME","UTC","SGP4","2013-09-22T20:23:18.791520","14.94995459","0.00334330","97.6942","282.5444","181.2268","178.8892","0","U","39210","999","962","0.00002887800000","0.00000260","0.0000000000000","6960.528","96.321","605.664","559.122","PAYLOAD","LARGE","PRC","2013-07-19","TSC","","1551329","93901045","0 PAYLOAD C","1 39210U 13037C   13265.84952305  .00000260  00000-0  28878-4 0  9997","2 39210 097.6942 282.5444 0033433 181.2268 178.8892 14.94995459  9626"
"2.0","GENERATED VIA SPACE-TRACK.ORG API","2013-09-22T23:35:43","18 SPCS","PAYLOAD B","2013-037B","EARTH","TEME","UTC","SGP4","2013-09-22T21:14:22.947647","14.67240209","0.00054590","98.0546","282.4528","139.3553","220.8053","0","U","39209","999","951","0.00004994200000","0.00000234","0.0000000000000","7048.033","98.143","673.746","666.051","PAYLOAD","LARGE","PRC","2013-07-19","TSC","","1551326","93901003","0 PAYLOAD B","1 39209U 13037B   13265.88498782  .00000234  00000-0  49942-4 0  9999","2 39209 098.0546 282.4528 0005459 139.3553 220.8053 14.67240209  9510"
"2.0","GENERATED VIA SPACE-TRACK.ORG API","2013-09-23T02:49:38","18 SPCS","PAYLOAD A","2013-037A","EARTH","TEME","UTC","SGP4","2013-09-23T01:09:15.114240","14.68172268","0.00093220","98.0543","282.7113","154.3382","205.8228","0","U","39208","999","955","-0.00010550000000","-0.00000656","0.0000000000000","7045.050","98.081","673.482","660.348","PAYLOAD","LARGE","PRC","2013-07-19","TSC","","1551396","93901300","0 PAYLOAD A","1 39208U 13037A   13266.04809160 -.00000656  00000-0 -10550-3 0  9995","2 39208 098.0543 282.7113 0009322 154.3382 205.8228 14.68172268  9550"
"2.0","GENERATED VIA SPACE-TRACK.ORG API","2013-09-23T07:40:42","18 SPCS","PAYLOAD C","2013-037C","EARTH","TEME","UTC","SGP4","2013-09-23T04:25:13.202111","14.94996072","0.00334380","97.6941","282.8728","180.1718","179.9502","0","U","39210","999","967","0.00003381400000","0.00000315","0.0000000000000","6960.526","96.321","605.666","559.116","PAYLOAD","LARGE","PRC","2013-07-19","TSC","","1551550","93903667","0 PAYLOAD C","1 39210U 13037C   13266.18418058  .00000315  00000-0  33814-4 0  9994","2 39210 097.6941 282.8728 0033438 180.1718 179.9502 14.94996072  9673"
"2.0","GENERATED VIA SPACE-TRACK.ORG API","2013-09-23T06:24:31","18 SPCS","PAYLOAD A","2013-037A","EARTH","TEME","UTC","SGP4","2013-09-23T04:25:32.026080","14.68172166","0.00093340","98.0541","282.8454","154.0011","206.1672","0","U","39208","999","957","-0.00010609000000","-0.00000659","0.0000000000000","7045.050","98.081","673.491","660.339","PAYLOAD","LARGE","PRC","2013-07-19","TSC","","1551470","93901799","0 PAYLOAD A","1 39208U 13037A   13266.18439845 -.00000659  00000-0 -10609-3 0  9997","2 39208 098.0541 282.8454 0009334 154.0011 206.1672 14.68172166  9572"
"2.0","GENERATED VIA SPACE-TRACK.ORG API","2013-09-23T07:38:59","18 SPCS","PAYLOAD B","2013-037B","EARTH","TEME","UTC","SGP4","2013-09-23T05:25:23.621376","14.67240712","0.00054520","98.0543","282.7880","139.0826","221.0793","0","U","39209","999","956","0.00005541500000","0.00000264","0.0000000000000","7048.032","98.143","673.739","666.054","PAYLOAD","LARGE","PRC","2013-07-19","TSC","","1551548","93903630","0 PAYLOAD B","1 39209U 13037B   13266.22596784  .00000264  00000-0  55415-4 0  9994","2 39209 098.0543 282.7880 0005452 139.0826 221.0793 14.67240712  9562"
"2.0","GENERATED VIA SPACE-TRACK.ORG API","2013-09-23T15:46:17","18 SPCS","PAYLOAD C","2013-037C","EARTH","TEME","UTC","SGP4","2013-09-23T12:27:07.619615","14.94996469","0.00335430","97.6942","283.2015","178.9860","181.1432","0","U","39210","999","972","0.00003530700000","0.00000331","0.0000000000000","6960.525","96.321","605.737","559.042","PAYLOAD","LARGE","PRC","2013-07-19","TSC","","1551694","93906692","0 PAYLOAD C","1 39210U 13037C   13266.51883819  .00000331  00000-0  35307-4 0  9999","2 39210 097.6942 283.2015 0033543 178.9860 181.1432 14.94996469  9721"
"2.0","GENERATED VIA SPACE-TRACK.ORG API","2013-09-23T14:37:24","18 SPCS","PAYLOAD A","2013-037A","EARTH","TEME","UTC","SGP4","2013-09-23T12:36:14.036543","14.68172447","0.00093020","98.0546","283.1812","152.7691","207.4012","0","U","39208","999","962","-0.00007862100000","-0.00000501","0.0000000000000","7045.049","98.081","673.468","660.361","PAYLOAD","LARGE","PRC","2013-07-19","TSC","","1551602","93904633","0 PAYLOAD A","1 39208U 13037A   13266.52516246 -.00000501  00000-0 -78621-4 0  9991","2 39208 098.0546 283.1812 0009302 152.7691 207.4012 14.68172447  9623"
"2.0","GENERATED VIA SPACE-TRACK.ORG API","2013-09-23T15:45:11","18 SPCS","PAYLOAD B","2013-037B","EARTH","TEME","UTC","SGP4","2013-09-23T13:36:24.293376","14.67240855","0.00054810","98.0545","283.1233","137.8983","222.2623","0","U","39209","999","961","0.00005676200000","0.00000272","0.0000000000000","7048.031","98.143","673.759","666.033","PAYLOAD","LARGE","PRC","2013-07-19","TSC","","1551692","93906640","0 PAYLOAD B","1 39209U 13037B   13266.56694784  .00000272  00000-0  56762-4 0  9995","2 39209 098.0545 283.1233 0005481 137.8983 222.2623 14.67240855  9612"
"2.0","GENERATED VIA SPACE-TRACK.ORG API","2013-09-23T23:31:01","18 SPCS","PAYLOAD C","2013-037C","EARTH","TEME","UTC","SGP4","2013-09-23T20:29:02.095871","14.94996640","0.00335770","97.6941","283.5298","177.7871","182.3507","0","U","39210","999","977","0.00003599000000","0.00000339","0.0000000000000","6960.524","96.321","605.760","559.018","PAYLOAD","LARGE","PRC","2013-07-19","TSC","","1551867","93909063","0 PAYLOAD C","1 39210U 13037C   13266.85349648  .00000339  00000-0  35990-4 0  9999","2 39210 097.6941 283.5298 0033577 177.7871 182.3507 14.94996640  9774"
"2.0","GENERATED VIA SPACE-TRACK.ORG API","2013-09-23T22:41:18","18 SPCS","PAYLOAD A","2013-037A","EARTH","TEME","UTC","SGP4","2013-09-23T20:46:56.055647","14.68174349","0.00094050","98.0545","283.5167","152.0499","208.1279","0","U","39208","999","967","0.00002618300000","0.00000102","0.0000000000000","7045.043","98.080","673.534","660.282","PAYLOAD","LARGE","PRC","2013-07-19","TSC","","1551797","93907526","0 PAYLOAD A","1 39208U 13037A   13266.86592657  .00000102  00000-0  26183-4 0  9999","2 39208 098.0545 283.5167 0009405 152.0499 208.1279 14.68174349  9673"
"2.0","GENERATED VIA SPACE-TRACK.ORG API","2013-09-23T23:29:38","18 SPCS","PAYLOAD B","2013-037B","EARTH","TEME","UTC","SGP4","2013-09-23T21:47:25.058688","14.67240337","0.00055290","98.0542","283.4582","136.9931","223.1701","0","U","39209","999","966","0.00003342700000","0.00000140","0.0000000000000","7048.033","98.143","673.795","666.001","PAYLOAD","LARGE","PRC","2013-07-19","TSC","","1551865","93909040","0 PAYLOAD B","1 39209U 13037B   13266.90792892  .00000140  00000-0  33427-4 0  9999","2 39209 098.0542 283.4582 0005529 136.9931 223.1701 14.67240337  9662"
"2.0","GENERATED VIA SPACE-TRACK.ORG API","2013-09-24T06:25:39","18 SPCS","PAYLOAD A","2013-037A","EARTH","TEME","UTC","SGP4","2013-09-24T01:41:21.143904","14.68174521","0.00094020","98.0545","283.7179","151.4466","208.7263","0","U","39208","999","970","0.00002887700000","0.00000118","0.0000000000000","7045.043","98.080","673.532","660.284","PAYLOAD","LARGE","PRC","2013-07-19","TSC","","1551983","93909788","0 PAYLOAD A","1 39208U 13037A   13267.07038361  .00000118  00000-0  28877-4 0  9999","2 39208 098.0545 283.7179 0009402 151.4466 208.7263 14.68174521  9707"
"2.0","GENERATED VIA SPACE-TRACK.ORG API","2013-09-24T07:45:48","18 SPCS","PAYLOAD C","2013-037C","EARTH","TEME","UTC","SGP4","2013-09-24T04:30:56.478815","14.94997520","0.00336280","97.6941","283.8583","176.7112","183.4332","0","U","39210","999","982","0.00004586400000","0.00000448","0.0000000000000","6960.521","96.321","605.793","558.980","PAYLOAD","LARGE","PRC","2013-07-19","TSC","","1552069","93911857","0 PAYLOAD C","1 39210U 13037C   13267.18815369  .00000448  00000-0  45864-4 0  9996","2 39210 097.6941 283.8583 0033628 176.7112 183.4332 14.94997520  9820"
"2.0","GENERATED VIA SPACE-TRACK.ORG API","2013-09-24T07:45:31","18 SPCS","PAYLOAD B","2013-037B","EARTH","TEME","UTC","SGP4","2013-09-24T05:58:25.744511","14.67240981","0.00055450","98.0543","283.7933","135.9808","224.1845","0","U","39209","999","971","0.00004913100000","0.00000229","0.0000000000000","7048.031","98.143","673.804","665.988","PAYLOAD","LARGE","PRC","2013-07-19","TSC","","1552068","93911819","0 PAYLOAD B","1 39209U 13037B   13267.24890908  .00000229  00000-0  49131-4 0  9991","2 39209 098.0543 283.7933 0005545 135.9808 224.1845 14.67240981  9717"
"2.0","GENERATED VIA SPACE-TRACK.ORG API","2013-09-24T14:26:50","18 SPCS","PAYLOAD A","2013-037A","EARTH","TEME","UTC","SGP4","2013-09-24T08:13:54.729120","14.68174539","0.00094080","98.0546","283.9863","150.5336","209.6403","0","U","39208","999","974","0.00002455500000","0.00000093","0.0000000000000","7045.043","98.080","673.536","660.280","PAYLOAD","LARGE","PRC","2013-07-19","TSC","","1552100","93912483","0 PAYLOAD A","1 39208U 13037A   13267.34299455  .00000093  00000-0  24555-4 0  9993","2 39208 098.0546 283.9863 0009408 150.5336 209.6403 14.68174539  9741"
"2.0","GENERATED VIA SPACE-TRACK.ORG API","2013-09-24T15:31:47","18 SPCS","PAYLOAD C","2013-037C","EARTH","TEME","UTC","SGP4","2013-09-24T10:56:28.019039","14.94997960","0.00336370","97.6941","284.1211","175.7925","184.3591","0","U","39210","999","986","0.00004744100000","0.00000466","0.0000000000000","6960.520","96.321","605.798","558.972","PAYLOAD","LARGE","PRC","2013-07-19","TSC","","1552205","93914477","0 PAYLOAD C","1 39210U 13037C   13267.45587985  .00000466  00000-0  47441-4 0  9999","2 39210 097.6941 284.1211 0033637 175.7925 184.3591 14.94997960  9862"
"2.0","GENERATED VIA SPACE-TRACK.ORG API","2013-09-24T15:30:11","18 SPCS","PAYLOAD B","2013-037B","EARTH","TEME","UTC","SGP4","2013-09-24T12:31:14.270015","14.67241407","0.00055380","98.0544","284.0615","135.1869","224.9784","0","U","39209","999","975","0.00005880800000","0.00000283","0.0000000000000","7048.029","98.143","673.798","665.991","PAYLOAD","LARGE","PRC","2013-07-19","TSC","","1552204","93914439","0 PAYLOAD B","1 39209U 13037B   13267.52169294  .00000283  00000-0  58808-4 0  9990","2 39209 098.0544 284.0615 0005538 135.1869 224.9784 14.67241407  9758"
"2.0","GENERATED VIA SPACE-TRACK.ORG API","2013-09-24T23:28:54","18 SPCS","PAYLOAD C","2013-037C","EARTH","TEME","UTC","SGP4","2013-09-24T20:34:45.350112","14.94998247","0.00336900","97.6941","284.5154","174.3802","185.7810","0","U","39210","999","992","0.00004877500000","0.00000480","0.0000000000000","6960.519","96.321","605.834","558.934","PAYLOAD","LARGE","PRC","2013-07-19","TSC","","1552412","93917110","0 PAYLOAD C","1 39210U 13037C   13267.85746933  .00000480  00000-0  48775-4 0  9990","2 39210 097.6941 284.5154 0033690 174.3802 185.7810 14.94998247  9925"
"2.0","GENERATED VIA SPACE-TRACK.ORG API","2013-09-24T23:26:59","18 SPCS","PAYLOAD B","2013-037B","EARTH","TEME","UTC","SGP4","2013-09-24T20:42:15.027552","14.67240703","0.00055740","98.0540","284.3968","134.3406","225.8262","0","U","39209","999","980","0.00003208800000","0.00000133","0.0000000000000","7048.032","98.143","673.825","665.968","PAYLOAD","LARGE","PRC","2013-07-19","TSC","","1552411","93917077","0 PAYLOAD B","1 39209U 13037B   13267.86267393  .00000133  00000-0  32088-4 0  9992","2 39209 098.0540 284.3968 0005574 134.3406 225.8262 14.67240703  9801"
"2.0","GENERATED VIA SPACE-TRACK.ORG API","2013-09-24T22:26:43","18 SPCS","PAYLOAD A","2013-037A","EARTH","TEME","UTC","SGP4","2013-09-24T21:19:01.914240","14.68174561","0.00094600","98.0545","284.5230","148.8530","211.3242","0","U","39208","999","982","0.00001788700000","0.00000055","0.0000000000000","7045.043","98.080","673.572","660.243","PAYLOAD","LARGE","PRC","2013-07-19","TSC","","1552310","93915256","0 PAYLOAD A","1 39208U 13037A   13267.88821660  .00000055  00000-0  17887-4 0  9999","2 39208 098.0545 284.5230 0009460 148.8530 211.3242 14.68174561  9824"
"2.0","GENERATED VIA SPACE-TRACK.ORG API","2013-09-25T06:18:55","18 SPCS","PAYLOAD A","2013-037A","EARTH","TEME","UTC","SGP4","2013-09-25T02:13:27.099264","14.68174763","0.00094600","98.0545","284.7243","148.2462","211.9322","0","U","39208","999","985","0.00002334500000","0.00000086","0.0000000000000","7045.042","98.080","673.572","660.242","PAYLOAD","LARGE","PRC","2013-07-19","TSC","","1552466","93917537","0 PAYLOAD A","1 39208U 13037A   13268.09267476  .00000086  00000-0  23345-4 0  9992","2 39208 098.0545 284.7243 0009460 148.2462 211.9322 14.68174763  9850"
"2.0","GENERATED VIA SPACE-TRACK.ORG API","2013-09-25T07:05:02","18 SPCS","PAYLOAD C","2013-037C","EARTH","TEME","UTC","SGP4","2013-09-25T04:36:39.696768","14.94999378","0.00336810","97.6940","284.8434","173.2678","186.9004","0","U","39210","999","997","0.00006004300000","0.00000605","0.0000000000000","6960.516","96.321","605.824","558.937","PAYLOAD","LARGE","PRC","2013-07-19","TSC","","1552511","93918636","0 PAYLOAD C","1 39210U 13037C   13268.19212612  .00000605  00000-0  60043-4 0  9991","2 39210 097.6940 284.8434 0033681 173.2678 186.9004 14.94999378  9976"
"2.0","GENERATED VIA SPACE-TRACK.ORG API","2013-09-25T07:04:01","18 SPCS","PAYLOAD B","2013-037B","EARTH","TEME","UTC","SGP4","2013-09-25T04:53:15.698688","14.67241061","0.00055650","98.0542","284.7319","133.2844","226.8832","0","U","39209","999","985","0.00003714600000","0.00000161","0.0000000000000","7048.030","98.143","673.818","665.973","PAYLOAD","LARGE","PRC","2013-07-19","TSC","","1552510","93918613","0 PAYLOAD B","1 39209U 13037B   13268.20365392  .00000161  00000-0  37146-4 0  9990","2 39209 098.0542 284.7319 0005565 133.2844 226.8832 14.67241061  9858"
"2.0","GENERATED VIA SPACE-TRACK.ORG API","2013-09-25T14:31:30","18 SPCS","PAYLOAD A","2013-037A","EARTH","TEME","UTC","SGP4","2013-09-25T07:07:52.272192","14.68175153","0.00094480","98.0546","284.9255","147.5741","212.6053","0","U","39208","999","988","0.00003604500000","0.00000159","0.0000000000000","7045.041","98.080","673.562","660.250","PAYLOAD","LARGE","PRC","2013-07-19","TSC","","1552551","93919362","0 PAYLOAD A","1 39208U 13037A   13268.29713278  .00000159  00000-0  36045-4 0  9992","2 39208 098.0546 284.9255 0009448 147.5741 212.6053 14.68175153  9880"
"2.0","GENERATED VIA SPACE-TRACK.ORG API","2013-09-25T15:38:48","18 SPCS","PAYLOAD C","2013-037C","EARTH","TEME","UTC","SGP4","2013-09-25T11:02:11.196383","14.94999933","0.00337180","97.6942","285.1063","172.3322","187.8427","0","U","39210","999","1001","0.00006243500000","0.00000631","0.0000000000000","6960.514","96.321","605.848","558.909","PAYLOAD","LARGE","PRC","2013-07-19","TSC","","1552641","93921553","0 PAYLOAD C","1 39210U 13037C   13268.45985181  .00000631  00000-0  62435-4 0  9994","2 39210 097.6942 285.1063 0033718 172.3322 187.8427 14.94999933 10010"
"2.0","GENERATED VIA SPACE-TRACK.ORG API","2013-09-25T15:38:04","18 SPCS","PAYLOAD B","2013-037B","EARTH","TEME","UTC","SGP4","2013-09-25T13:04:16.358592","14.67241718","0.00056640","98.0546","285.0673","132.3997","227.7696","0","U","39209","999","990","0.00005523500000","0.00000263","0.0000000000000","7048.028","98.143","673.885","665.901","PAYLOAD","LARGE","PRC","2013-07-19","TSC","","1552639","93921512","0 PAYLOAD B","1 39209U 13037B   13268.54463378  .00000263  00000-0  55235-4 0  9992","2 39209 098.0546 285.0673 0005664 132.3997 227.7696 14.67241718  9901"
"2.0","GENERATED VIA SPACE-TRACK.ORG API","2013-09-25T15:54:20","18 SPCS","PAYLOAD A","2013-037A","EARTH","TEME","UTC","SGP4","2013-09-25T13:40:25.840991","14.68175487","0.00094300","98.0548","285.1939","146.6687","213.5115","0","U","39208","999","992","0.00004720400000","0.00000223","0.0000000000000","7045.040","98.080","673.548","660.261","PAYLOAD","LARGE","PRC","2013-07-19","TSC","","1552666","93921949","0 PAYLOAD A","1 39208U 13037A   13268.56974353  .00000223  00000-0  47204-4 0  9996","2 39208 098.0548 285.1939 0009430 146.6687 213.5115 14.68175487  9928"
"2.0","GENERATED VIA SPACE-TRACK.ORG API","2013-09-25T22:27:45","18 SPCS","PAYLOAD A","2013-037A","EARTH","TEME","UTC","SGP4","2013-09-25T18:34:51.019967","14.68175371","0.00094900","98.0547","285.3953","146.1659","214.0143","0","U","39208","999","995","0.00004234300000","0.00000195","0.0000000000000","7045.040","98.080","673.591","660.219","PAYLOAD","LARGE","PRC","2013-07-19","TSC","","1552744","93922531","0 PAYLOAD A","1 39208U 13037A   13268.77420162  .00000195  00000-0  42343-4 0  9990","2 39208 098.0547 285.3953 0009490 146.1659 214.0143 14.68175371  9957"
"2.0","GENERATED VIA SPACE-TRACK.ORG API","2013-09-25T23:37:58","18 SPCS","PAYLOAD C","2013-037C","EARTH","TEME","UTC","SGP4","2013-09-25T20:40:28.463519","14.95000351","0.00337690","97.6942","285.5004","170.9620","189.2217","0","U","39210","999","1007","0.00006288900000","0.00000637","0.0000000000000","6960.513","96.321","605.883","558.873","PAYLOAD","LARGE","PRC","2013-07-19","TSC","","1552845","93924679","0 PAYLOAD C","1 39210U 13037C   13268.86144055  .00000637  00000-0  62889-4 0  9995","2 39210 097.6942 285.5004 0033769 170.9620 189.2217 14.95000351 10077"
"2.0","GENERATED VIA SPACE-TRACK.ORG API","2013-09-25T23:36:32","18 SPCS","PAYLOAD B","2013-037B","EARTH","TEME","UTC","SGP4","2013-09-25T21:15:17.054784","14.67241389","0.00056950","98.0544","285.4027","131.4962","228.6733","0","U","39209","999","995","0.00003777200000","0.00000165","0.0000000000000","7048.029","98.143","673.908","665.881","PAYLOAD","LARGE","PRC","2013-07-19","TSC","","1552843","93924635","0 PAYLOAD B","1 39209U 13037B   13268.88561406  .00000165  00000-0  37772-4 0  9997","2 39209 098.0544 285.4027 0005695 131.4962 228.6733 14.67241389  9953"
"2.0","GENERATED VIA SPACE-TRACK.ORG API","2013-09-26T06:21:00","18 SPCS","PAYLOAD A","2013-037A","EARTH","TEME","UTC","SGP4","2013-09-26T01:07:24.606911","14.68175531","0.00094940","98.0546","285.6636","145.3170","214.8656","0","U","39208","999","999","0.00004229700000","0.00000195","0.0000000000000","7045.040","98.080","673.593","660.216","PAYLOAD","LARGE","PRC","2013-07-19","TSC","","1552960","93925209","0 PAYLOAD A","1 39208U 13037A   13269.04681258  .00000195  00000-0  42297-4 0  9994","2 39208 098.0546 285.6636 0009494 145.3170 214.8656 14.68175531  9999"
"2.0","GENERATED VIA SPACE-TRACK.ORG API","2013-09-26T07:17:31","18 SPCS","PAYLOAD C","2013-037C","EARTH","TEME","UTC","SGP4","2013-09-26T04:42:22.766975","14.95001551","0.00337940","97.6944","285.8287","169.8797","190.3111","0","U","39210","999","1012","0.00007345200000","0.00000753","0.0000000000000","6960.509","96.320","605.896","558.852","PAYLOAD","LARGE","PRC","2013-07-19","TSC","","1553016","93926545","0 PAYLOAD C","1 39210U 13037C   13269.19609684  .00000753  00000-0  73452-4 0  9993","2 39210 097.6944 285.8287 0033794 169.8797 190.3111 14.95001551 10120"
"2.0","GENERATED VIA SPACE-TRACK.ORG API","2013-09-26T07:15:26","18 SPCS","PAYLOAD B","2013-037B","EARTH","TEME","UTC","SGP4","2013-09-26T05:26:17.679263","14.67241957","0.00056990","98.0545","285.7377","131.3669","228.8032","0","U","39209","999","1000","0.00004713400000","0.00000218","0.0000000000000","7048.028","98.143","673.909","665.876","PAYLOAD","LARGE","PRC","2013-07-19","TSC","","1553014","93926517","0 PAYLOAD B","1 39209U 13037B   13269.22659351  .00000218  00000-0  47134-4 0  9995","2 39209 098.0545 285.7377 0005699 131.3669 228.8032 14.67241957 10005"
"2.0","GENERATED VIA SPACE-TRACK.ORG API","2013-09-26T11:24:35","18 SPCS","PAYLOAD A","2013-037A","EARTH","TEME","UTC","SGP4","2013-09-26T06:01:49.786752","14.68175532","0.00094790","98.0547","285.8648","144.4674","215.7156","0","U","39208","999","1002","0.00003872400000","0.00000174","0.0000000000000","7045.040","98.080","673.583","660.227","PAYLOAD","LARGE","PRC","2013-07-19","TSC","","1553048","93927145","0 PAYLOAD A","1 39208U 13037A   13269.25127068  .00000174  00000-0  38724-4 0  9998","2 39208 098.0547 285.8648 0009479 144.4674 215.7156 14.68175532 10029"
"2.0","GENERATED VIA SPACE-TRACK.ORG API","2013-09-26T12:17:18","18 SPCS","PAYLOAD C","2013-037C","EARTH","TEME","UTC","SGP4","2013-09-26T07:55:08.508575","14.95001685","0.00337770","97.6945","285.9600","169.3878","190.8059","0","U","39210","999","1014","0.00007116900000","0.00000728","0.0000000000000","6960.508","96.320","605.884","558.863","PAYLOAD","LARGE","PRC","2013-07-19","TSC","","1553120","93928888","0 PAYLOAD C","1 39210U 13037C   13269.32995959  .00000728  00000-0  71169-4 0  9996","2 39210 097.6945 285.9600 0033777 169.3878 190.8059 14.95001685 10143"
"2.0","GENERATED VIA SPACE-TRACK.ORG API","2013-09-26T12:15:52","18 SPCS","PAYLOAD B","2013-037B","EARTH","TEME","UTC","SGP4","2013-09-26T08:42:41.937696","14.67242366","0.00057020","98.0547","285.8719","130.8686","229.3025","0","U","39209","999","1002","0.00005808200000","0.00000279","0.0000000000000","7048.026","98.143","673.910","665.873","PAYLOAD","LARGE","PRC","2013-07-19","TSC","","1553118","93928862","0 PAYLOAD B","1 39209U 13037B   13269.36298539  .00000279  00000-0  58082-4 0  9998","2 39209 098.0547 285.8719 0005702 130.8686 229.3025 14.67242366 10021"
"2.0","GENERATED VIA SPACE-TRACK.ORG API","2013-09-26T19:34:25","18 SPCS","PAYLOAD A","2013-037A","EARTH","TEME","UTC","SGP4","2013-09-26T14:12:31.766975","14.68175366","0.00094890","98.0547","286.2003","143.4905","216.6937","0","U","39208","999","1007","0.00002980700000","0.00000123","0.0000000000000","7045.040","98.080","673.590","660.220","PAYLOAD","LARGE","PRC","2013-07-19","TSC","","1553304","93930524","0 PAYLOAD A","1 39208U 13037A   13269.59203434  .00000123  00000-0  29807-4 0  9993","2 39208 098.0547 286.2003 0009489 143.4905 216.6937 14.68175366 10073"
"2.0","GENERATED VIA SPACE-TRACK.ORG API","2013-09-26T20:25:26","18 SPCS","PAYLOAD C","2013-037C","EARTH","TEME","UTC","SGP4","2013-09-26T15:57:02.820672","14.95001903","0.00339080","97.6944","286.2887","168.1964","192.0031","0","U","39210","999","1019","0.00006566000000","0.00000667","0.0000000000000","6960.508","96.320","605.974","558.771","PAYLOAD","LARGE","PRC","2013-07-19","TSC","","1553386","93932315","0 PAYLOAD C","1 39210U 13037C   13269.66461598  .00000667  00000-0  65660-4 0  9991","2 39210 097.6944 286.2887 0033908 168.1964 192.0031 14.95001903 10194"
"2.0","GENERATED VIA SPACE-TRACK.ORG API","2013-09-26T20:23:28","18 SPCS","PAYLOAD B","2013-037B","EARTH","TEME","UTC","SGP4","2013-09-26T16:53:42.607967","14.67241922","0.00057610","98.0546","286.2071","129.8178","230.3523","0","U","39209","999","1007","0.00003827000000","0.00000168","0.0000000000000","7048.028","98.143","673.953","665.832","PAYLOAD","LARGE","PRC","2013-07-19","TSC","","1553382","93932281","0 PAYLOAD B","1 39209U 13037B   13269.70396537  .00000168  00000-0  38270-4 0  9997","2 39209 098.0546 286.2071 0005761 129.8178 230.3523 14.67241922 10072"
"2.0","GENERATED VIA SPACE-TRACK.ORG API","2013-09-26T22:20:31","18 SPCS","PAYLOAD A","2013-037A","EARTH","TEME","UTC","SGP4","2013-09-26T19:06:56.968415","14.68175360","0.00094950","98.0546","286.4016","142.8426","217.3434","0","U","39208","999","1010","0.00002768700000","0.00000111","0.0000000000000","7045.040","98.080","673.594","660.216","PAYLOAD","LARGE","PRC","2013-07-19","TSC","","1553440","93932822","0 PAYLOAD A","1 39208U 13037A   13269.79649269  .00000111  00000-0  27687-4 0  9996","2 39208 098.0546 286.4016 0009495 142.8426 217.3434 14.68175360 10104"
"2.0","GENERATED VIA SPACE-TRACK.ORG API","2013-09-26T23:00:13","18 SPCS","PAYLOAD C","2013-037C","EARTH","TEME","UTC","SGP4","2013-09-26T20:46:11.472383","14.95002353","0.00339580","97.6944","286.4857","167.4552","192.7525","0","U","39210","999","1022","0.00006868900000","0.00000701","0.0000000000000","6960.506","96.320","606.008","558.735","PAYLOAD","LARGE","PRC","2013-07-19","TSC","","1553491","93934060","0 PAYLOAD C","1 39210U 13037C   13269.86541056  .00000701  00000-0  68689-4 0  9994","2 39210 097.6944 286.4857 0033958 167.4552 192.7525 14.95002353 10222"
"2.0","GENERATED VIA SPACE-TRACK.ORG API","2013-09-26T22:57:17","18 SPCS","PAYLOAD B","2013-037B","EARTH","TEME","UTC","SGP4","2013-09-26T21:48:19.030175","14.67242065","0.00057700","98.0547","286.4080","129.6149","230.5578","0","U","39209","999","1010","0.00003777100000","0.00000165","0.0000000000000","7048.027","98.143","673.959","665.826","PAYLOAD","LARGE","PRC","2013-07-19","TSC","","1553489","93934032","0 PAYLOAD B","1 39209U 13037B   13269.90855359  .00000165  00000-0  37771-4 0  9993","2 39209 098.0547 286.4080 0005770 129.6149 230.5578 14.67242065 10106"
"2.0","GENERATED VIA SPACE-TRACK.ORG API","2013-09-27T07:20:39","18 SPCS","PAYLOAD C","2013-037C","EARTH","TEME","UTC","SGP4","2013-09-27T03:11:42.879552","14.95003883","0.00339280","97.6946","286.7485","166.5998","193.6142","0","U","39210","999","1026","0.00008772800000","0.00000911","0.0000000000000","6960.502","96.320","605.982","558.751","PAYLOAD","LARGE","PRC","2013-07-19","TSC","","1553646","93936462","0 PAYLOAD C","1 39210U 13037C   13270.13313518  .00000911  00000-0  87728-4 0  9994","2 39210 097.6946 286.7485 0033928 166.5998 193.6142 14.95003883 10263"
"2.0","GENERATED VIA SPACE-TRACK.ORG API","2013-09-27T06:24:11","18 SPCS","PAYLOAD A","2013-037A","EARTH","TEME","UTC","SGP4","2013-09-27T03:17:38.936543","14.68175528","0.00095180","98.0546","286.7369","141.8395","218.3486","0","U","39208","999","1015","0.00002871600000","0.00000117","0.0000000000000","7045.040","98.080","673.610","660.199","PAYLOAD","LARGE","PRC","2013-07-19","TSC","","1553569","93934662","0 PAYLOAD A","1 39208U 13037A   13270.13725621  .00000117  00000-0  28716-4 0  9993","2 39208 098.0546 286.7369 0009518 141.8395 218.3486 14.68175528 10157"
"2.0","GENERATED VIA SPACE-TRACK.ORG API","2013-09-27T07:20:22","18 SPCS","PAYLOAD B","2013-037B","EARTH","TEME","UTC","SGP4","2013-09-27T04:21:07.496927","14.67242836","0.00057780","98.0544","286.6760","128.9897","231.1827","0","U","39209","999","1014","0.00005597900000","0.00000268","0.0000000000000","7048.025","98.143","673.962","665.817","PAYLOAD","LARGE","PRC","2013-07-19","TSC","","1553645","93936423","0 PAYLOAD B","1 39209U 13037B   13270.18133677  .00000268  00000-0  55979-4 0  9991","2 39209 098.0544 286.6760 0005778 128.9897 231.1827 14.67242836 10144"
"2.0","GENERATED VIA SPACE-TRACK.ORG API","2013-09-27T15:46:05","18 SPCS","PAYLOAD C","2013-037C","EARTH","TEME","UTC","SGP4","2013-09-27T11:13:37.139808","14.95005176","0.00339140","97.6948","287.0766","165.3868","194.8350","0","U","39210","999","1031","0.00009677200000","0.00001011","0.0000000000000","6960.498","96.320","605.968","558.757","PAYLOAD","LARGE","PRC","2013-07-19","TSC","","1553793","93939537","0 PAYLOAD C","1 39210U 13037C   13270.46779097  .00001011  00000-0  96772-4 0  9999","2 39210 097.6948 287.0766 0033914 165.3868 194.8350 14.95005176 10316"
"2.0","GENERATED VIA SPACE-TRACK.ORG API","2013-09-27T14:32:49","18 SPCS","PAYLOAD A","2013-037A","EARTH","TEME","UTC","SGP4","2013-09-27T11:28:20.899487","14.68176312","0.00095440","98.0555","287.0724","141.7122","218.4856","0","U","39208","999","1020","0.00004242200000","0.00000196","0.0000000000000","7045.037","98.080","673.626","660.178","PAYLOAD","LARGE","PRC","2013-07-19","TSC","","1553698","93937330","0 PAYLOAD A","1 39208U 13037A   13270.47801967  .00000196  00000-0  42422-4 0  9995","2 39208 098.0555 287.0724 0009544 141.7122 218.4856 14.68176312 10202"
"2.0","GENERATED VIA SPACE-TRACK.ORG API","2013-09-27T15:45:43","18 SPCS","PAYLOAD B","2013-037B","EARTH","TEME","UTC","SGP4","2013-09-27T12:32:08.118816","14.67243749","0.00057610","98.0550","287.0115","127.8255","232.3482","0","U","39209","999","1019","0.00008017900000","0.00000404","0.0000000000000","7048.022","98.143","673.947","665.827","PAYLOAD","LARGE","PRC","2013-07-19","TSC","","1553792","93939494","0 PAYLOAD B","1 39209U 13037B   13270.52231619  .00000404  00000-0  80179-4 0  9996","2 39209 098.0550 287.0115 0005761 127.8255 232.3482 14.67243749 10197"
"2.0","GENERATED VIA SPACE-TRACK.ORG API","2013-09-27T22:27:53","18 SPCS","PAYLOAD A","2013-037A","EARTH","TEME","UTC","SGP4","2013-09-27T14:44:37.526208","14.68175360","0.00096030","98.0556","287.2065","141.3523","218.8330","0","U","39208","999","1022","0.00000922520000","0.00000005","0.0000000000000","7045.040","98.080","673.670","660.140","PAYLOAD","LARGE","PRC","2013-07-19","TSC","","1553920","93940657","0 PAYLOAD A","1 39208U 13037A   13270.61432322  .00000005  00000-0  92252-5 0  9992","2 39208 098.0556 287.2065 0009603 141.3523 218.8330 14.68175360 10225"
"2.0","GENERATED VIA SPACE-TRACK.ORG API","2013-09-27T23:32:51","18 SPCS","PAYLOAD C","2013-037C","EARTH","TEME","UTC","SGP4","2013-09-27T16:02:45.690432","14.95005205","0.00339100","97.6948","287.2737","164.7265","195.4973","0","U","39210","999","1034","0.00009038700000","0.00000941","0.0000000000000","6960.498","96.320","605.966","558.759","PAYLOAD","LARGE","PRC","2013-07-19","TSC","","1554009","93942193","0 PAYLOAD C","1 39210U 13037C   13270.66858438  .00000941  00000-0  90387-4 0  9995","2 39210 097.6948 287.2737 0033910 164.7265 195.4973 14.95005205 10340"
"2.0","GENERATED VIA SPACE-TRACK.ORG API","2013-09-28T16:28:24","18 SPCS","PAYLOAD C","2013-037C","EARTH","TEME","UTC","SGP4","2013-09-28T11:19:19.800479","14.95008920","0.00339820","97.6953","288.0613","162.0568","198.1872","0","U","39210","999","1046","0.00012218000000","0.00001293","0.0000000000000","6960.486","96.320","606.004","558.698","PAYLOAD","LARGE","PRC","2013-07-19","TSC","","1554393","93948285","0 PAYLOAD C","1 39210U 13037C   13271.47175695  .00001293  00000-0  12218-3 0  9999","2 39210 097.6953 288.0613 0033982 162.0568 198.1872 14.95008920 10462"
"2.0","GENERATED VIA SPACE-TRACK.ORG API","2013-09-28T16:26:46","18 SPCS","PAYLOAD B","2013-037B","EARTH","TEME","UTC","SGP4","2013-09-28T11:26:57.922655","14.67243869","0.00058620","98.0549","287.9501","125.5110","234.6646","0","U","39209","999","1033","0.00006220300000","0.00000303","0.0000000000000","7048.021","98.143","674.018","665.755","PAYLOAD","LARGE","PRC","2013-07-19","TSC","","1554391","93948228","0 PAYLOAD B","1 39209U 13037B   13271.47705929  .00000303  00000-0  62203-4 0  9997","2 39209 098.0549 287.9501 0005862 125.5110 234.6646 14.67243869 10336"
"2.0","GENERATED VIA SPACE-TRACK.ORG API","2013-09-28T14:38:58","18 SPCS","PAYLOAD A","2013-037A","EARTH","TEME","UTC","SGP4","2013-09-28T12:00:26.703648","14.68175134","0.00096860","98.0555","288.0786","138.9396","221.2539","0","U","39208","999","1035","-0.00000483330000","-0.00000076","0.0000000000000","7045.041","98.080","673.730","660.082","PAYLOAD","LARGE","PRC","2013-07-19","TSC","","1554239","93945023","0 PAYLOAD A","1 39208U 13037A   13271.50030907 -.00000076  00000-0 -48333-5 0  9995","2 39208 098.0555 288.0786 0009686 138.9396 221.2539 14.68175134 10356"
"2.0","GENERATED VIA SPACE-TRACK.ORG API","2013-09-28T23:35:25","18 SPCS","PAYLOAD B","2013-037B","EARTH","TEME","UTC","SGP4","2013-09-28T19:37:58.596384","14.67243789","0.00058910","98.0550","288.2853","124.6689","235.5076","0","U","39209","999","1038","0.00005876200000","0.00000283","0.0000000000000","7048.022","98.143","674.039","665.735","PAYLOAD","LARGE","PRC","2013-07-19","TSC","","1554646","93951055","0 PAYLOAD B","1 39209U 13037B   13271.81803931  .00000283  00000-0  58762-4 0  9999","2 39209 098.0550 288.2853 0005891 124.6689 235.5076 14.67243789 10388"
"2.0","GENERATED VIA SPACE-TRACK.ORG API","2013-09-28T22:28:21","18 SPCS","PAYLOAD A","2013-037A","EARTH","TEME","UTC","SGP4","2013-09-28T20:11:08.684736","14.68175185","0.00097080","98.0554","288.4140","137.9866","222.2095","0","U","39208","999","1040","-0.00000326640000","-0.00000067","0.0000000000000","7045.041","98.080","673.745","660.066","PAYLOAD","LARGE","PRC","2013-07-19","TSC","","1554499","93949143","0 PAYLOAD A","1 39208U 13037A   13271.84107274 -.00000067  00000-0 -32664-5 0  9994","2 39208 098.0554 288.4140 0009708 137.9866 222.2095 14.68175185 10409"
"2.0","GENERATED VIA SPACE-TRACK.ORG API","2013-09-28T23:36:39","18 SPCS","PAYLOAD C","2013-037C","EARTH","TEME","UTC","SGP4","2013-09-28T20:57:36.846432","14.95009201","0.00340130","97.6954","288.4555","160.6962","199.5537","0","U","39210","999","1052","0.00011055000000","0.00001164","0.0000000000000","6960.485","96.320","606.025","558.675","PAYLOAD","LARGE","PRC","2013-07-19","TSC","","1554647","93951092","0 PAYLOAD C","1 39210U 13037C   13271.87334313  .00001164  00000-0  11055-3 0  9992","2 39210 097.6954 288.4555 0034013 160.6962 199.5537 14.95009201 10523"
"2.0","GENERATED VIA SPACE-TRACK.ORG API","2013-09-29T07:28:55","18 SPCS","PAYLOAD B","2013-037B","EARTH","TEME","UTC","SGP4","2013-09-29T03:48:59.176799","14.67244180","0.00058840","98.0551","288.6204","123.6694","236.5065","0","U","39209","999","1043","0.00005948300000","0.00000287","0.0000000000000","7048.020","98.143","674.033","665.738","PAYLOAD","LARGE","PRC","2013-07-19","TSC","","1554867","93953664","0 PAYLOAD B","1 39209U 13037B   13272.15901825  .00000287  00000-0  59483-4 0  9993","2 39209 098.0551 288.6204 0005884 123.6694 236.5065 14.67244180 10431"
"2.0","GENERATED VIA SPACE-TRACK.ORG API","2013-09-29T06:25:26","18 SPCS","PAYLOAD A","2013-037A","EARTH","TEME","UTC","SGP4","2013-09-29T04:21:50.618303","14.68175411","0.00097110","98.0554","288.7494","136.9573","223.2393","0","U","39208","999","1045","0.00000271110000","-0.00000033","0.0000000000000","7045.040","98.080","673.746","660.063","PAYLOAD","LARGE","PRC","2013-07-19","TSC","","1554789","93951855","0 PAYLOAD A","1 39208U 13037A   13272.18183586 -.00000033  00000-0  27111-5 0  9995","2 39208 098.0554 288.7494 0009711 136.9573 223.2393 14.68175411 10451"
"2.0","GENERATED VIA SPACE-TRACK.ORG API","2013-09-29T07:28:55","18 SPCS","PAYLOAD C","2013-037C","EARTH","TEME","UTC","SGP4","2013-09-29T04:59:30.996095","14.95011136","0.00340520","97.6956","288.7833","159.5956","200.6639","0","U","39210","999","1057","0.00012870000000","0.00001365","0.0000000000000","6960.479","96.320","606.046","558.642","PAYLOAD","LARGE","PRC","2013-07-19","TSC","","1554867","93953693","0 PAYLOAD C","1 39210U 13037C   13272.20799764  .00001365  00000-0  12870-3 0  9994","2 39210 097.6956 288.7833 0034052 159.5956 200.6639 14.95011136 10572"
"2.0","GENERATED VIA SPACE-TRACK.ORG API","2013-09-29T12:52:42","18 SPCS","PAYLOAD A","2013-037A","EARTH","TEME","UTC","SGP4","2013-09-29T10:54:24.183648","14.68176578","0.00097200","98.0560","289.0178","135.6176","224.5858","0","U","39208","999","1049","0.00003112500000","0.00000131","0.0000000000000","7045.036","98.080","673.749","660.053","PAYLOAD","LARGE","PRC","2013-07-19","TSC","","1554890","93953883","0 PAYLOAD A","1 39208U 13037A   13272.45444657  .00000131  00000-0  31125-4 0  9991","2 39208 098.0560 289.0178 0009720 135.6176 224.5858 14.68176578 10495"
"2.0","GENERATED VIA SPACE-TRACK.ORG API","2013-09-29T15:38:07","18 SPCS","PAYLOAD C","2013-037C","EARTH","TEME","UTC","SGP4","2013-09-29T11:25:02.321183","14.95011632","0.00340130","97.6961","289.0465","158.7045","201.5595","0","U","39210","999","1061","0.00012443000000","0.00001318","0.0000000000000","6960.478","96.320","606.017","558.668","PAYLOAD","LARGE","PRC","2013-07-19","TSC","","1555014","93956535","0 PAYLOAD C","1 39210U 13037C   13272.47572131  .00001318  00000-0  12443-3 0  9994","2 39210 097.6961 289.0465 0034013 158.7045 201.5595 14.95011632 10617"
"2.0","GENERATED VIA SPACE-TRACK.ORG API","2013-09-29T15:37:50","18 SPCS","PAYLOAD B","2013-037B","EARTH","TEME","UTC","SGP4","2013-09-29T11:59:59.812511","14.67244324","0.00058920","98.0552","288.9555","122.6012","237.5761","0","U","39209","999","1048","0.00005580400000","0.00000267","0.0000000000000","7048.020","98.143","674.038","665.732","PAYLOAD","LARGE","PRC","2013-07-19","TSC","","1555013","93956507","0 PAYLOAD B","1 39209U 13037B   13272.49999783  .00000267  00000-0  55804-4 0  9991","2 39209 098.0552 288.9555 0005892 122.6012 237.5761 14.67244324 10485"
"2.0","GENERATED VIA SPACE-TRACK.ORG API","2013-09-29T22:27:03","18 SPCS","PAYLOAD A","2013-037A","EARTH","TEME","UTC","SGP4","2013-09-29T19:05:06.016992","14.68176799","0.00097410","98.0560","289.3537","134.9055","225.2934","0","U","39208","999","1054","0.00003619300000","0.00000160","0.0000000000000","7045.035","98.080","673.763","660.038","PAYLOAD","LARGE","PRC","2013-07-19","TSC","","1555187","93957419","0 PAYLOAD A","1 39208U 13037A   13272.79520853  .00000160  00000-0  36193-4 0  9993","2 39208 098.0560 289.3537 0009741 134.9055 225.2934 14.68176799 10542"
"2.0","GENERATED VIA SPACE-TRACK.ORG API","2013-09-29T23:37:49","18 SPCS","PAYLOAD C","2013-037C","EARTH","TEME","UTC","SGP4","2013-09-29T19:26:56.573664","14.95011443","0.00341540","97.6964","289.3749","157.5979","202.6750","0","U","39210","999","1066","0.00011241000000","0.00001185","0.0000000000000","6960.478","96.320","606.116","558.570","PAYLOAD","LARGE","PRC","2013-07-19","TSC","","1555280","93959598","0 PAYLOAD C","1 39210U 13037C   13272.81037701  .00001185  00000-0  11241-3 0  9998","2 39210 097.6964 289.3749 0034154 157.5979 202.6750 14.95011443 10667"
"2.0","GENERATED VIA SPACE-TRACK.ORG API","2013-09-29T23:35:52","18 SPCS","PAYLOAD B","2013-037B","EARTH","TEME","UTC","SGP4","2013-09-29T20:11:00.496607","14.67243884","0.00059340","98.0551","289.2907","122.0782","238.1001","0","U","39209","999","1053","0.00004219600000","0.00000190","0.0000000000000","7048.021","98.143","674.069","665.704","PAYLOAD","LARGE","PRC","2013-07-19","TSC","","1555279","93959564","0 PAYLOAD B","1 39209U 13037B   13272.84097797  .00000190  00000-0  42196-4 0  9999","2 39209 098.0551 289.2907 0005934 122.0782 238.1001 14.67243884 10534"
"2.0","GENERATED VIA SPACE-TRACK.ORG API","2013-09-30T06:15:54","18 SPCS","PAYLOAD A","2013-037A","EARTH","TEME","UTC","SGP4","2013-09-30T03:15:47.931551","14.68177322","0.00097640","98.0560","289.6891","134.0501","226.1516","0","U","39208","999","1059","0.00004447100000","0.00000208","0.0000000000000","7045.034","98.080","673.778","660.020","PAYLOAD","LARGE","PRC","2013-07-19","TSC","","1555378","93959997","0 PAYLOAD A","1 39208U 13037A   13273.13597143  .00000208  00000-0  44471-4 0  9999","2 39208 098.0560 289.6891 0009764 134.0501 226.1516 14.68177322 10594"
"2.0","GENERATED VIA SPACE-TRACK.ORG API","2013-09-30T06:39:45","18 SPCS","PAYLOAD C","2013-037C","EARTH","TEME","UTC","SGP4","2013-09-30T03:28:50.689632","14.95012135","0.00341780","97.6964","289.7035","156.4868","203.7922","0","U","39210","999","1071","0.00010525000000","0.00001106","0.0000000000000","6960.476","96.320","606.131","558.552","PAYLOAD","LARGE","PRC","2013-07-19","TSC","","1555406","93960621","0 PAYLOAD C","1 39210U 13037C   13273.14503113  .00001106  00000-0  10525-3 0  9997","2 39210 097.6964 289.7035 0034178 156.4868 203.7922 14.95012135 10718"
"2.0","GENERATED VIA SPACE-TRACK.ORG API","2013-09-30T06:38:36","18 SPCS","PAYLOAD B","2013-037B","EARTH","TEME","UTC","SGP4","2013-09-30T04:22:01.106399","14.67244008","0.00059490","98.0552","289.6259","121.2900","238.8892","0","U","39209","999","1058","0.00003645500000","0.00000158","0.0000000000000","7048.021","98.143","674.079","665.693","PAYLOAD","LARGE","PRC","2013-07-19","TSC","","1555405","93960600","0 PAYLOAD B","1 39209U 13037B   13273.18195725  .00000158  00000-0  36455-4 0  9992","2 39209 098.0552 289.6259 0005949 121.2900 238.8892 14.67244008 10587"
"2.0","GENERATED VIA SPACE-TRACK.ORG API","2013-09-30T14:33:43","18 SPCS","PAYLOAD A","2013-037A","EARTH","TEME","UTC","SGP4","2013-09-30T11:26:29.831423","14.68177808","0.00097860","98.0562","290.0247","132.9046","227.2989","0","U","39208","999","1064","0.00005185200000","0.00000250","0.0000000000000","7045.032","98.080","673.792","660.003","PAYLOAD","LARGE","PRC","2013-07-19","TSC","","1555472","93961416","0 PAYLOAD A","1 39208U 13037A   13273.47673416  .00000250  00000-0  51852-4 0  9992","2 39208 098.0562 290.0247 0009786 132.9046 227.2989 14.68177808 10643"
"2.0","GENERATED VIA SPACE-TRACK.ORG API","2013-09-30T16:07:07","18 SPCS","PAYLOAD C","2013-037C","EARTH","TEME","UTC","SGP4","2013-09-30T11:30:44.817695","14.95012885","0.00342110","97.6965","290.0319","155.3774","204.9091","0","U","39210","999","1076","0.00010304000000","0.00001081","0.0000000000000","6960.474","96.320","606.151","558.526","PAYLOAD","LARGE","PRC","2013-07-19","TSC","","1555595","93964252","0 PAYLOAD C","1 39210U 13037C   13273.47968539  .00001081  00000-0  10304-3 0  9997","2 39210 097.6965 290.0319 0034211 155.3774 204.9091 14.95012885 10768"
"2.0","GENERATED VIA SPACE-TRACK.ORG API","2013-09-30T16:06:31","18 SPCS","PAYLOAD B","2013-037B","EARTH","TEME","UTC","SGP4","2013-09-30T12:33:01.724832","14.67244187","0.00059720","98.0557","289.9615","120.4870","239.6924","0","U","39209","999","1063","0.00004039800000","0.00000180","0.0000000000000","7048.020","98.143","674.095","665.676","PAYLOAD","LARGE","PRC","2013-07-19","TSC","","1555593","93964182","0 PAYLOAD B","1 39209U 13037B   13273.52293663  .00000180  00000-0  40398-4 0  9996","2 39209 098.0557 289.9615 0005972 120.4870 239.6924 14.67244187 10633"
"2.0","GENERATED VIA SPACE-TRACK.ORG API","2013-09-30T23:58:57","18 SPCS","PAYLOAD C","2013-037C","EARTH","TEME","UTC","SGP4","2013-09-30T19:32:38.998463","14.95012652","0.00341740","97.6964","290.3602","154.2235","206.0695","0","U","39210","999","1081","0.00008664900000","0.00000900","0.0000000000000","6960.474","96.320","606.126","558.553","PAYLOAD","LARGE","PRC","2013-07-19","TSC","","1555820","93967889","0 PAYLOAD C","1 39210U 13037C   13273.81434026  .00000900  00000-0  86649-4 0  9999","2 39210 097.6964 290.3602 0034174 154.2235 206.0695 14.95012652 10814"
"2.0","GENERATED VIA SPACE-TRACK.ORG API","2013-09-30T22:31:17","18 SPCS","PAYLOAD A","2013-037A","EARTH","TEME","UTC","SGP4","2013-09-30T19:37:11.739935","14.68177975","0.00098040","98.0560","290.3603","131.7627","228.4413","0","U","39208","999","1069","0.00005211800000","0.00000252","0.0000000000000","7045.032","98.080","673.804","659.990","PAYLOAD","LARGE","PRC","2013-07-19","TSC","","1555682","93965181","0 PAYLOAD A","1 39208U 13037A   13273.81749699  .00000252  00000-0  52118-4 0  9995","2 39208 098.0560 290.3603 0009804 131.7627 228.4413 14.68177975 10698"
"2.0","GENERATED VIA SPACE-TRACK.ORG API","2013-09-30T23:58:40","18 SPCS","PAYLOAD B","2013-037B","EARTH","TEME","UTC","SGP4","2013-09-30T20:44:02.421024","14.67243926","0.00061010","98.0556","290.2972","119.9340","240.2497","0","U","39209","999","1068","0.00002962000000","0.00000119","0.0000000000000","7048.021","98.143","674.186","665.586","PAYLOAD","LARGE","PRC","2013-07-19","TSC","","1555819","93967844","0 PAYLOAD B","1 39209U 13037B   13273.86391691  .00000119  00000-0  29620-4 0  9990","2 39209 098.0556 290.2972 0006101 119.9340 240.2497 14.67243926 10681"
"2.0","GENERATED VIA SPACE-TRACK.ORG API","2013-10-01T06:27:18","18 SPCS","PAYLOAD A","2013-037A","EARTH","TEME","UTC","SGP4","2013-10-01T02:09:45.213695","14.68178834","0.00098710","98.0558","290.6289","131.2939","228.9119","0","U","39208","999","1073","0.00007039500000","0.00000357","0.0000000000000","7045.029","98.080","673.848","659.940","PAYLOAD","LARGE","PRC","2013-07-19","TSC","","1555992","93968770","0 PAYLOAD A","1 39208U 13037A   13274.09010664  .00000357  00000-0  70395-4 0  9992","2 39208 098.0558 290.6289 0009871 131.2939 228.9119 14.68178834 10731"
"2.0","GENERATED VIA SPACE-TRACK.ORG API","2013-10-01T07:40:18","18 SPCS","PAYLOAD C","2013-037C","EARTH","TEME","UTC","SGP4","2013-10-01T03:34:33.095423","14.95013741","0.00342020","97.6963","290.6886","153.1594","207.1416","0","U","39210","999","1086","0.00009208600000","0.00000960","0.0000000000000","6960.471","96.320","606.142","558.530","PAYLOAD","LARGE","PRC","2013-07-19","TSC","","1556067","93970562","0 PAYLOAD C","1 39210U 13037C   13274.14899416  .00000960  00000-0  92086-4 0  9992","2 39210 097.6963 290.6886 0034202 153.1594 207.1416 14.95013741 10866"
"2.0","GENERATED VIA SPACE-TRACK.ORG API","2013-10-01T07:38:57","18 SPCS","PAYLOAD B","2013-037B","EARTH","TEME","UTC","SGP4","2013-10-01T04:55:02.968607","14.67244687","0.00060540","98.0555","290.6320","119.0375","241.1442","0","U","39209","999","1073","0.00005084900000","0.00000239","0.0000000000000","7048.019","98.143","674.151","665.617","PAYLOAD","LARGE","PRC","2013-07-19","TSC","","1556065","93970528","0 PAYLOAD B","1 39209U 13037B   13274.20489547  .00000239  00000-0  50849-4 0  9997","2 39209 098.0555 290.6320 0006054 119.0375 241.1442 14.67244687 10738"
"2.0","GENERATED VIA SPACE-TRACK.ORG API","2013-10-01T14:29:42","18 SPCS","PAYLOAD A","2013-037A","EARTH","TEME","UTC","SGP4","2013-10-01T10:20:27.105792","14.68179099","0.00098660","98.0559","290.9644","130.1613","230.0456","0","U","39208","999","1078","0.00007002700000","0.00000355","0.0000000000000","7045.028","98.080","673.844","659.942","PAYLOAD","LARGE","PRC","2013-07-19","TSC","","1556121","93971401","0 PAYLOAD A","1 39208U 13037A   13274.43086928  .00000355  00000-0  70027-4 0  9996","2 39208 098.0559 290.9644 0009866 130.1613 230.0456 14.68179099 10788"
"2.0","GENERATED VIA SPACE-TRACK.ORG API","2013-10-01T15:21:15","18 SPCS","PAYLOAD B","2013-037B","EARTH","TEME","UTC","SGP4","2013-10-01T11:27:51.444864","14.67245017","0.00060500","98.0557","290.9001","118.2410","241.9412","0","U","39209","999","1077","0.00005556600000","0.00000265","0.0000000000000","7048.018","98.143","674.147","665.619","PAYLOAD","LARGE","PRC","2013-07-19","TSC","","1556176","93972761","0 PAYLOAD B","1 39209U 13037B   13274.47767876  .00000265  00000-0  55566-4 0  9990","2 39209 098.0557 290.9001 0006050 118.2410 241.9412 14.67245017 10773"
"2.0","GENERATED VIA SPACE-TRACK.ORG API","2013-10-01T15:21:15","18 SPCS","PAYLOAD C","2013-037C","EARTH","TEME","UTC","SGP4","2013-10-01T11:36:27.171647","14.95014334","0.00341960","97.6965","291.0172","152.0848","208.2219","0","U","39210","999","1091","0.00008829800000","0.00000918","0.0000000000000","6960.469","96.320","606.136","558.532","PAYLOAD","LARGE","PRC","2013-07-19","TSC","","1556176","93972790","0 PAYLOAD C","1 39210U 13037C   13274.48364782  .00000918  00000-0  88298-4 0  9995","2 39210 097.6965 291.0172 0034196 152.0848 208.2219 14.95014334 10911"
"2.0","GENERATED VIA SPACE-TRACK.ORG API","2013-10-01T22:30:14","18 SPCS","PAYLOAD A","2013-037A","EARTH","TEME","UTC","SGP4","2013-10-01T18:31:09.060096","14.68178219","0.00099140","98.0556","291.3001","129.5262","230.6805","0","U","39208","999","1083","0.00004321600000","0.00000200","0.0000000000000","7045.031","98.080","673.880","659.911","PAYLOAD","LARGE","PRC","2013-07-19","TSC","","1556258","93973642","0 PAYLOAD A","1 39208U 13037A   13274.77163264  .00000200  00000-0  43216-4 0  9991","2 39208 098.0556 291.3001 0009914 129.5262 230.6805 14.68178219 10836"
"2.0","GENERATED VIA SPACE-TRACK.ORG API","2013-10-01T23:40:26","18 SPCS","PAYLOAD C","2013-037C","EARTH","TEME","UTC","SGP4","2013-10-01T19:38:21.323040","14.95014963","0.00342520","97.6965","291.3455","151.0595","209.2568","0","U","39210","999","1096","0.00009350400000","0.00000976","0.0000000000000","6960.467","96.320","606.173","558.491","PAYLOAD","LARGE","PRC","2013-07-19","TSC","","1556355","93975856","0 PAYLOAD C","1 39210U 13037C   13274.81830235  .00000976  00000-0  93504-4 0  9993","2 39210 097.6965 291.3455 0034252 151.0595 209.2568 14.95014963 10960"
"2.0","GENERATED VIA SPACE-TRACK.ORG API","2013-10-01T23:40:23","18 SPCS","PAYLOAD B","2013-037B","EARTH","TEME","UTC","SGP4","2013-10-01T19:38:52.112544","14.67244389","0.00060200","98.0553","291.2352","117.4054","242.7778","0","U","39209","999","1082","0.00002903300000","0.00000116","0.0000000000000","7048.020","98.143","674.128","665.642","PAYLOAD","LARGE","PRC","2013-07-19","TSC","","1556354","93975822","0 PAYLOAD B","1 39209U 13037B   13274.81865871  .00000116  00000-0  29033-4 0  9997","2 39209 098.0553 291.2352 0006020 117.4054 242.7778 14.67244389 10825"
"2.0","GENERATED VIA SPACE-TRACK.ORG API","2013-10-02T06:29:47","18 SPCS","PAYLOAD A","2013-037A","EARTH","TEME","UTC","SGP4","2013-10-02T02:41:50.967744","14.68178830","0.00098770","98.0558","291.6357","128.5203","231.6896","0","U","39208","999","1088","0.00005558700000","0.00000272","0.0000000000000","7045.029","98.080","673.852","659.936","PAYLOAD","LARGE","PRC","2013-07-19","TSC","","1556516","93976752","0 PAYLOAD A","1 39208U 13037A   13275.11239546  .00000272  00000-0  55587-4 0  9990","2 39208 098.0558 291.6357 0009877 128.5203 231.6896 14.68178830 10882"
"2.0","GENERATED VIA SPACE-TRACK.ORG API","2013-10-02T07:36:49","18 SPCS","PAYLOAD B","2013-037B","EARTH","TEME","UTC","SGP4","2013-10-02T03:49:52.648032","14.67245544","0.00059640","98.0552","291.5703","116.2470","243.9364","0","U","39209","999","1087","0.00005845300000","0.00000282","0.0000000000000","7048.016","98.143","674.085","665.678","PAYLOAD","LARGE","PRC","2013-07-19","TSC","","1556602","93978790","0 PAYLOAD B","1 39209U 13037B   13275.15963713  .00000282  00000-0  58453-4 0  9991","2 39209 098.0552 291.5703 0005964 116.2470 243.9364 14.67245544 10875"
"2.0","GENERATED VIA SPACE-TRACK.ORG API","2013-10-02T06:22:17","18 SPCS","PAYLOAD C","2013-037C","EARTH","TEME","UTC","SGP4","2013-10-02T05:16:38.127071","14.95015790","0.00342450","97.6966","291.7400","149.7197","210.6005","0","U","39210","999","1102","0.00009084800000","0.00000946","0.0000000000000","6960.465","96.320","606.166","558.494","PAYLOAD","LARGE","PRC","2013-07-19","TSC","","1556507","93976576","0 PAYLOAD C","1 39210U 13037C   13275.21988573  .00000946  00000-0  90848-4 0  9992","2 39210 097.6966 291.7400 0034245 149.7197 210.6005 14.95015790 11028"
"2.0","GENERATED VIA SPACE-TRACK.ORG API","2013-10-02T14:27:03","18 SPCS","PAYLOAD A","2013-037A","EARTH","TEME","UTC","SGP4","2013-10-02T10:52:32.858111","14.68177504","0.00099060","98.0559","291.9720","127.6580","232.5503","0","U","39208","999","1093","-0.00002317300000","-0.00000182","0.0000000000000","7045.033","98.080","673.877","659.919","PAYLOAD","LARGE","PRC","2013-07-19","TSC","","1556652","93979531","0 PAYLOAD A","1 39208U 13037A   13275.45315808 -.00000182  00000-0 -23173-4 0  9991","2 39208 098.0559 291.9720 0009906 127.6580 232.5503 14.68177504 10939"
"2.0","GENERATED VIA SPACE-TRACK.ORG API","2013-10-02T13:15:12","18 SPCS","PAYLOAD C","2013-037C","EARTH","TEME","UTC","SGP4","2013-10-02T11:42:09.385632","14.95015745","0.00343210","97.6961","292.0041","148.8982","211.4279","0","U","39210","999","1106","0.00007004600000","0.00000716","0.0000000000000","6960.465","96.320","606.219","558.441","PAYLOAD","LARGE","PRC","2013-07-19","TSC","","1556630","93979039","0 PAYLOAD C","1 39210U 13037C   13275.48760863  .00000716  00000-0  70046-4 0  9994","2 39210 097.6961 292.0041 0034321 148.8982 211.4279 14.95015745 11061"
"2.0","GENERATED VIA SPACE-TRACK.ORG API","2013-10-02T15:29:37","18 SPCS","PAYLOAD B","2013-037B","EARTH","TEME","UTC","SGP4","2013-10-02T12:00:53.196480","14.67246405","0.00060120","98.0547","291.9061","116.6814","243.5037","0","U","39209","999","1092","0.00006994500000","0.00000346","0.0000000000000","7048.013","98.143","674.116","665.641","PAYLOAD","LARGE","PRC","2013-07-19","TSC","","1556729","93981298","0 PAYLOAD B","1 39209U 13037B   13275.50061570  .00000346  00000-0  69945-4 0  9999","2 39209 098.0547 291.9061 0006012 116.6814 243.5037 14.67246405 10927"
"2.0","GENERATED VIA SPACE-TRACK.ORG API","2013-10-02T22:31:50","18 SPCS","PAYLOAD A","2013-037A","EARTH","TEME","UTC","SGP4","2013-10-02T19:03:14.853888","14.68178094","0.00100240","98.0552","292.3072","126.7755","233.4392","0","U","39208","999","1098","0.00004288200000","0.00000198","0.0000000000000","7045.031","98.080","673.958","659.834","PAYLOAD","LARGE","PRC","2013-07-19","TSC","","1556851","93982277","0 PAYLOAD A","1 39208U 13037A   13275.79392192  .00000198  00000-0  42882-4 0  9992","2 39208 098.0552 292.3072 0010024 126.7755 233.4392 14.68178094 10980"
"2.0","GENERATED VIA SPACE-TRACK.ORG API","2013-10-03T00:01:01","18 SPCS","PAYLOAD C","2013-037C","EARTH","TEME","UTC","SGP4","2013-10-02T19:44:03.545663","14.95014177","0.00344040","97.6956","292.3322","147.9941","212.3382","0","U","39210","999","1111","0.00003631800000","0.00000343","0.0000000000000","6960.470","96.320","606.281","558.388","PAYLOAD","LARGE","PRC","2013-07-19","TSC","","1556986","93984854","0 PAYLOAD C","1 39210U 13037C   13275.82226326  .00000343  00000-0  36318-4 0  9993","2 39210 097.6956 292.3322 0034404 147.9941 212.3382 14.95014177 11116"
"2.0","GENERATED VIA SPACE-TRACK.ORG API","2013-10-02T23:59:15","18 SPCS","PAYLOAD B","2013-037B","EARTH","TEME","UTC","SGP4","2013-10-02T20:11:53.745791","14.67246533","0.00060190","98.0549","292.2416","116.4767","243.7050","0","U","39209","999","1097","0.00010047000000","0.00000518","0.0000000000000","7048.013","98.143","674.120","665.636","PAYLOAD","LARGE","PRC","2013-07-19","TSC","","1556985","93984840","0 PAYLOAD B","1 39209U 13037B   13275.84159428  .00000518  00000-0  10047-3 0  9995","2 39209 098.0549 292.2416 0006019 116.4767 243.7050 14.67246533 10973"
"2.0","GENERATED VIA SPACE-TRACK.ORG API","2013-10-03T06:32:59","18 SPCS","PAYLOAD A","2013-037A","EARTH","TEME","UTC","SGP4","2013-10-03T03:13:56.701919","14.68179693","0.00099700","98.0547","292.6428","125.8367","234.3793","0","U","39208","999","1103","0.00011612000000","0.00000620","0.0000000000000","7045.026","98.080","673.915","659.867","PAYLOAD","LARGE","PRC","2013-07-19","TSC","","1557071","93985688","0 PAYLOAD A","1 39208U 13037A   13276.13468405  .00000620  00000-0  11612-3 0  9998","2 39208 098.0547 292.6428 0009970 125.8367 234.3793 14.68179693 11037"
"2.0","GENERATED VIA SPACE-TRACK.ORG API","2013-10-03T07:45:46","18 SPCS","PAYLOAD C","2013-037C","EARTH","TEME","UTC","SGP4","2013-10-03T03:45:57.562271","14.95014657","0.00344320","97.6956","292.6608","146.9797","213.3579","0","U","39210","999","1116","0.00002430100000","0.00000210","0.0000000000000","6960.468","96.320","606.299","558.367","PAYLOAD","LARGE","PRC","2013-07-19","TSC","","1557155","93987687","0 PAYLOAD C","1 39210U 13037C   13276.15691623  .00000210  00000-0  24301-4 0  9998","2 39210 097.6956 292.6608 0034432 146.9797 213.3579 14.95014657 11162"
"2.0","GENERATED VIA SPACE-TRACK.ORG API","2013-10-03T07:45:29","18 SPCS","PAYLOAD B","2013-037B","EARTH","TEME","UTC","SGP4","2013-10-03T04:22:54.301151","14.67246339","0.00060240","98.0546","292.5770","115.5928","244.5889","0","U","39209","999","1102","0.00004621600000","0.00000213","0.0000000000000","7048.014","98.143","674.124","665.633","PAYLOAD","LARGE","PRC","2013-07-19","TSC","","1557154","93987660","0 PAYLOAD B","1 39209U 13037B   13276.18257293  .00000213  00000-0  46216-4 0  9992","2 39209 098.0546 292.5770 0006024 115.5928 244.5889 14.67246339 11021"
"2.0","GENERATED VIA SPACE-TRACK.ORG API","2013-10-03T11:14:54","18 SPCS","PAYLOAD A","2013-037A","EARTH","TEME","UTC","SGP4","2013-10-03T06:30:13.408128","14.68180016","0.00099640","98.0547","292.7770","125.4825","234.7314","0","U","39208","999","1105","0.00012803000000","0.00000689","0.0000000000000","7045.025","98.080","673.910","659.871","PAYLOAD","LARGE","PRC","2013-07-19","TSC","","1557174","93988037","0 PAYLOAD A","1 39208U 13037A   13276.27098852  .00000689  00000-0  12803-3 0  9996","2 39208 098.0547 292.7770 0009964 125.4825 234.7314 14.68180016 11052"
"2.0","GENERATED VIA SPACE-TRACK.ORG API","2013-10-03T11:39:13","18 SPCS","PAYLOAD B","2013-037B","EARTH","TEME","UTC","SGP4","2013-10-03T07:39:18.549215","14.67246386","0.00060250","98.0545","292.7110","115.1659","245.0173","0","U","39209","999","1104","0.00004173100000","0.00000187","0.0000000000000","7048.013","98.143","674.125","665.632","PAYLOAD","LARGE","PRC","2013-07-19","TSC","","1557202","93988721","0 PAYLOAD B","1 39209U 13037B   13276.31896469  .00000187  00000-0  41731-4 0  9998","2 39209 098.0545 292.7110 0006025 115.1659 245.0173 14.67246386 11044"
"2.0","GENERATED VIA SPACE-TRACK.ORG API","2013-10-03T11:40:38","18 SPCS","PAYLOAD C","2013-037C","EARTH","TEME","UTC","SGP4","2013-10-03T08:35:06.017855","14.95014245","0.00344060","97.6957","292.8580","146.3059","214.0348","0","U","39210","999","1119","0.00000751140000","0.00000025","0.0000000000000","6960.469","96.320","606.283","558.386","PAYLOAD","LARGE","PRC","2013-07-19","TSC","","1557203","93988735","0 PAYLOAD C","1 39210U 13037C   13276.35770854  .00000025  00000-0  75114-5 0  9997","2 39210 097.6957 292.8580 0034406 146.3059 214.0348 14.95014245 11198"
"2.0","GENERATED VIA SPACE-TRACK.ORG API","2013-10-03T16:41:06","18 SPCS","PAYLOAD C","2013-037C","EARTH","TEME","UTC","SGP4","2013-10-03T15:00:38.136959","14.95013642","0.00344400","97.6972","293.1202","145.4208","214.9767","0","U","39210","999","655","0.00000000000000","-0.00000041","0.0000000000000","6960.471","96.320","606.308","558.364","PAYLOAD","LARGE","PRC","2013-07-19","TSC","","1557313","93989767","0 PAYLOAD C","1 39210U 13037C   13276.62544140 -.00000041  00000-0  00000+0 0  9999","2 39210 097.6972 293.1202 0034440 145.4208 214.9767 14.95013642  6552"
"2.0","GENERATED VIA SPACE-TRACK.ORG API","2013-10-03T17:30:19","18 SPCS","PAYLOAD C","2013-037C","EARTH","TEME","UTC","SGP4","2013-10-03T15:00:38.136959","14.95013642","0.00344400","97.6972","293.1202","145.4208","214.9767","0","U","39210","999","655","0.00000000000000","-0.00000041","0.0000000000000","6960.471","96.320","606.308","558.364","PAYLOAD","LARGE","PRC","2013-07-19","TSC","","1557323","93989841","0 PAYLOAD C","1 39210U 13037C   13276.62544140 -.00000041  00000-0  00000+0 0  9999","2 39210 097.6972 293.1202 0034440 145.4208 214.9767 14.95013642  6552"
"2.0","GENERATED VIA SPACE-TRACK.ORG API","2013-10-03T22:42:57","18 SPCS","PAYLOAD A","2013-037A","EARTH","TEME","UTC","SGP4","2013-10-03T19:35:20.426496","14.68179935","0.00099870","98.0549","293.3136","124.1137","236.1011","0","U","39208","999","1113","0.00010586000000","0.00000561","0.0000000000000","7045.025","98.080","673.926","659.855","PAYLOAD","LARGE","PRC","2013-07-19","TSC","","1557472","93991286","0 PAYLOAD A","1 39208U 13037A   13276.81620864  .00000561  00000-0  10586-3 0  9995","2 39208 098.0549 293.3136 0009987 124.1137 236.1011 14.68179935 11131"
"2.0","GENERATED VIA SPACE-TRACK.ORG API","2013-10-04T00:32:58","18 SPCS","PAYLOAD B","2013-037B","EARTH","TEME","UTC","SGP4","2013-10-03T20:44:55.459391","14.67246579","0.00059210","98.0542","293.2468","113.2125","246.9686","0","U","39209","999","1112","0.00006014900000","0.00000291","0.0000000000000","7048.013","98.143","674.051","665.705","PAYLOAD","LARGE","PRC","2013-07-19","TSC","","1557626","93994686","0 PAYLOAD B","1 39209U 13037B   13276.86453078  .00000291  00000-0  60149-4 0  9993","2 39209 098.0542 293.2468 0005921 113.2125 246.9686 14.67246579 11126"
"2.0","GENERATED VIA SPACE-TRACK.ORG API","2013-10-04T06:40:28","18 SPCS","PAYLOAD A","2013-037A","EARTH","TEME","UTC","SGP4","2013-10-04T02:07:53.845824","14.68181245","0.00099960","98.0544","293.5821","123.1619","237.0538","0","U","39208","999","1117","0.00012437000000","0.00000668","0.0000000000000","7045.021","98.080","673.928","659.844","PAYLOAD","LARGE","PRC","2013-07-19","TSC","","1557751","93995870","0 PAYLOAD A","1 39208U 13037A   13277.08881766  .00000668  00000-0  12437-3 0  9990","2 39208 098.0544 293.5821 0009996 123.1619 237.0538 14.68181245 11178"
"2.0","GENERATED VIA SPACE-TRACK.ORG API","2013-10-04T07:51:46","18 SPCS","PAYLOAD B","2013-037B","EARTH","TEME","UTC","SGP4","2013-10-04T03:17:43.895903","14.67246932","0.00058880","98.0538","293.5151","112.3413","247.8413","0","U","39209","999","1116","0.00003584700000","0.00000154","0.0000000000000","7048.012","98.142","674.027","665.727","PAYLOAD","LARGE","PRC","2013-07-19","TSC","","1557832","93997833","0 PAYLOAD B","1 39209U 13037B   13277.13731361  .00000154  00000-0  35847-4 0  9993","2 39209 098.0538 293.5151 0005888 112.3413 247.8413 14.67246932 11160"
"2.0","GENERATED VIA SPACE-TRACK.ORG API","2013-10-04T07:55:03","18 SPCS","PAYLOAD C","2013-037C","EARTH","TEME","UTC","SGP4","2013-10-04T03:51:39.821184","14.95014035","0.00344390","97.6953","293.6467","143.9540","216.4009","0","U","39210","999","1131","0.00000192080000","-0.00000037","0.0000000000000","6960.470","96.320","606.306","558.364","PAYLOAD","LARGE","PRC","2013-07-19","TSC","","1557834","93997883","0 PAYLOAD C","1 39210U 13037C   13277.16087756 -.00000037  00000-0  19208-5 0  9995","2 39210 097.6953 293.6467 0034439 143.9540 216.4009 14.95014035 11312"
"2.0","GENERATED VIA SPACE-TRACK.ORG API","2013-10-04T14:29:46","18 SPCS","PAYLOAD A","2013-037A","EARTH","TEME","UTC","SGP4","2013-10-04T10:18:35.724095","14.68180852","0.00099890","98.0543","293.9176","122.1393","238.0785","0","U","39208","999","1122","0.00007063000000","0.00000358","0.0000000000000","7045.022","98.080","673.925","659.850","PAYLOAD","LARGE","PRC","2013-07-19","TSC","","1557881","93998673","0 PAYLOAD A","1 39208U 13037A   13277.42958014  .00000358  00000-0  70630-4 0  9995","2 39208 098.0543 293.9176 0009989 122.1393 238.0785 14.68180852 11228"
"2.0","GENERATED VIA SPACE-TRACK.ORG API","2013-10-04T15:40:41","18 SPCS","PAYLOAD B","2013-037B","EARTH","TEME","UTC","SGP4","2013-10-04T11:28:44.467680","14.67246629","0.00058740","98.0535","293.8501","111.5152","248.6682","0","U","39209","999","1121","-0.00000492090000","-0.00000076","0.0000000000000","7048.013","98.143","674.018","665.738","PAYLOAD","LARGE","PRC","2013-07-19","TSC","","1557977","94000651","0 PAYLOAD B","1 39209U 13037B   13277.47829245 -.00000076  00000-0 -49209-5 0  9992","2 39209 098.0535 293.8501 0005874 111.5152 248.6682 14.67246629 11211"
"2.0","GENERATED VIA SPACE-TRACK.ORG API","2013-10-04T15:42:12","18 SPCS","PAYLOAD C","2013-037C","EARTH","TEME","UTC","SGP4","2013-10-04T11:53:33.923327","14.95013129","0.00343910","97.6956","293.9754","142.8322","217.5281","0","U","39210","999","1136","-0.00002952400000","-0.00000385","0.0000000000000","6960.473","96.320","606.276","558.400","PAYLOAD","LARGE","PRC","2013-07-19","TSC","","1557979","94000688","0 PAYLOAD C","1 39210U 13037C   13277.49553152 -.00000385  00000-0 -29524-4 0  9997","2 39210 097.6956 293.9754 0034391 142.8322 217.5281 14.95013129 11362"
"2.0","GENERATED VIA SPACE-TRACK.ORG API","2013-10-04T14:30:32","18 SPCS","PAYLOAD C","2013-037C","EARTH","TEME","UTC","SGP4","2013-10-04T13:29:56.757408","14.95013817","0.00343930","97.6960","294.0412","142.6125","217.7508","0","U","39210","999","1137","-0.00000541720000","-0.00000118","0.0000000000000","6960.471","96.320","606.275","558.397","PAYLOAD","LARGE","PRC","2013-07-19","TSC","","1557883","93998699","0 PAYLOAD C","1 39210U 13037C   13277.56246247 -.00000118  00000-0 -54172-5 0  9991","2 39210 097.6960 294.0412 0034393 142.6125 217.7508 14.95013817 11370"
"2.0","GENERATED VIA SPACE-TRACK.ORG API","2013-10-04T22:29:37","18 SPCS","PAYLOAD A","2013-037A","EARTH","TEME","UTC","SGP4","2013-10-04T18:29:17.607551","14.68179990","0.00099190","98.0544","294.2532","121.1900","239.0261","0","U","39208","999","1127","0.00004580800000","0.00000215","0.0000000000000","7045.025","98.080","673.878","659.902","PAYLOAD","LARGE","PRC","2013-07-19","TSC","","1558086","94001732","0 PAYLOAD A","1 39208U 13037A   13277.77034268  .00000215  00000-0  45808-4 0  9990","2 39208 098.0544 294.2532 0009919 121.1900 239.0261 14.68179990 11271"
"2.0","GENERATED VIA SPACE-TRACK.ORG API","2013-10-04T23:33:26","18 SPCS","PAYLOAD B","2013-037B","EARTH","TEME","UTC","SGP4","2013-10-04T19:39:45.124127","14.67247021","0.00058950","98.0539","294.1853","110.7545","249.4326","0","U","39209","999","1126","0.00006722900000","0.00000331","0.0000000000000","7048.011","98.142","674.031","665.722","PAYLOAD","LARGE","PRC","2013-07-19","TSC","","1558146","94003002","0 PAYLOAD B","1 39209U 13037B   13277.81927227  .00000331  00000-0  67229-4 0  9992","2 39209 098.0539 294.1853 0005895 110.7545 249.4326 14.67247021 11265"
"2.0","GENERATED VIA SPACE-TRACK.ORG API","2013-10-04T23:34:44","18 SPCS","PAYLOAD C","2013-037C","EARTH","TEME","UTC","SGP4","2013-10-04T19:55:28.015967","14.95014513","0.00342950","97.6961","294.3045","141.7397","218.6277","0","U","39210","999","1141","0.00002430500000","0.00000210","0.0000000000000","6960.469","96.320","606.205","558.463","PAYLOAD","LARGE","PRC","2013-07-19","TSC","","1558149","94003041","0 PAYLOAD C","1 39210U 13037C   13277.83018537  .00000210  00000-0  24305-4 0  9995","2 39210 097.6961 294.3045 0034295 141.7397 218.6277 14.95014513 11410"
"2.0","GENERATED VIA SPACE-TRACK.ORG API","2013-10-05T03:25:31","18 SPCS","PAYLOAD B","2013-037B","EARTH","TEME","UTC","SGP4","2013-10-05T02:12:33.441408","14.67248621","0.00058620","98.0535","294.4537","109.9531","250.2311","0","U","39209","999","1130","0.00011881000000","0.00000622","0.0000000000000","7048.006","98.142","674.003","665.740","PAYLOAD","LARGE","PRC","2013-07-19","TSC","","1558242","94003873","0 PAYLOAD B","1 39209U 13037B   13278.09205372  .00000622  00000-0  11881-3 0  9998","2 39209 098.0535 294.4537 0005862 109.9531 250.2311 14.67248621 11308"
"2.0","GENERATED VIA SPACE-TRACK.ORG API","2013-10-05T03:21:37","18 SPCS","PAYLOAD A","2013-037A","EARTH","TEME","UTC","SGP4","2013-10-05T02:39:59.495327","14.68180261","0.00099070","98.0545","294.5885","120.1580","240.0613","0","U","39208","999","1132","0.00003935800000","0.00000178","0.0000000000000","7045.024","98.080","673.869","659.910","PAYLOAD","LARGE","PRC","2013-07-19","TSC","","1558241","94003872","0 PAYLOAD A","1 39208U 13037A   13278.11110527  .00000178  00000-0  39358-4 0  9993","2 39208 098.0545 294.5885 0009907 120.1580 240.0613 14.68180261 11328"
"2.0","GENERATED VIA SPACE-TRACK.ORG API","2013-10-05T14:28:25","18 SPCS","PAYLOAD A","2013-037A","EARTH","TEME","UTC","SGP4","2013-10-05T09:12:33.015744","14.68181078","0.00099260","98.0548","294.8565","119.1147","241.1085","0","U","39208","999","1136","0.00007339400000","0.00000374","0.0000000000000","7045.022","98.080","673.880","659.894","PAYLOAD","LARGE","PRC","2013-07-19","TSC","","1558388","94006377","0 PAYLOAD A","1 39208U 13037A   13278.38371546  .00000374  00000-0  73394-4 0  9998","2 39208 098.0548 294.8565 0009926 119.1147 241.1085 14.68181078 11363"
"2.0","GENERATED VIA SPACE-TRACK.ORG API","2013-10-05T11:14:05","18 SPCS","PAYLOAD C","2013-037C","EARTH","TEME","UTC","SGP4","2013-10-05T10:22:53.371487","14.95014743","0.00342900","97.6962","294.8949","139.4896","220.8888","0","U","39210","999","1150","0.00001677300000","0.00000127","0.0000000000000","6960.468","96.320","606.200","558.465","PAYLOAD","LARGE","PRC","2013-07-19","TSC","","1558354","94005810","0 PAYLOAD C","1 39210U 13037C   13278.43256217  .00000127  00000-0  16773-4 0  9998","2 39210 097.6962 294.8949 0034290 139.4896 220.8888 14.95014743 11500"
"2.0","GENERATED VIA SPACE-TRACK.ORG API","2013-10-05T22:26:41","18 SPCS","PAYLOAD A","2013-037A","EARTH","TEME","UTC","SGP4","2013-10-05T17:23:14.814527","14.68180684","0.00099320","98.0545","295.1918","118.2073","242.0110","0","U","39208","999","1141","0.00005494000000","0.00000268","0.0000000000000","7045.023","98.080","673.885","659.891","PAYLOAD","LARGE","PRC","2013-07-19","TSC","","1558528","94008460","0 PAYLOAD A","1 39208U 13037A   13278.72447702  .00000268  00000-0  54940-4 0  9992","2 39208 098.0545 295.1918 0009932 118.2073 242.0110 14.68180684 11418"
"2.0","GENERATED VIA SPACE-TRACK.ORG API","2013-10-06T00:54:13","18 SPCS","PAYLOAD C","2013-037C","EARTH","TEME","UTC","SGP4","2013-10-05T23:13:55.937856","14.95013762","0.00343470","97.6956","295.4201","137.8400","222.5473","0","U","39210","999","1158","-0.00000197040000","-0.00000080","0.0000000000000","6960.471","96.320","606.243","558.429","PAYLOAD","LARGE","PRC","2013-07-19","TSC","","1558614","94009511","0 PAYLOAD C","1 39210U 13037C   13278.96800854 -.00000080  00000-0 -19704-5 0  9996","2 39210 097.6956 295.4201 0034347 137.8400 222.5473 14.95013762 11584"
"2.0","GENERATED VIA SPACE-TRACK.ORG API","2013-10-06T06:26:53","18 SPCS","PAYLOAD A","2013-037A","EARTH","TEME","UTC","SGP4","2013-10-06T01:33:56.699712","14.68180965","0.00099320","98.0547","295.5274","117.3171","242.9048","0","U","39208","999","1146","0.00005685200000","0.00000279","0.0000000000000","7045.022","98.080","673.884","659.890","PAYLOAD","LARGE","PRC","2013-07-19","TSC","","1558716","94010046","0 PAYLOAD A","1 39208U 13037A   13279.06523958  .00000279  00000-0  56852-4 0  9994","2 39208 098.0547 295.5274 0009932 117.3171 242.9048 14.68180965 11464"
"2.0","GENERATED VIA SPACE-TRACK.ORG API","2013-10-06T04:04:18","18 SPCS","PAYLOAD C","2013-037C","EARTH","TEME","UTC","SGP4","2013-10-06T02:26:41.571455","14.95013612","0.00343380","97.6955","295.5514","137.4033","222.9857","0","U","39210","999","1160","-0.00000484040000","-0.00000112","0.0000000000000","6960.471","96.320","606.237","558.436","PAYLOAD","LARGE","PRC","2013-07-19","TSC","","1558650","94009542","0 PAYLOAD C","1 39210U 13037C   13279.10187004 -.00000112  00000-0 -48404-5 0  9993","2 39210 097.6955 295.5514 0034338 137.4033 222.9857 14.95013612 11606"
"2.0","GENERATED VIA SPACE-TRACK.ORG API","2013-10-06T06:47:13","18 SPCS","PAYLOAD C","2013-037C","EARTH","TEME","UTC","SGP4","2013-10-06T05:39:27.211968","14.95013631","0.00343240","97.6955","295.6828","136.9736","223.4180","0","U","39210","999","1162","-0.00000415640000","-0.00000104","0.0000000000000","6960.471","96.320","606.228","558.445","PAYLOAD","LARGE","PRC","2013-07-19","TSC","","1558747","94010773","0 PAYLOAD C","1 39210U 13037C   13279.23573162 -.00000104  00000-0 -41564-5 0  9992","2 39210 097.6955 295.6828 0034324 136.9736 223.4180 14.95013631 11622"
"2.0","GENERATED VIA SPACE-TRACK.ORG API","2013-10-06T14:18:23","18 SPCS","PAYLOAD A","2013-037A","EARTH","TEME","UTC","SGP4","2013-10-06T09:44:38.556384","14.68180770","0.00099210","98.0546","295.8629","116.0059","244.2158","0","U","39208","999","1151","0.00004306400000","0.00000200","0.0000000000000","7045.023","98.080","673.877","659.898","PAYLOAD","LARGE","PRC","2013-07-19","TSC","","1558796","94011782","0 PAYLOAD A","1 39208U 13037A   13279.40600181  .00000200  00000-0  43064-4 0  9991","2 39208 098.0546 295.8629 0009921 116.0059 244.2158 14.68180770 11516"
"2.0","GENERATED VIA SPACE-TRACK.ORG API","2013-10-06T22:34:09","18 SPCS","PAYLOAD A","2013-037A","EARTH","TEME","UTC","SGP4","2013-10-06T17:55:20.437248","14.68179984","0.00099540","98.0542","296.1981","114.8485","245.3724","0","U","39208","999","1156","0.00001179900000","0.00000020","0.0000000000000","7045.025","98.080","673.903","659.878","PAYLOAD","LARGE","PRC","2013-07-19","TSC","","1558953","94013367","0 PAYLOAD A","1 39208U 13037A   13279.74676432  .00000020  00000-0  11799-4 0  9990","2 39208 098.0542 296.1981 0009954 114.8485 245.3724 14.68179984 11563"
"2.0","GENERATED VIA SPACE-TRACK.ORG API","2013-10-06T20:30:38","18 SPCS","PAYLOAD C","2013-037C","EARTH","TEME","UTC","SGP4","2013-10-06T20:06:52.566624","14.95012872","0.00344150","97.6952","296.2739","135.0730","225.3252","0","U","39210","999","1171","-0.00001283000000","-0.00000200","0.0000000000000","6960.474","96.320","606.293","558.384","PAYLOAD","LARGE","PRC","2013-07-19","TSC","","1558895","94012626","0 PAYLOAD C","1 39210U 13037C   13279.83810841 -.00000200  00000-0 -12830-4 0  9996","2 39210 097.6952 296.2739 0034415 135.0730 225.3252 14.95012872 11719"
"2.0","GENERATED VIA SPACE-TRACK.ORG API","2013-10-06T22:25:16","18 SPCS","PAYLOAD C","2013-037C","EARTH","TEME","UTC","SGP4","2013-10-06T21:43:15.440448","14.95012632","0.00344410","97.6949","296.3393","134.8923","225.5102","0","U","39210","999","1172","-0.00001788200000","-0.00000256","0.0000000000000","6960.474","96.320","606.312","558.367","PAYLOAD","LARGE","PRC","2013-07-19","TSC","","1558940","94013087","0 PAYLOAD C","1 39210U 13037C   13279.90503982 -.00000256  00000-0 -17882-4 0  9992","2 39210 097.6949 296.3393 0034441 134.8923 225.5102 14.95012632 11723"
"2.0","GENERATED VIA SPACE-TRACK.ORG API","2013-10-06T23:52:13","18 SPCS","PAYLOAD C","2013-037C","EARTH","TEME","UTC","SGP4","2013-10-06T23:19:38.263295","14.95013258","0.00344410","97.6949","296.4049","134.6689","225.7381","0","U","39210","999","1173","-0.00000732380000","-0.00000139","0.0000000000000","6960.473","96.320","606.310","558.365","PAYLOAD","LARGE","PRC","2013-07-19","TSC","","1559068","94015305","0 PAYLOAD C","1 39210U 13037C   13279.97197064 -.00000139  00000-0 -73238-5 0  9997","2 39210 097.6949 296.4049 0034441 134.6689 225.7381 14.95013258 11736"
"2.0","GENERATED VIA SPACE-TRACK.ORG API","2013-10-07T01:28:15","18 SPCS","PAYLOAD C","2013-037C","EARTH","TEME","UTC","SGP4","2013-10-07T00:56:01.026527","14.95013565","0.00344410","97.6949","296.4706","134.4456","225.9601","0","U","39210","999","1174","-0.00000099349000","-0.00000069","0.0000000000000","6960.472","96.320","606.309","558.364","PAYLOAD","LARGE","PRC","2013-07-19","TSC","","1559116","94015353","0 PAYLOAD C","1 39210U 13037C   13280.03890077 -.00000069  00000-0 -99349-6 0  9994","2 39210 097.6949 296.4706 0034441 134.4456 225.9601 14.95013565 11745"
"2.0","GENERATED VIA SPACE-TRACK.ORG API","2013-10-07T06:32:18","18 SPCS","PAYLOAD A","2013-037A","EARTH","TEME","UTC","SGP4","2013-10-07T02:06:02.332800","14.68180736","0.00099280","98.0541","296.5335","113.9555","246.2711","0","U","39208","999","1161","0.00003418100000","0.00000148","0.0000000000000","7045.023","98.080","673.882","659.894","PAYLOAD","LARGE","PRC","2013-07-19","TSC","","1559200","94016024","0 PAYLOAD A","1 39208U 13037A   13280.08752700  .00000148  00000-0  34181-4 0  9993","2 39208 098.0541 296.5335 0009928 113.9555 246.2711 14.68180736 11617"
"2.0","GENERATED VIA SPACE-TRACK.ORG API","2013-10-07T06:11:57","18 SPCS","PAYLOAD C","2013-037C","EARTH","TEME","UTC","SGP4","2013-10-07T05:45:09.464832","14.95013384","0.00343640","97.6951","296.6682","133.8323","226.5742","0","U","39210","999","1177","-0.00000473730000","-0.00000111","0.0000000000000","6960.472","96.320","606.256","558.418","PAYLOAD","LARGE","PRC","2013-07-19","TSC","","1559173","94015410","0 PAYLOAD C","1 39210U 13037C   13280.23969288 -.00000111  00000-0 -47373-5 0  9994","2 39210 097.6951 296.6682 0034364 133.8323 226.5742 14.95013384 11778"
"2.0","GENERATED VIA SPACE-TRACK.ORG API","2013-10-07T14:36:24","18 SPCS","PAYLOAD A","2013-037A","EARTH","TEME","UTC","SGP4","2013-10-07T10:16:44.129855","14.68181182","0.00099570","98.0542","296.8691","112.9143","247.3121","0","U","39208","999","1166","0.00004069200000","0.00000186","0.0000000000000","7045.021","98.080","673.901","659.872","PAYLOAD","LARGE","PRC","2013-07-19","TSC","","1559321","94018142","0 PAYLOAD A","1 39208U 13037A   13280.42828854  .00000186  00000-0  40692-4 0  9991","2 39208 098.0542 296.8691 0009957 112.9143 247.3121 14.68181182 11668"
"2.0","GENERATED VIA SPACE-TRACK.ORG API","2013-10-07T22:26:09","18 SPCS","PAYLOAD A","2013-037A","EARTH","TEME","UTC","SGP4","2013-10-07T18:27:25.964928","14.68180789","0.00099900","98.0541","297.2044","111.9964","248.2287","0","U","39208","999","1171","0.00002252900000","0.00000081","0.0000000000000","7045.023","98.080","673.926","659.850","PAYLOAD","LARGE","PRC","2013-07-19","TSC","","1559556","94020060","0 PAYLOAD A","1 39208U 13037A   13280.76905052  .00000081  00000-0  22529-4 0  9997","2 39208 098.0541 297.2044 0009990 111.9964 248.2287 14.68180789 11712"
"2.0","GENERATED VIA SPACE-TRACK.ORG API","2013-10-08T06:26:39","18 SPCS","PAYLOAD A","2013-037A","EARTH","TEME","UTC","SGP4","2013-10-08T02:38:07.774943","14.68182064","0.00099650","98.0543","297.5399","111.0179","249.2104","0","U","39208","999","1176","0.00006120000000","0.00000304","0.0000000000000","7045.019","98.080","673.904","659.863","PAYLOAD","LARGE","PRC","2013-07-19","TSC","","1559867","94021981","0 PAYLOAD A","1 39208U 13037A   13281.10981221  .00000304  00000-0  61200-4 0  9995","2 39208 098.0543 297.5399 0009965 111.0179 249.2104 14.68182064 11763"
"2.0","GENERATED VIA SPACE-TRACK.ORG API","2013-10-08T14:28:37","18 SPCS","PAYLOAD A","2013-037A","EARTH","TEME","UTC","SGP4","2013-10-08T09:10:41.214143","14.68182260","0.00099650","98.0545","297.8083","110.1961","250.0320","0","U","39208","999","1180","0.00006114500000","0.00000304","0.0000000000000","7045.018","98.080","673.903","659.863","PAYLOAD","LARGE","PRC","2013-07-19","TSC","","1559960","94023931","0 PAYLOAD A","1 39208U 13037A   13281.38242146  .00000304  00000-0  61145-4 0  9999","2 39208 098.0545 297.8083 0009965 110.1961 250.0320 14.68182260 11800"
"2.0","GENERATED VIA SPACE-TRACK.ORG API","2013-10-08T22:22:38","18 SPCS","PAYLOAD A","2013-037A","EARTH","TEME","UTC","SGP4","2013-10-08T17:21:23.032799","14.68181752","0.00099990","98.0546","298.1438","109.3396","250.8860","0","U","39208","999","1185","0.00004124900000","0.00000189","0.0000000000000","7045.020","98.080","673.929","659.840","PAYLOAD","LARGE","PRC","2013-07-19","TSC","","1560145","94025888","0 PAYLOAD A","1 39208U 13037A   13281.72318325  .00000189  00000-0  41249-4 0  9994","2 39208 098.0546 298.1438 0009999 109.3396 250.8860 14.68181752 11855"
"2.0","GENERATED VIA SPACE-TRACK.ORG API","2013-10-09T00:43:54","18 SPCS","PAYLOAD B","2013-037B","EARTH","TEME","UTC","SGP4","2013-10-08T18:35:27.114431","14.67249977","0.00059570","98.0538","298.0727","99.4507","260.7352","0","U","39209","999","1184","0.00005819800000","0.00000280","0.0000000000000","7048.002","98.142","674.065","665.668","PAYLOAD","LARGE","PRC","2013-07-19","TSC","","1560371","94030034","0 PAYLOAD B","1 39209U 13037B   13281.77461938  .00000280  00000-0  58198-4 0  9992","2 39209 098.0538 298.0727 0005957 099.4507 260.7352 14.67249977 11848"
"2.0","GENERATED VIA SPACE-TRACK.ORG API","2013-10-09T00:50:29","18 SPCS","PAYLOAD C","2013-037C","EARTH","TEME","UTC","SGP4","2013-10-08T20:18:16.993728","14.95014239","0.00345080","97.6939","298.2435","128.7724","231.6595","0","U","39210","999","1201","0.00001191400000","0.00000073","0.0000000000000","6960.470","96.320","606.354","558.315","PAYLOAD","LARGE","PRC","2013-07-19","TSC","","1560380","94030231","0 PAYLOAD C","1 39210U 13037C   13281.84603002  .00000073  00000-0  11914-4 0  9997","2 39210 097.6939 298.2435 0034508 128.7724 231.6595 14.95014239 12017"
"2.0","GENERATED VIA SPACE-TRACK.ORG API","2013-10-09T06:26:25","18 SPCS","PAYLOAD A","2013-037A","EARTH","TEME","UTC","SGP4","2013-10-09T01:32:04.873055","14.68182582","0.00100030","98.0544","298.4796","108.3420","251.8879","0","U","39208","999","1190","0.00006339800000","0.00000317","0.0000000000000","7045.017","98.080","673.929","659.835","PAYLOAD","LARGE","PRC","2013-07-19","TSC","","1560519","94031681","0 PAYLOAD A","1 39208U 13037A   13282.06394529  .00000317  00000-0  63398-4 0  9994","2 39208 098.0544 298.4796 0010003 108.3420 251.8879 14.68182582 11907"
"2.0","GENERATED VIA SPACE-TRACK.ORG API","2013-10-09T07:23:23","18 SPCS","PAYLOAD B","2013-037B","EARTH","TEME","UTC","SGP4","2013-10-09T02:46:27.654239","14.67249852","0.00059890","98.0538","298.4081","99.1254","261.0628","0","U","39209","999","1189","0.00004667700000","0.00000215","0.0000000000000","7048.002","98.142","674.088","665.646","PAYLOAD","LARGE","PRC","2013-07-19","TSC","","1560586","94033249","0 PAYLOAD B","1 39209U 13037B   13282.11559785  .00000215  00000-0  46677-4 0  9996","2 39209 098.0538 298.4081 0005989 099.1254 261.0628 14.67249852 11893"
"2.0","GENERATED VIA SPACE-TRACK.ORG API","2013-10-09T07:23:23","18 SPCS","PAYLOAD C","2013-037C","EARTH","TEME","UTC","SGP4","2013-10-09T04:20:11.012928","14.95015113","0.00345150","97.6938","298.5715","127.6562","232.7808","0","U","39210","999","1206","0.00002512800000","0.00000220","0.0000000000000","6960.467","96.320","606.356","558.308","PAYLOAD","LARGE","PRC","2013-07-19","TSC","","1560586","94033262","0 PAYLOAD C","1 39210U 13037C   13282.18068302  .00000220  00000-0  25128-4 0  9999","2 39210 097.6938 298.5715 0034515 127.6562 232.7808 14.95015113 12062"
"2.0","GENERATED VIA SPACE-TRACK.ORG API","2013-10-09T15:43:43","18 SPCS","PAYLOAD B","2013-037B","EARTH","TEME","UTC","SGP4","2013-10-09T09:19:16.070879","14.67250042","0.00059970","98.0539","298.6763","98.3139","261.8754","0","U","39209","999","1193","0.00004909000000","0.00000229","0.0000000000000","7048.002","98.142","674.093","665.640","PAYLOAD","LARGE","PRC","2013-07-19","TSC","","1560751","94036057","0 PAYLOAD B","1 39209U 13037B   13282.38838045  .00000229  00000-0  49090-4 0  9991","2 39209 098.0539 298.6763 0005997 098.3139 261.8754 14.67250042 11931"
"2.0","GENERATED VIA SPACE-TRACK.ORG API","2013-10-09T14:29:57","18 SPCS","PAYLOAD A","2013-037A","EARTH","TEME","UTC","SGP4","2013-10-09T09:42:46.691711","14.68182550","0.00100260","98.0543","298.8151","107.3409","252.8893","0","U","39208","999","1195","0.00005445600000","0.00000265","0.0000000000000","7045.017","98.080","673.945","659.819","PAYLOAD","LARGE","PRC","2013-07-19","TSC","","1560638","94033987","0 PAYLOAD A","1 39208U 13037A   13282.40470708  .00000265  00000-0  54456-4 0  9993","2 39208 098.0543 298.8151 0010026 107.3409 252.8893 14.68182550 11953"
"2.0","GENERATED VIA SPACE-TRACK.ORG API","2013-10-09T15:43:43","18 SPCS","PAYLOAD C","2013-037C","EARTH","TEME","UTC","SGP4","2013-10-09T12:22:05.005343","14.95016225","0.00345480","97.6939","298.8999","126.5136","233.9286","0","U","39210","999","1211","0.00004202600000","0.00000407","0.0000000000000","6960.463","96.320","606.375","558.281","PAYLOAD","LARGE","PRC","2013-07-19","TSC","","1560751","94036074","0 PAYLOAD C","1 39210U 13037C   13282.51533571  .00000407  00000-0  42026-4 0  9994","2 39210 097.6939 298.8999 0034548 126.5136 233.9286 14.95016225 12115"
"2.0","GENERATED VIA SPACE-TRACK.ORG API","2013-10-09T23:30:06","18 SPCS","PAYLOAD B","2013-037B","EARTH","TEME","UTC","SGP4","2013-10-09T17:30:16.549343","14.67249832","0.00060130","98.0541","299.0116","97.6053","262.5812","0","U","39209","999","1198","0.00003958200000","0.00000175","0.0000000000000","7048.002","98.142","674.105","665.629","PAYLOAD","LARGE","PRC","2013-07-19","TSC","","1560995","94038903","0 PAYLOAD B","1 39209U 13037B   13282.72935821  .00000175  00000-0  39582-4 0  9994","2 39209 098.0541 299.0116 0006013 097.6053 262.5812 14.67249832 11981"
"2.0","GENERATED VIA SPACE-TRACK.ORG API","2013-10-09T22:26:37","18 SPCS","PAYLOAD A","2013-037A","EARTH","TEME","UTC","SGP4","2013-10-09T17:53:28.513823","14.68182072","0.00100460","98.0544","299.1503","106.5894","253.6396","0","U","39208","999","1200","0.00003487700000","0.00000152","0.0000000000000","7045.019","98.080","673.961","659.806","PAYLOAD","LARGE","PRC","2013-07-19","TSC","","1560906","94037043","0 PAYLOAD A","1 39208U 13037A   13282.74546891  .00000152  00000-0  34877-4 0  9997","2 39208 098.0544 299.1503 0010046 106.5894 253.6396 14.68182072 12003"
"2.0","GENERATED VIA SPACE-TRACK.ORG API","2013-10-09T23:31:16","18 SPCS","PAYLOAD C","2013-037C","EARTH","TEME","UTC","SGP4","2013-10-09T20:23:59.042687","14.95017095","0.00346890","97.6942","299.2283","125.6898","234.7619","0","U","39210","999","1216","0.00005311100000","0.00000529","0.0000000000000","6960.461","96.319","606.471","558.180","PAYLOAD","LARGE","PRC","2013-07-19","TSC","","1560996","94038946","0 PAYLOAD C","1 39210U 13037C   13282.84998892  .00000529  00000-0  53111-4 0  9993","2 39210 097.6942 299.2283 0034689 125.6898 234.7619 14.95017095 12161"
"2.0","GENERATED VIA SPACE-TRACK.ORG API","2013-10-10T07:44:02","18 SPCS","PAYLOAD B","2013-037B","EARTH","TEME","UTC","SGP4","2013-10-10T01:41:17.096927","14.67249988","0.00059990","98.0540","299.3467","96.8277","263.3626","0","U","39209","999","1203","0.00003646000000","0.00000158","0.0000000000000","7048.002","98.142","674.095","665.639","PAYLOAD","LARGE","PRC","2013-07-19","TSC","","1561169","94041539","0 PAYLOAD B","1 39209U 13037B   13283.07033677  .00000158  00000-0  36460-4 0  9994","2 39209 098.0540 299.3467 0005999 096.8277 263.3626 14.67249988 12034"
"2.0","GENERATED VIA SPACE-TRACK.ORG API","2013-10-10T06:25:30","18 SPCS","PAYLOAD A","2013-037A","EARTH","TEME","UTC","SGP4","2013-10-10T02:04:10.325567","14.68182779","0.00100490","98.0544","299.4857","105.8353","254.3974","0","U","39208","999","1205","0.00004896400000","0.00000234","0.0000000000000","7045.016","98.080","673.961","659.802","PAYLOAD","LARGE","PRC","2013-07-19","TSC","","1561091","94039636","0 PAYLOAD A","1 39208U 13037A   13283.08623062  .00000234  00000-0  48964-4 0  9994","2 39208 098.0544 299.4857 0010049 105.8353 254.3974 14.68182779 12052"
"2.0","GENERATED VIA SPACE-TRACK.ORG API","2013-10-10T07:44:19","18 SPCS","PAYLOAD C","2013-037C","EARTH","TEME","UTC","SGP4","2013-10-10T04:25:52.927968","14.95017829","0.00347040","97.6940","299.5567","124.5993","235.8507","0","U","39210","999","1221","0.00006116200000","0.00000618","0.0000000000000","6960.458","96.319","606.479","558.168","PAYLOAD","LARGE","PRC","2013-07-19","TSC","","1561170","94041577","0 PAYLOAD C","1 39210U 13037C   13283.18464037  .00000618  00000-0  61162-4 0  9994","2 39210 097.6940 299.5567 0034704 124.5993 235.8507 14.95017829 12218"
"2.0","GENERATED VIA SPACE-TRACK.ORG API","2013-10-10T12:53:17","18 SPCS","PAYLOAD C","2013-037C","EARTH","TEME","UTC","SGP4","2013-10-10T09:15:01.323072","14.95018502","0.00347040","97.6941","299.7537","123.8952","236.5588","0","U","39210","999","1224","0.00006931900000","0.00000709","0.0000000000000","6960.456","96.319","606.477","558.166","PAYLOAD","LARGE","PRC","2013-07-19","TSC","","1561231","94043004","0 PAYLOAD C","1 39210U 13037C   13283.38543198  .00000709  00000-0  69319-4 0  9995","2 39210 097.6941 299.7537 0034704 123.8952 236.5588 14.95018502 12244"
"2.0","GENERATED VIA SPACE-TRACK.ORG API","2013-10-10T12:51:44","18 SPCS","PAYLOAD B","2013-037B","EARTH","TEME","UTC","SGP4","2013-10-10T09:52:17.570207","14.67250239","0.00060030","98.0542","299.6820","95.8481","264.3418","0","U","39209","999","1208","0.00003785700000","0.00000165","0.0000000000000","7048.001","98.142","674.097","665.635","PAYLOAD","LARGE","PRC","2013-07-19","TSC","","1561228","94042949","0 PAYLOAD B","1 39209U 13037B   13283.41131447  .00000165  00000-0  37857-4 0  9995","2 39209 098.0542 299.6820 0006003 095.8481 264.3418 14.67250239 12081"
"2.0","GENERATED VIA SPACE-TRACK.ORG API","2013-10-10T12:11:27","18 SPCS","PAYLOAD A","2013-037A","EARTH","TEME","UTC","SGP4","2013-10-10T10:14:52.106208","14.68183246","0.00100740","98.0544","299.8211","104.6901","255.5428","0","U","39208","999","1210","0.00005829200000","0.00000287","0.0000000000000","7045.015","98.080","673.977","659.783","PAYLOAD","LARGE","PRC","2013-07-19","TSC","","1561189","94041989","0 PAYLOAD A","1 39208U 13037A   13283.42699197  .00000287  00000-0  58292-4 0  9997","2 39208 098.0544 299.8211 0010074 104.6901 255.5428 14.68183246 12107"
"2.0","GENERATED VIA SPACE-TRACK.ORG API","2013-10-10T21:41:46","18 SPCS","PAYLOAD B","2013-037B","EARTH","TEME","UTC","SGP4","2013-10-10T18:03:18.021023","14.67250864","0.00060730","98.0544","300.0174","94.7897","265.3993","0","U","39209","999","1213","0.00005554400000","0.00000265","0.0000000000000","7047.999","98.142","674.144","665.584","PAYLOAD","LARGE","PRC","2013-07-19","TSC","","1561531","94047470","0 PAYLOAD B","1 39209U 13037B   13283.75229191  .00000265  00000-0  55544-4 0  9990","2 39209 098.0544 300.0174 0006073 094.7897 265.3993 14.67250864 12137"
"2.0","GENERATED VIA SPACE-TRACK.ORG API","2013-10-10T20:32:06","18 SPCS","PAYLOAD A","2013-037A","EARTH","TEME","UTC","SGP4","2013-10-10T18:25:33.893760","14.68182868","0.00100920","98.0545","300.1565","103.7100","256.5204","0","U","39208","999","1215","0.00004146800000","0.00000190","0.0000000000000","7045.016","98.080","673.991","659.771","PAYLOAD","LARGE","PRC","2013-07-19","TSC","","1561432","94045428","0 PAYLOAD A","1 39208U 13037A   13283.76775340  .00000190  00000-0  41468-4 0  9999","2 39208 098.0545 300.1565 0010092 103.7100 256.5204 14.68182868 12154"
"2.0","GENERATED VIA SPACE-TRACK.ORG API","2013-10-10T21:43:05","18 SPCS","PAYLOAD C","2013-037C","EARTH","TEME","UTC","SGP4","2013-10-10T18:53:18.058847","14.95019662","0.00348060","97.6943","300.1477","122.7193","237.7414","0","U","39210","999","1230","0.00007905600000","0.00000817","0.0000000000000","6960.453","96.319","606.544","558.091","PAYLOAD","LARGE","PRC","2013-07-19","TSC","","1561533","94047505","0 PAYLOAD C","1 39210U 13037C   13283.78701457  .00000817  00000-0  79056-4 0  9992","2 39210 097.6943 300.1477 0034806 122.7193 237.7414 14.95019662 12300"
"2.0","GENERATED VIA SPACE-TRACK.ORG API","2013-10-11T07:24:18","18 SPCS","PAYLOAD B","2013-037B","EARTH","TEME","UTC","SGP4","2013-10-11T02:14:18.493439","14.67251520","0.00060950","98.0544","300.3528","94.2013","265.9901","0","U","39209","999","1218","0.00006655700000","0.00000327","0.0000000000000","7047.997","98.142","674.158","665.566","PAYLOAD","LARGE","PRC","2013-07-19","TSC","","1561798","94052062","0 PAYLOAD B","1 39209U 13037B   13284.09326960  .00000327  00000-0  66557-4 0  9995","2 39209 098.0544 300.3528 0006095 094.2013 265.9901 14.67251520 12182"
"2.0","GENERATED VIA SPACE-TRACK.ORG API","2013-10-11T06:24:20","18 SPCS","PAYLOAD A","2013-037A","EARTH","TEME","UTC","SGP4","2013-10-11T02:36:15.728831","14.68183365","0.00101070","98.0545","300.4922","103.0955","257.1396","0","U","39208","999","1220","0.00005170400000","0.00000249","0.0000000000000","7045.014","98.080","674.000","659.759","PAYLOAD","LARGE","PRC","2013-07-19","TSC","","1561718","94050088","0 PAYLOAD A","1 39208U 13037A   13284.10851538  .00000249  00000-0  51704-4 0  9991","2 39208 098.0545 300.4922 0010107 103.0955 257.1396 14.68183365 12200"
"2.0","GENERATED VIA SPACE-TRACK.ORG API","2013-10-11T07:25:43","18 SPCS","PAYLOAD C","2013-037C","EARTH","TEME","UTC","SGP4","2013-10-11T02:55:11.967456","14.95020985","0.00347990","97.6943","300.4761","121.5895","238.8749","0","U","39210","999","1235","0.00009567400000","0.00001001","0.0000000000000","6960.449","96.319","606.535","558.092","PAYLOAD","LARGE","PRC","2013-07-19","TSC","","1561800","94052121","0 PAYLOAD C","1 39210U 13037C   13284.12166629  .00001001  00000-0  95674-4 0  9997","2 39210 097.6943 300.4761 0034799 121.5895 238.8749 14.95020985 12354"
"2.0","GENERATED VIA SPACE-TRACK.ORG API","2013-10-11T15:21:31","18 SPCS","PAYLOAD B","2013-037B","EARTH","TEME","UTC","SGP4","2013-10-11T08:47:06.836640","14.67251787","0.00060860","98.0543","300.6209","93.4757","266.7150","0","U","39209","999","1222","0.00006582700000","0.00000323","0.0000000000000","7047.996","98.142","674.151","665.572","PAYLOAD","LARGE","PRC","2013-07-19","TSC","","1561924","94054359","0 PAYLOAD B","1 39209U 13037B   13284.36605135  .00000323  00000-0  65827-4 0  9994","2 39209 098.0543 300.6209 0006086 093.4757 266.7150 14.67251787 12221"
"2.0","GENERATED VIA SPACE-TRACK.ORG API","2013-10-11T14:28:39","18 SPCS","PAYLOAD A","2013-037A","EARTH","TEME","UTC","SGP4","2013-10-11T09:08:49.130879","14.68183522","0.00101070","98.0548","300.7605","102.1914","258.0425","0","U","39208","999","1224","0.00005044000000","0.00000242","0.0000000000000","7045.014","98.080","673.999","659.759","PAYLOAD","LARGE","PRC","2013-07-19","TSC","","1561840","94052906","0 PAYLOAD A","1 39208U 13037A   13284.38112420  .00000242  00000-0  50440-4 0  9990","2 39208 098.0548 300.7605 0010107 102.1914 258.0425 14.68183522 12241"
"2.0","GENERATED VIA SPACE-TRACK.ORG API","2013-10-11T15:23:11","18 SPCS","PAYLOAD C","2013-037C","EARTH","TEME","UTC","SGP4","2013-10-11T10:57:05.840639","14.95022455","0.00348080","97.6947","300.8044","120.5163","239.9520","0","U","39210","999","1240","0.00011090000000","0.00001169","0.0000000000000","6960.444","96.319","606.537","558.081","PAYLOAD","LARGE","PRC","2013-07-19","TSC","","1561926","94054383","0 PAYLOAD C","1 39210U 13037C   13284.45631760  .00001169  00000-0  11090-3 0  9990","2 39210 097.6947 300.8044 0034808 120.5163 239.9520 14.95022455 12403"
"2.0","GENERATED VIA SPACE-TRACK.ORG API","2013-10-12T15:48:47","18 SPCS","PAYLOAD B","2013-037B","EARTH","TEME","UTC","SGP4","2013-10-12T09:20:08.196863","14.67252357","0.00061120","98.0547","301.6266","91.2157","268.9750","0","U","39209","999","1237","0.00006015000000","0.00000291","0.0000000000000","7047.994","98.142","674.167","665.552","PAYLOAD","LARGE","PRC","2013-07-19","TSC","","1562100","94057361","0 PAYLOAD B","1 39209U 13037B   13285.38898376  .00000291  00000-0  60150-4 0  9996","2 39209 098.0547 301.6266 0006112 091.2157 268.9750 14.67252357 12379"
"2.0","GENERATED VIA SPACE-TRACK.ORG API","2013-10-12T14:27:03","18 SPCS","PAYLOAD A","2013-037A","EARTH","TEME","UTC","SGP4","2013-10-12T09:40:54.825311","14.68179846","0.00101100","98.0555","301.7670","99.8732","260.3603","0","U","39208","999","1239","-0.00005180000000","-0.00000347","0.0000000000000","7045.026","98.080","674.013","659.768","PAYLOAD","LARGE","PRC","2013-07-19","TSC","","1561990","94055022","0 PAYLOAD A","1 39208U 13037A   13285.40341233 -.00000347  00000-0 -51800-4 0  9999","2 39208 098.0555 301.7670 0010110 099.8732 260.3603 14.68179846 12390"
"2.0","GENERATED VIA SPACE-TRACK.ORG API","2013-10-12T15:51:29","18 SPCS","PAYLOAD C","2013-037C","EARTH","TEME","UTC","SGP4","2013-10-12T11:02:47.541408","14.95023360","0.00348650","97.6947","301.7892","117.2353","243.2432","0","U","39210","999","1255","0.00008948800000","0.00000932","0.0000000000000","6960.441","96.319","606.574","558.039","PAYLOAD","LARGE","PRC","2013-07-19","TSC","","1562103","94057452","0 PAYLOAD C","1 39210U 13037C   13285.46027247  .00000932  00000-0  89488-4 0  9995","2 39210 097.6947 301.7892 0034865 117.2353 243.2432 14.95023360 12553"
"2.0","GENERATED VIA SPACE-TRACK.ORG API","2013-10-12T17:00:17","18 SPCS","PAYLOAD C","2013-037C","EARTH","TEME","UTC","SGP4","2013-10-12T15:51:55.861344","14.95023460","0.00348930","97.6950","301.9863","116.5307","243.9486","0","U","39210","999","1258","0.00008494700000","0.00000882","0.0000000000000","6960.441","96.319","606.593","558.019","PAYLOAD","LARGE","PRC","2013-07-19","TSC","","1562142","94057656","0 PAYLOAD C","1 39210U 13037C   13285.66106321  .00000882  00000-0  84947-4 0  9997","2 39210 097.6950 301.9863 0034893 116.5307 243.9486 14.95023460 12589"
"2.0","GENERATED VIA SPACE-TRACK.ORG API","2013-10-12T16:54:09","18 SPCS","PAYLOAD B","2013-037B","EARTH","TEME","UTC","SGP4","2013-10-12T15:52:56.544383","14.67252647","0.00061530","98.0550","301.8948","90.2022","269.9877","0","U","39209","999","1241","0.00006485800000","0.00000318","0.0000000000000","7047.993","98.142","674.195","665.522","PAYLOAD","LARGE","PRC","2013-07-19","TSC","","1562134","94057648","0 PAYLOAD B","1 39209U 13037B   13285.66176556  .00000318  00000-0  64858-4 0  9995","2 39209 098.0550 301.8948 0006153 090.2022 269.9877 14.67252647 12415"
"2.0","GENERATED VIA SPACE-TRACK.ORG API","2013-10-12T16:48:10","18 SPCS","PAYLOAD A","2013-037A","EARTH","TEME","UTC","SGP4","2013-10-12T16:13:28.405343","14.68177443","0.00101700","98.0556","302.0352","98.7079","261.5211","0","U","39208","999","1243","-0.00011632000000","-0.00000718","0.0000000000000","7045.033","98.080","674.063","659.734","PAYLOAD","LARGE","PRC","2013-07-19","TSC","","1562131","94057645","0 PAYLOAD A","1 39208U 13037A   13285.67602321 -.00000718  00000-0 -11632-3 0  9996","2 39208 098.0556 302.0352 0010170 098.7079 261.5211 14.68177443 12434"
"2.0","GENERATED VIA SPACE-TRACK.ORG API","2013-10-12T23:33:19","18 SPCS","PAYLOAD B","2013-037B","EARTH","TEME","UTC","SGP4","2013-10-12T19:09:20.738879","14.67252652","0.00061270","98.0549","302.0287","89.9089","270.2814","0","U","39209","999","1243","0.00006418600000","0.00000314","0.0000000000000","7047.993","98.142","674.177","665.540","PAYLOAD","LARGE","PRC","2013-07-19","TSC","","1562439","94060342","0 PAYLOAD B","1 39209U 13037B   13285.79815670  .00000314  00000-0  64186-4 0  9996","2 39209 098.0549 302.0287 0006127 089.9089 270.2814 14.67252652 12435"
"2.0","GENERATED VIA SPACE-TRACK.ORG API","2013-10-12T22:27:50","18 SPCS","PAYLOAD A","2013-037A","EARTH","TEME","UTC","SGP4","2013-10-12T19:29:45.279168","14.68177479","0.00101600","98.0556","302.1692","98.7127","261.5251","0","U","39208","999","1245","-0.00011283000000","-0.00000698","0.0000000000000","7045.033","98.080","674.056","659.741","PAYLOAD","LARGE","PRC","2013-07-19","TSC","","1562340","94058407","0 PAYLOAD A","1 39208U 13037A   13285.81232962 -.00000698  00000-0 -11283-3 0  9991","2 39208 098.0556 302.1692 0010160 098.7127 261.5251 14.68177479 12450"
"2.0","GENERATED VIA SPACE-TRACK.ORG API","2013-10-12T23:35:08","18 SPCS","PAYLOAD C","2013-037C","EARTH","TEME","UTC","SGP4","2013-10-12T20:41:04.197695","14.95023588","0.00348790","97.6946","302.1832","115.9406","244.5413","0","U","39210","999","1261","0.00008066900000","0.00000835","0.0000000000000","6960.440","96.319","606.583","558.028","PAYLOAD","LARGE","PRC","2013-07-19","TSC","","1562440","94060374","0 PAYLOAD C","1 39210U 13037C   13285.86185414  .00000835  00000-0  80669-4 0  9994","2 39210 097.6946 302.1832 0034879 115.9406 244.5413 14.95023588 12612"
"2.0","GENERATED VIA SPACE-TRACK.ORG API","2013-10-13T00:57:34","18 SPCS","PAYLOAD A","2013-037A","EARTH","TEME","UTC","SGP4","2013-10-13T00:24:10.501344","14.68178421","0.00103500","98.0544","302.3716","94.8963","265.2895","0","U","39208","999","1248","0.00635160000000","0.00036718","0.0000000000000","7045.030","98.080","674.187","659.604","PAYLOAD","LARGE","PRC","2013-07-19","TSC","","1562495","94060593","0 PAYLOAD A","1 39208U 13037A   13286.01678821  .00036718  00000-0  63516-2 0  9997","2 39208 098.0544 302.3716 0010350 094.8963 265.2895 14.68178421 12488"
"2.0","GENERATED VIA SPACE-TRACK.ORG API","2013-10-13T08:31:27","18 SPCS","PAYLOAD B","2013-037B","EARTH","TEME","UTC","SGP4","2013-10-13T03:20:21.165504","14.67253467","0.00061080","98.0549","302.3639","88.8606","271.3314","0","U","39209","999","1248","0.00008035900000","0.00000405","0.0000000000000","7047.991","98.142","674.161","665.551","PAYLOAD","LARGE","PRC","2013-07-19","TSC","","1562708","94063327","0 PAYLOAD B","1 39209U 13037B   13286.13913386  .00000405  00000-0  80359-4 0  9999","2 39209 098.0549 302.3639 0006108 088.8606 271.3314 14.67253467 12488"
"2.0","GENERATED VIA SPACE-TRACK.ORG API","2013-10-13T06:24:26","18 SPCS","PAYLOAD A","2013-037A","EARTH","TEME","UTC","SGP4","2013-10-13T03:40:28.081055","14.68170836","0.00103030","98.0555","302.5049","97.8569","262.4038","0","U","39208","999","1250","-0.00027315000000","-0.00001620","0.0000000000000","7045.055","98.081","674.178","659.661","PAYLOAD","LARGE","PRC","2013-07-19","TSC","","1562618","94061146","0 PAYLOAD A","1 39208U 13037A   13286.15310279 -.00001620  00000-0 -27315-3 0  9996","2 39208 098.0555 302.5049 0010303 097.8569 262.4038 14.68170836 12507"
"2.0","GENERATED VIA SPACE-TRACK.ORG API","2013-10-13T08:32:24","18 SPCS","PAYLOAD C","2013-037C","EARTH","TEME","UTC","SGP4","2013-10-13T04:42:58.012127","14.95024608","0.00348790","97.6947","302.5116","114.8358","245.6497","0","U","39210","999","1266","0.00008542500000","0.00000887","0.0000000000000","6960.437","96.319","606.580","558.025","PAYLOAD","LARGE","PRC","2013-07-19","TSC","","1562709","94063349","0 PAYLOAD C","1 39210U 13037C   13286.19650477  .00000887  00000-0  85425-4 0  9999","2 39210 097.6947 302.5116 0034879 114.8358 245.6497 14.95024608 12669"
"2.0","GENERATED VIA SPACE-TRACK.ORG API","2013-10-13T15:38:01","18 SPCS","PAYLOAD B","2013-037B","EARTH","TEME","UTC","SGP4","2013-10-13T09:53:09.488831","14.67253715","0.00061130","98.0551","302.6320","87.9843","272.2067","0","U","39209","999","1252","0.00008038400000","0.00000405","0.0000000000000","7047.990","98.142","674.163","665.547","PAYLOAD","LARGE","PRC","2013-07-19","TSC","","1562838","94066169","0 PAYLOAD B","1 39209U 13037B   13286.41191538  .00000405  00000-0  80384-4 0  9995","2 39209 098.0551 302.6320 0006113 087.9843 272.2067 14.67253715 12526"
"2.0","GENERATED VIA SPACE-TRACK.ORG API","2013-10-13T14:26:25","18 SPCS","PAYLOAD A","2013-037A","EARTH","TEME","UTC","SGP4","2013-10-13T10:13:01.573823","14.68166751","0.00103020","98.0558","302.7733","97.3781","262.8575","0","U","39208","999","1254","-0.00035532000000","-0.00002093","0.0000000000000","7045.068","98.081","674.190","659.675","PAYLOAD","LARGE","PRC","2013-07-19","TSC","","1562751","94064102","0 PAYLOAD A","1 39208U 13037A   13286.42571266 -.00002093  00000-0 -35532-3 0  9996","2 39208 098.0558 302.7733 0010302 097.3781 262.8575 14.68166751 12547"
"2.0","GENERATED VIA SPACE-TRACK.ORG API","2013-10-13T15:38:54","18 SPCS","PAYLOAD C","2013-037C","EARTH","TEME","UTC","SGP4","2013-10-13T11:08:29.064191","14.95025460","0.00348930","97.6948","302.7742","113.8746","246.6138","0","U","39210","999","1270","0.00009060700000","0.00000945","0.0000000000000","6960.435","96.319","606.587","558.013","PAYLOAD","LARGE","PRC","2013-07-19","TSC","","1562840","94066215","0 PAYLOAD C","1 39210U 13037C   13286.46422528  .00000945  00000-0  90607-4 0  9996","2 39210 097.6948 302.7742 0034893 113.8746 246.6138 14.95025460 12708"
"2.0","GENERATED VIA SPACE-TRACK.ORG API","2013-10-13T16:30:41","18 SPCS","PAYLOAD C","2013-037C","EARTH","TEME","UTC","SGP4","2013-10-13T15:57:37.351295","14.95026032","0.00349280","97.6954","302.9715","113.0534","247.4364","0","U","39210","999","1273","0.00009421900000","0.00000985","0.0000000000000","6960.433","96.319","606.609","557.986","PAYLOAD","LARGE","PRC","2013-07-19","TSC","","1562862","94066443","0 PAYLOAD C","1 39210U 13037C   13286.66501564  .00000985  00000-0  94219-4 0  9993","2 39210 097.6954 302.9715 0034928 113.0534 247.4364 14.95026032 12732"
"2.0","GENERATED VIA SPACE-TRACK.ORG API","2013-10-13T22:30:57","18 SPCS","PAYLOAD A","2013-037A","EARTH","TEME","UTC","SGP4","2013-10-13T18:23:43.891872","14.68161815","0.00102360","98.0558","303.1090","95.6067","264.6237","0","U","39208","999","1259","-0.00045804000000","-0.00002683","0.0000000000000","7045.083","98.081","674.160","659.737","PAYLOAD","LARGE","PRC","2013-07-19","TSC","","1562923","94066971","0 PAYLOAD A","1 39208U 13037A   13286.76648023 -.00002683  00000-0 -45804-3 0  9997","2 39208 098.0558 303.1090 0010236 095.6067 264.6237 14.68161815 12598"
"2.0","GENERATED VIA SPACE-TRACK.ORG API","2013-10-13T23:41:20","18 SPCS","PAYLOAD C","2013-037C","EARTH","TEME","UTC","SGP4","2013-10-13T19:10:22.891583","14.95026003","0.00348950","97.6951","303.1028","112.7254","247.7655","0","U","39210","999","1275","0.00009055700000","0.00000944","0.0000000000000","6960.433","96.319","606.586","558.010","PAYLOAD","LARGE","PRC","2013-07-19","TSC","","1563027","94068961","0 PAYLOAD C","1 39210U 13037C   13286.79887606  .00000944  00000-0  90557-4 0  9997","2 39210 097.6951 303.1028 0034895 112.7254 247.7655 14.95026003 12753"
"2.0","GENERATED VIA SPACE-TRACK.ORG API","2013-10-13T23:39:58","18 SPCS","PAYLOAD B","2013-037B","EARTH","TEME","UTC","SGP4","2013-10-13T19:42:22.068000","14.67253000","0.00060640","98.0549","303.0341","87.0940","273.0959","0","U","39209","999","1258","0.00005384100000","0.00000256","0.0000000000000","7047.992","98.142","674.131","665.583","PAYLOAD","LARGE","PRC","2013-07-19","TSC","","1563025","94068929","0 PAYLOAD B","1 39209U 13037B   13286.82108875  .00000256  00000-0  53841-4 0  9994","2 39209 098.0549 303.0341 0006064 087.0940 273.0959 14.67253000 12587"
"2.0","GENERATED VIA SPACE-TRACK.ORG API","2013-10-14T00:13:28","18 SPCS","PAYLOAD A","2013-037A","EARTH","TEME","UTC","SGP4","2013-10-13T23:18:09.341279","14.68149389","0.00102240","98.0560","303.3105","94.0510","266.1502","0","U","39208","999","1262","-0.00090105000000","-0.00005228","0.0000000000000","7045.123","98.082","674.191","659.785","PAYLOAD","LARGE","PRC","2013-07-19","TSC","","1563035","94069111","0 PAYLOAD A","1 39208U 13037A   13286.97094145 -.00005228  00000-0 -90105-3 0  9992","2 39208 098.0560 303.3105 0010224 094.0510 266.1502 14.68149389 12621"
"2.0","GENERATED VIA SPACE-TRACK.ORG API","2013-10-14T08:02:44","18 SPCS","PAYLOAD B","2013-037B","EARTH","TEME","UTC","SGP4","2013-10-14T02:15:10.384416","14.67253729","0.00060760","98.0548","303.3026","85.9420","274.2488","0","U","39209","999","1262","0.00006724200000","0.00000331","0.0000000000000","7047.990","98.142","674.137","665.573","PAYLOAD","LARGE","PRC","2013-07-19","TSC","","1563184","94071495","0 PAYLOAD B","1 39209U 13037B   13287.09387019  .00000331  00000-0  67242-4 0  9997","2 39209 098.0548 303.3026 0006076 085.9420 274.2488 14.67253729 12625"
"2.0","GENERATED VIA SPACE-TRACK.ORG API","2013-10-14T06:25:18","18 SPCS","PAYLOAD A","2013-037A","EARTH","TEME","UTC","SGP4","2013-10-14T02:34:26.926176","14.68156394","0.00103470","98.0561","303.4446","93.7593","266.5013","0","U","39208","999","1264","-0.00055698000000","-0.00003252","0.0000000000000","7045.101","98.082","674.255","659.676","PAYLOAD","LARGE","PRC","2013-07-19","TSC","","1563107","94069659","0 PAYLOAD A","1 39208U 13037A   13287.10725609 -.00003252  00000-0 -55698-3 0  9997","2 39208 098.0561 303.4446 0010347 093.7593 266.5013 14.68156394 12641"
"2.0","GENERATED VIA SPACE-TRACK.ORG API","2013-10-14T08:03:18","18 SPCS","PAYLOAD C","2013-037C","EARTH","TEME","UTC","SGP4","2013-10-14T03:12:16.663680","14.95027703","0.00349880","97.6951","303.4311","111.6382","248.8597","0","U","39210","999","1280","0.00010418000000","0.00001095","0.0000000000000","6960.428","96.319","606.646","557.940","PAYLOAD","LARGE","PRC","2013-07-19","TSC","","1563186","94071527","0 PAYLOAD C","1 39210U 13037C   13287.13352620  .00001095  00000-0  10418-3 0  9994","2 39210 097.6951 303.4311 0034988 111.6382 248.8597 14.95027703 12805"
"2.0","GENERATED VIA SPACE-TRACK.ORG API","2013-10-14T15:58:42","18 SPCS","PAYLOAD B","2013-037B","EARTH","TEME","UTC","SGP4","2013-10-14T10:26:10.779935","14.67254046","0.00060870","98.0548","303.6376","84.9061","275.2842","0","U","39209","999","1267","0.00006647100000","0.00000327","0.0000000000000","7047.989","98.142","674.144","665.564","PAYLOAD","LARGE","PRC","2013-07-19","TSC","","1563351","94074875","0 PAYLOAD B","1 39209U 13037B   13287.43484699  .00000327  00000-0  66471-4 0  9995","2 39209 098.0548 303.6376 0006087 084.9061 275.2842 14.67254046 12671"
"2.0","GENERATED VIA SPACE-TRACK.ORG API","2013-10-14T14:30:56","18 SPCS","PAYLOAD A","2013-037A","EARTH","TEME","UTC","SGP4","2013-10-14T10:45:08.945279","14.68153422","0.00103390","98.0560","303.7799","92.7087","267.5283","0","U","39208","999","1269","-0.00057858000000","-0.00003376","0.0000000000000","7045.110","98.082","674.259","659.691","PAYLOAD","LARGE","PRC","2013-07-19","TSC","","1563230","94072295","0 PAYLOAD A","1 39208U 13037A   13287.44802020 -.00003376  00000-0 -57858-3 0  9994","2 39208 098.0560 303.7799 0010339 092.7087 267.5283 14.68153422 12696"
"2.0","GENERATED VIA SPACE-TRACK.ORG API","2013-10-14T15:59:35","18 SPCS","PAYLOAD C","2013-037C","EARTH","TEME","UTC","SGP4","2013-10-14T11:14:10.376159","14.95028836","0.00350240","97.6956","303.7596","110.5079","249.9917","0","U","39210","999","1285","0.00010878000000","0.00001146","0.0000000000000","6960.424","96.319","606.667","557.911","PAYLOAD","LARGE","PRC","2013-07-19","TSC","","1563352","94074915","0 PAYLOAD C","1 39210U 13037C   13287.46817565  .00001146  00000-0  10878-3 0  9991","2 39210 097.6956 303.7596 0035024 110.5079 249.9917 14.95028836 12852"
"2.0","GENERATED VIA SPACE-TRACK.ORG API","2013-10-14T23:36:28","18 SPCS","PAYLOAD B","2013-037B","EARTH","TEME","UTC","SGP4","2013-10-14T18:37:11.190144","14.67253940","0.00060930","98.0549","303.9728","84.2974","275.8915","0","U","39209","999","1272","0.00005618900000","0.00000269","0.0000000000000","7047.989","98.142","674.149","665.560","PAYLOAD","LARGE","PRC","2013-07-19","TSC","","1563600","94077756","0 PAYLOAD B","1 39209U 13037B   13287.77582396  .00000269  00000-0  56189-4 0  9995","2 39209 098.0549 303.9728 0006093 084.2974 275.8915 14.67253940 12724"
"2.0","GENERATED VIA SPACE-TRACK.ORG API","2013-10-14T22:28:59","18 SPCS","PAYLOAD A","2013-037A","EARTH","TEME","UTC","SGP4","2013-10-14T18:55:51.433536","14.68149760","0.00103280","98.0560","304.1154","91.9246","268.3105","0","U","39208","999","1274","-0.00061378000000","-0.00003578","0.0000000000000","7045.122","98.082","674.263","659.711","PAYLOAD","LARGE","PRC","2013-07-19","TSC","","1563513","94075820","0 PAYLOAD A","1 39208U 13037A   13287.78878974 -.00003578  00000-0 -61378-3 0  9998","2 39208 098.0560 304.1154 0010328 091.9246 268.3105 14.68149760 12740"
"2.0","GENERATED VIA SPACE-TRACK.ORG API","2013-10-14T23:38:07","18 SPCS","PAYLOAD C","2013-037C","EARTH","TEME","UTC","SGP4","2013-10-14T19:16:04.108512","14.95029415","0.00350360","97.6956","304.0880","109.4060","251.0949","0","U","39210","999","1290","0.00010540000000","0.00001109","0.0000000000000","6960.422","96.319","606.674","557.901","PAYLOAD","LARGE","PRC","2013-07-19","TSC","","1563602","94077800","0 PAYLOAD C","1 39210U 13037C   13287.80282533  .00001109  00000-0  10540-3 0  9995","2 39210 097.6956 304.0880 0035036 109.4060 251.0949 14.95029415 12901"
"2.0","GENERATED VIA SPACE-TRACK.ORG API","2013-10-15T02:57:23","18 SPCS","PAYLOAD B","2013-037B","EARTH","TEME","UTC","SGP4","2013-10-15T01:09:59.521248","14.67254431","0.00061280","98.0551","304.2411","83.2222","276.9678","0","U","39209","999","1276","0.00006470100000","0.00000317","0.0000000000000","7047.988","98.142","674.172","665.534","PAYLOAD","LARGE","PRC","2013-07-19","TSC","","1563650","94078025","0 PAYLOAD B","1 39209U 13037B   13288.04860557  .00000317  00000-0  64701-4 0  9997","2 39209 098.0551 304.2411 0006128 083.2222 276.9678 14.67254431 12762"
"2.0","GENERATED VIA SPACE-TRACK.ORG API","2013-10-15T02:54:28","18 SPCS","PAYLOAD A","2013-037A","EARTH","TEME","UTC","SGP4","2013-10-15T01:28:25.446432","14.68147948","0.00103560","98.0560","304.3836","90.9626","269.2758","0","U","39208","999","1278","-0.00061416000000","-0.00003580","0.0000000000000","7045.128","98.082","674.289","659.697","PAYLOAD","LARGE","PRC","2013-07-19","TSC","","1563649","94078024","0 PAYLOAD A","1 39208U 13037A   13288.06140563 -.00003580  00000-0 -61416-3 0  9992","2 39208 098.0560 304.3836 0010356 090.9626 269.2758 14.68147948 12785"
"2.0","GENERATED VIA SPACE-TRACK.ORG API","2013-10-15T03:01:42","18 SPCS","PAYLOAD C","2013-037C","EARTH","TEME","UTC","SGP4","2013-10-15T01:41:35.043072","14.95030834","0.00350520","97.6959","304.3506","108.4966","252.0073","0","U","39210","999","1294","0.00011599000000","0.00001226","0.0000000000000","6960.418","96.319","606.681","557.885","PAYLOAD","LARGE","PRC","2013-07-19","TSC","","1563651","94078026","0 PAYLOAD C","1 39210U 13037C   13288.07054448  .00001226  00000-0  11599-3 0  9992","2 39210 097.6959 304.3506 0035052 108.4966 252.0073 14.95030834 12944"
"2.0","GENERATED VIA SPACE-TRACK.ORG API","2013-10-15T07:45:26","18 SPCS","PAYLOAD B","2013-037B","EARTH","TEME","UTC","SGP4","2013-10-15T04:26:23.685504","14.67254517","0.00060930","98.0548","304.3749","83.0182","277.1720","0","U","39209","999","1278","0.00006499500000","0.00000318","0.0000000000000","7047.987","98.142","674.147","665.558","PAYLOAD","LARGE","PRC","2013-07-19","TSC","","1563799","94080515","0 PAYLOAD B","1 39209U 13037B   13288.18499636  .00000318  00000-0  64995-4 0  9994","2 39209 098.0548 304.3749 0006093 083.0182 277.1720 14.67254517 12785"
"2.0","GENERATED VIA SPACE-TRACK.ORG API","2013-10-15T06:31:54","18 SPCS","PAYLOAD A","2013-037A","EARTH","TEME","UTC","SGP4","2013-10-15T04:44:42.460223","14.68146347","0.00101910","98.0558","304.5178","90.8937","269.3451","0","U","39208","999","1280","-0.00063827000000","-0.00003718","0.0000000000000","7045.133","98.082","674.178","659.818","PAYLOAD","LARGE","PRC","2013-07-19","TSC","","1563714","94078530","0 PAYLOAD A","1 39208U 13037A   13288.19771366 -.00003718  00000-0 -63827-3 0  9998","2 39208 098.0558 304.5178 0010191 090.8937 269.3451 14.68146347 12800"
"2.0","GENERATED VIA SPACE-TRACK.ORG API","2013-10-15T06:44:54","18 SPCS","PAYLOAD A","2013-037A","EARTH","TEME","UTC","SGP4","2013-10-15T06:22:50.941631","14.67920827","0.00107160","98.0615","304.5840","92.1523","267.8952","0","U","39208","999","1281","0.02203200000000","0.00128510","0.0000000000000","7045.854","98.097","675.270","660.169","PAYLOAD","LARGE","PRC","2013-07-19","TSC","","1563729","94078902","0 PAYLOAD A","1 39208U 13037A   13288.26586738  .00128510  00000-0  22032-1 0  9990","2 39208 098.0615 304.5840 0010716 092.1523 267.8952 14.67920827 12811"
"2.0","GENERATED VIA SPACE-TRACK.ORG API","2013-10-15T15:45:01","18 SPCS","PAYLOAD C","2013-037C","EARTH","TEME","UTC","SGP4","2013-10-15T09:43:28.704575","14.95031974","0.00350530","97.6957","304.6789","107.4581","253.0486","0","U","39210","999","1299","0.00011856000000","0.00001255","0.0000000000000","6960.414","96.319","606.678","557.881","PAYLOAD","LARGE","PRC","2013-07-19","TSC","","1563945","94083586","0 PAYLOAD C","1 39210U 13037C   13288.40519334  .00001255  00000-0  11856-3 0  9997","2 39210 097.6957 304.6789 0035053 107.4581 253.0486 14.95031974 12991"
"2.0","GENERATED VIA SPACE-TRACK.ORG API","2013-10-15T15:43:08","18 SPCS","PAYLOAD B","2013-037B","EARTH","TEME","UTC","SGP4","2013-10-15T12:37:24.069791","14.67254968","0.00061040","98.0548","304.7100","82.0979","278.0926","0","U","39209","999","1283","0.00006926700000","0.00000343","0.0000000000000","7047.986","98.142","674.153","665.549","PAYLOAD","LARGE","PRC","2013-07-19","TSC","","1563942","94083511","0 PAYLOAD B","1 39209U 13037B   13288.52597303  .00000343  00000-0  69267-4 0  9997","2 39209 098.0548 304.7100 0006104 082.0979 278.0926 14.67254968 12830"
"2.0","GENERATED VIA SPACE-TRACK.ORG API","2013-10-15T14:43:41","18 SPCS","PAYLOAD A","2013-037A","EARTH","TEME","UTC","SGP4","2013-10-15T12:55:31.224576","14.67918020","0.00104890","98.0600","304.8507","88.6191","271.5769","0","U","39208","999","1285","0.00342670000000","0.00019621","0.0000000000000","7045.863","98.098","675.119","660.338","PAYLOAD","LARGE","PRC","2013-07-19","TSC","","1563861","94081782","0 PAYLOAD A","1 39208U 13037A   13288.53855584  .00019621  00000-0  34267-2 0  9994","2 39208 098.0600 304.8507 0010489 088.6191 271.5769 14.67918020 12850"
"2.0","GENERATED VIA SPACE-TRACK.ORG API","2013-10-15T23:25:44","18 SPCS","PAYLOAD C","2013-037C","EARTH","TEME","UTC","SGP4","2013-10-15T17:45:22.350528","14.95032925","0.00350820","97.6957","305.0073","106.3452","254.1626","0","U","39210","999","1304","0.00011928000000","0.00001263","0.0000000000000","6960.412","96.318","606.695","557.858","PAYLOAD","LARGE","PRC","2013-07-19","TSC","","1564181","94086178","0 PAYLOAD C","1 39210U 13037C   13288.73984202  .00001263  00000-0  11928-3 0  9992","2 39210 097.6957 305.0073 0035082 106.3452 254.1626 14.95032925 13041"
"2.0","GENERATED VIA SPACE-TRACK.ORG API","2013-10-15T20:50:48","18 SPCS","PAYLOAD A","2013-037A","EARTH","TEME","UTC","SGP4","2013-10-15T19:28:09.547104","14.67909660","0.00105590","98.0579","305.1195","90.2672","269.9569","0","U","39208","999","1289","0.00074507000000","0.00004218","0.0000000000000","7045.890","98.098","675.195","660.315","PAYLOAD","LARGE","PRC","2013-07-19","TSC","","1564057","94083911","0 PAYLOAD A","1 39208U 13037A   13288.81122161  .00004218  00000-0  74507-3 0  9991","2 39208 098.0579 305.1195 0010559 090.2672 269.9569 14.67909660 12896"
"2.0","GENERATED VIA SPACE-TRACK.ORG API","2013-10-15T23:25:27","18 SPCS","PAYLOAD B","2013-037B","EARTH","TEME","UTC","SGP4","2013-10-15T20:48:24.479999","14.67255340","0.00061590","98.0548","305.0451","82.5531","277.6399","0","U","39209","999","1288","0.00007225200000","0.00000359","0.0000000000000","7047.985","98.142","674.191","665.509","PAYLOAD","LARGE","PRC","2013-07-19","TSC","","1564180","94086146","0 PAYLOAD B","1 39209U 13037B   13288.86695000  .00000359  00000-0  72252-4 0  9992","2 39209 098.0548 305.0451 0006159 082.5531 277.6399 14.67255340 12881"
"2.0","GENERATED VIA SPACE-TRACK.ORG API","2013-10-16T01:00:13","18 SPCS","PAYLOAD B","2013-037B","EARTH","TEME","UTC","SGP4","2013-10-16T00:04:48.592416","14.67255451","0.00061590","98.0548","305.1792","82.1215","278.0689","0","U","39209","999","1290","0.00007225200000","0.00000359","0.0000000000000","7047.984","98.142","674.190","665.509","PAYLOAD","LARGE","PRC","2013-07-19","TSC","","1564212","94086379","0 PAYLOAD B","1 39209U 13037B   13289.00334019  .00000359  00000-0  72252-4 0  9999","2 39209 098.0548 305.1792 0006159 082.1215 278.0689 14.67255451 12908"
"2.0","GENERATED VIA SPACE-TRACK.ORG API","2013-10-16T01:06:08","18 SPCS","PAYLOAD C","2013-037C","EARTH","TEME","UTC","SGP4","2013-10-16T00:10:53.184864","14.95035123","0.00352010","97.6957","305.2696","105.4814","255.0297","0","U","39210","999","1308","0.00014042000000","0.00001497","0.0000000000000","6960.405","96.318","606.771","557.768","PAYLOAD","LARGE","PRC","2013-07-19","TSC","","1564213","94086380","0 PAYLOAD C","1 39210U 13037C   13289.00756001  .00001497  00000-0  14042-3 0  9996","2 39210 097.6957 305.2696 0035201 105.4814 255.0297 14.95035123 13080"
"2.0","GENERATED VIA SPACE-TRACK.ORG API","2013-10-16T00:51:21","18 SPCS","PAYLOAD A","2013-037A","EARTH","TEME","UTC","SGP4","2013-10-16T00:22:38.180352","14.67915082","0.00104330","98.0556","305.3222","89.6824","270.5640","0","U","39208","999","1292","0.00116010000000","0.00006597","0.0000000000000","7045.873","98.098","675.089","660.387","PAYLOAD","LARGE","PRC","2013-07-19","TSC","","1564205","94086372","0 PAYLOAD A","1 39208U 13037A   13289.01571968  .00006597  00000-0  11601-2 0  9994","2 39208 098.0556 305.3222 0010433 089.6824 270.5640 14.67915082 12923"
"2.0","GENERATED VIA SPACE-TRACK.ORG API","2013-10-16T00:55:57","18 SPCS","PAYLOAD A","2013-037A","EARTH","TEME","UTC","SGP4","2013-10-16T00:22:38.180352","14.67906539","0.00105350","98.0551","305.3225","87.9203","272.3207","0","U","39208","999","1292","-0.00090452000000","-0.00005220","0.0000000000000","7045.900","98.098","675.188","660.342","PAYLOAD","LARGE","PRC","2013-07-19","TSC","","1564209","94086376","0 PAYLOAD A","1 39208U 13037A   13289.01571968 -.00005220  00000-0 -90452-3 0  9990","2 39208 098.0551 305.3225 0010535 087.9203 272.3207 14.67906539 12922"
"2.0","GENERATED VIA SPACE-TRACK.ORG API","2013-10-16T07:40:03","18 SPCS","PAYLOAD B","2013-037B","EARTH","TEME","UTC","SGP4","2013-10-16T03:21:12.745439","14.67255912","0.00061330","98.0547","305.3130","81.5396","278.6521","0","U","39209","999","1292","0.00008262000000","0.00000418","0.0000000000000","7047.983","98.142","674.170","665.525","PAYLOAD","LARGE","PRC","2013-07-19","TSC","","1564393","94089024","0 PAYLOAD B","1 39209U 13037B   13289.13973085  .00000418  00000-0  82620-4 0  9991","2 39209 098.0547 305.3130 0006133 081.5396 278.6521 14.67255912 12925"
"2.0","GENERATED VIA SPACE-TRACK.ORG API","2013-10-16T07:41:47","18 SPCS","PAYLOAD C","2013-037C","EARTH","TEME","UTC","SGP4","2013-10-16T03:23:38.631839","14.95035572","0.00351650","97.6954","305.4009","105.1073","255.4052","0","U","39210","999","1310","0.00014089000000","0.00001502","0.0000000000000","6960.403","96.318","606.745","557.792","PAYLOAD","LARGE","PRC","2013-07-19","TSC","","1564395","94089066","0 PAYLOAD C","1 39210U 13037C   13289.14141935  .00001502  00000-0  14089-3 0  9993","2 39210 097.6954 305.4009 0035165 105.1073 255.4052 14.95035572 13104"
"2.0","GENERATED VIA SPACE-TRACK.ORG API","2013-10-16T15:46:49","18 SPCS","PAYLOAD C","2013-037C","EARTH","TEME","UTC","SGP4","2013-10-16T11:25:32.215584","14.95036867","0.00351620","97.6957","305.7294","103.9891","256.5258","0","U","39210","999","1315","0.00014434000000","0.00001540","0.0000000000000","6960.399","96.318","606.738","557.790","PAYLOAD","LARGE","PRC","2013-07-19","TSC","","1564560","94092054","0 PAYLOAD C","1 39210U 13037C   13289.47606731  .00001540  00000-0  14434-3 0  9995","2 39210 097.6957 305.7294 0035162 103.9891 256.5258 14.95036867 13150"
"2.0","GENERATED VIA SPACE-TRACK.ORG API","2013-10-16T15:44:25","18 SPCS","PAYLOAD B","2013-037B","EARTH","TEME","UTC","SGP4","2013-10-16T11:32:13.095167","14.67256302","0.00061620","98.0547","305.6482","80.5153","279.6749","0","U","39209","999","1297","0.00008496500000","0.00000431","0.0000000000000","7047.982","98.142","674.190","665.504","PAYLOAD","LARGE","PRC","2013-07-19","TSC","","1564557","94091990","0 PAYLOAD B","1 39209U 13037B   13289.48070712  .00000431  00000-0  84965-4 0  9993","2 39209 098.0547 305.6482 0006162 080.5153 279.6749 14.67256302 12972"
"2.0","GENERATED VIA SPACE-TRACK.ORG API","2013-10-16T14:51:45","18 SPCS","PAYLOAD A","2013-037A","EARTH","TEME","UTC","SGP4","2013-10-16T13:27:53.998559","14.67900934","0.00106140","98.0552","305.8591","86.4300","273.8111","0","U","39208","999","1300","-0.00089391000000","-0.00005159","0.0000000000000","7045.918","98.099","675.262","660.305","PAYLOAD","LARGE","PRC","2013-07-19","TSC","","1564468","94090496","0 PAYLOAD A","1 39208U 13037A   13289.56104165 -.00005159  00000-0 -89391-3 0  9992","2 39208 098.0552 305.8591 0010614 086.4300 273.8111 14.67900934 13007"
"2.0","GENERATED VIA SPACE-TRACK.ORG API","2013-10-16T23:33:36","18 SPCS","PAYLOAD C","2013-037C","EARTH","TEME","UTC","SGP4","2013-10-16T19:27:25.801056","14.95038074","0.00352640","97.6956","306.0577","102.9963","257.5221","0","U","39210","999","1320","0.00014848000000","0.00001586","0.0000000000000","6960.396","96.318","606.806","557.715","PAYLOAD","LARGE","PRC","2013-07-19","TSC","","1564783","94095083","0 PAYLOAD C","1 39210U 13037C   13289.81071529  .00001586  00000-0  14848-3 0  9993","2 39210 097.6956 306.0577 0035264 102.9963 257.5221 14.95038074 13208"
"2.0","GENERATED VIA SPACE-TRACK.ORG API","2013-10-16T23:32:04","18 SPCS","PAYLOAD B","2013-037B","EARTH","TEME","UTC","SGP4","2013-10-16T19:43:13.504512","14.67256144","0.00061680","98.0543","305.9832","80.1223","280.0683","0","U","39209","999","1302","0.00007394000000","0.00000369","0.0000000000000","7047.982","98.142","674.194","665.500","PAYLOAD","LARGE","PRC","2013-07-19","TSC","","1564781","94095050","0 PAYLOAD B","1 39209U 13037B   13289.82168408  .00000369  00000-0  73940-4 0  9992","2 39209 098.0543 305.9832 0006168 080.1223 280.0683 14.67256144 13024"
"2.0","GENERATED VIA SPACE-TRACK.ORG API","2013-10-16T20:58:52","18 SPCS","PAYLOAD A","2013-037A","EARTH","TEME","UTC","SGP4","2013-10-16T20:00:31.986719","14.67902701","0.00105420","98.0546","306.1281","86.9245","273.3272","0","U","39208","999","1304","-0.00054523000000","-0.00003166","0.0000000000000","7045.912","98.099","675.205","660.350","PAYLOAD","LARGE","PRC","2013-07-19","TSC","","1564633","94092508","0 PAYLOAD A","1 39208U 13037A   13289.83370355 -.00003166  00000-0 -54523-3 0  9993","2 39208 098.0546 306.1281 0010542 086.9245 273.3272 14.67902701 13044"
"2.0","GENERATED VIA SPACE-TRACK.ORG API","2013-10-17T06:25:12","18 SPCS","PAYLOAD A","2013-037A","EARTH","TEME","UTC","SGP4","2013-10-17T02:33:10.627200","14.67860685","0.00104410","98.0557","306.3970","83.0185","277.2320","0","U","39208","999","1308","-0.00432270000000","-0.00024665","0.0000000000000","7046.047","98.101","675.269","660.555","PAYLOAD","LARGE","PRC","2013-07-19","TSC","","1564937","94095853","0 PAYLOAD A","1 39208U 13037A   13290.10637300 -.00024665  00000-0 -43227-2 0  9996","2 39208 098.0557 306.3970 0010441 083.0185 277.2320 14.67860685 13087"
"2.0","GENERATED VIA SPACE-TRACK.ORG API","2013-10-17T07:27:19","18 SPCS","PAYLOAD C","2013-037C","EARTH","TEME","UTC","SGP4","2013-10-17T03:29:19.275936","14.95039695","0.00353120","97.6956","306.3860","101.9325","258.5857","0","U","39210","999","1325","0.00015701000000","0.00001681","0.0000000000000","6960.390","96.318","606.834","557.677","PAYLOAD","LARGE","PRC","2013-07-19","TSC","","1565017","94097728","0 PAYLOAD C","1 39210U 13037C   13290.14536199  .00001681  00000-0  15701-3 0  9995","2 39210 097.6956 306.3860 0035312 101.9325 258.5857 14.95039695 13252"
"2.0","GENERATED VIA SPACE-TRACK.ORG API","2013-10-17T07:25:34","18 SPCS","PAYLOAD B","2013-037B","EARTH","TEME","UTC","SGP4","2013-10-17T03:54:13.819679","14.67256902","0.00061460","98.0542","306.3185","79.0932","281.0963","0","U","39209","999","1307","0.00008559800000","0.00000435","0.0000000000000","7047.980","98.142","674.176","665.513","PAYLOAD","LARGE","PRC","2013-07-19","TSC","","1565015","94097694","0 PAYLOAD B","1 39209U 13037B   13290.16265995  .00000435  00000-0  85598-4 0  9996","2 39209 098.0542 306.3185 0006146 079.0932 281.0963 14.67256902 13078"
"2.0","GENERATED VIA SPACE-TRACK.ORG API","2013-10-17T09:07:32","18 SPCS","PAYLOAD B","2013-037B","EARTH","TEME","UTC","SGP4","2013-10-17T07:10:37.962336","14.67257174","0.00061510","98.0545","306.4525","78.7672","281.4230","0","U","39209","999","1309","0.00008955400000","0.00000457","0.0000000000000","7047.979","98.142","674.179","665.509","PAYLOAD","LARGE","PRC","2013-07-19","TSC","","1565030","94097911","0 PAYLOAD B","1 39209U 13037B   13290.29905049  .00000457  00000-0  89554-4 0  9991","2 39209 098.0545 306.4525 0006151 078.7672 281.4230 14.67257174 13098"
"2.0","GENERATED VIA SPACE-TRACK.ORG API","2013-10-17T11:08:37","18 SPCS","PAYLOAD A","2013-037A","EARTH","TEME","UTC","SGP4","2013-10-17T07:27:39.449663","14.67852941","0.00101790","98.0569","306.5987","82.0443","278.2057","0","U","39208","999","1311","-0.00432100000000","-0.00024650","0.0000000000000","7046.072","98.102","675.109","660.764","PAYLOAD","LARGE","PRC","2013-07-19","TSC","","1565039","94098062","0 PAYLOAD A","1 39208U 13037A   13290.31087326 -.00024650  00000-0 -43210-2 0  9992","2 39208 098.0569 306.5987 0010179 082.0443 278.2057 14.67852941 13112"
"2.0","GENERATED VIA SPACE-TRACK.ORG API","2013-10-17T09:12:39","18 SPCS","PAYLOAD C","2013-037C","EARTH","TEME","UTC","SGP4","2013-10-17T08:18:27.385919","14.95040262","0.00353640","97.6959","306.5833","101.1667","259.3517","0","U","39210","999","1328","0.00015496000000","0.00001658","0.0000000000000","6960.389","96.318","606.868","557.639","PAYLOAD","LARGE","PRC","2013-07-19","TSC","","1565031","94097912","0 PAYLOAD C","1 39210U 13037C   13290.34615030  .00001658  00000-0  15496-3 0  9994","2 39210 097.6959 306.5833 0035364 101.1667 259.3517 14.95040262 13282"
"2.0","GENERATED VIA SPACE-TRACK.ORG API","2013-10-17T11:44:09","18 SPCS","PAYLOAD A","2013-037A","EARTH","TEME","UTC","SGP4","2013-10-17T10:43:58.605312","14.67910491","0.00103670","98.0541","306.7314","85.7788","274.5713","0","U","39208","999","1313","0.00027918000000","0.00001550","0.0000000000000","7045.888","98.098","675.057","660.448","PAYLOAD","LARGE","PRC","2013-07-19","TSC","","1565068","94098747","0 PAYLOAD A","1 39208U 13037A   13290.44720608  .00001550  00000-0  27918-3 0  9993","2 39208 098.0541 306.7314 0010367 085.7788 274.5713 14.67910491 13134"
"2.0","GENERATED VIA SPACE-TRACK.ORG API","2013-10-17T21:42:36","18 SPCS","PAYLOAD B","2013-037B","EARTH","TEME","UTC","SGP4","2013-10-17T15:21:38.303423","14.67257309","0.00061460","98.0541","306.7874","77.9564","282.2326","0","U","39209","999","1314","0.00008291200000","0.00000419","0.0000000000000","7047.978","98.142","674.175","665.512","PAYLOAD","LARGE","PRC","2013-07-19","TSC","","1565373","94103219","0 PAYLOAD B","1 39209U 13037B   13290.64002666  .00000419  00000-0  82912-4 0  9992","2 39209 098.0541 306.7874 0006146 077.9564 282.2326 14.67257309 13140"
"2.0","GENERATED VIA SPACE-TRACK.ORG API","2013-10-17T16:12:11","18 SPCS","PAYLOAD A","2013-037A","EARTH","TEME","UTC","SGP4","2013-10-17T15:38:25.132991","14.67905712","0.00105230","98.0548","306.9328","83.9550","276.2725","0","U","39208","999","1316","-0.00013187000000","-0.00000803","0.0000000000000","7045.903","98.098","675.182","660.353","PAYLOAD","LARGE","PRC","2013-07-19","TSC","","1565151","94099584","0 PAYLOAD A","1 39208U 13037A   13290.65167978 -.00000803  00000-0 -13187-3 0  9996","2 39208 098.0548 306.9328 0010523 083.9550 276.2725 14.67905712 13164"
"2.0","GENERATED VIA SPACE-TRACK.ORG API","2013-10-17T21:44:19","18 SPCS","PAYLOAD C","2013-037C","EARTH","TEME","UTC","SGP4","2013-10-17T16:20:20.883264","14.95041484","0.00353280","97.6955","306.9114","100.1526","260.3680","0","U","39210","999","1333","0.00015621000000","0.00001672","0.0000000000000","6960.385","96.318","606.840","557.660","PAYLOAD","LARGE","PRC","2013-07-19","TSC","","1565375","94103266","0 PAYLOAD C","1 39210U 13037C   13290.68079726  .00001672  00000-0  15621-3 0  9993","2 39210 097.6955 306.9114 0035328 100.1526 260.3680 14.95041484 13333"
"2.0","GENERATED VIA SPACE-TRACK.ORG API","2013-10-17T20:30:20","18 SPCS","PAYLOAD A","2013-037A","EARTH","TEME","UTC","SGP4","2013-10-17T18:54:44.281727","14.67905169","0.00104950","98.0547","307.0672","83.7406","276.4997","0","U","39208","999","1318","-0.00016144000000","-0.00000972","0.0000000000000","7045.905","98.098","675.164","660.375","PAYLOAD","LARGE","PRC","2013-07-19","TSC","","1565277","94101003","0 PAYLOAD A","1 39208U 13037A   13290.78801252 -.00000972  00000-0 -16144-3 0  9993","2 39208 098.0547 307.0672 0010495 083.7406 276.4997 14.67905169 13184"
"2.0","GENERATED VIA SPACE-TRACK.ORG API","2013-10-17T22:58:51","18 SPCS","PAYLOAD C","2013-037C","EARTH","TEME","UTC","SGP4","2013-10-17T19:33:06.278400","14.95041617","0.00353470","97.6955","307.0427","99.7211","260.7987","0","U","39210","999","1335","0.00015199000000","0.00001626","0.0000000000000","6960.385","96.318","606.852","557.647","PAYLOAD","LARGE","PRC","2013-07-19","TSC","","1565453","94105014","0 PAYLOAD C","1 39210U 13037C   13290.81465600  .00001626  00000-0  15199-3 0  9997","2 39210 097.6955 307.0427 0035347 099.7211 260.7987 14.95041617 13351"
"2.0","GENERATED VIA SPACE-TRACK.ORG API","2013-10-17T22:57:06","18 SPCS","PAYLOAD B","2013-037B","EARTH","TEME","UTC","SGP4","2013-10-17T20:16:14.513951","14.67257394","0.00061290","98.0541","306.9889","78.0582","282.1312","0","U","39209","999","1317","0.00008066800000","0.00000407","0.0000000000000","7047.978","98.142","674.163","665.523","PAYLOAD","LARGE","PRC","2013-07-19","TSC","","1565451","94104984","0 PAYLOAD B","1 39209U 13037B   13290.84461243  .00000407  00000-0  80668-4 0  9997","2 39209 098.0541 306.9889 0006129 078.0582 282.1312 14.67257394 13172"
"2.0","GENERATED VIA SPACE-TRACK.ORG API","2013-10-18T06:26:28","18 SPCS","PAYLOAD A","2013-037A","EARTH","TEME","UTC","SGP4","2013-10-18T03:05:31.506431","14.67907002","0.00104720","98.0546","307.4025","83.2963","276.9441","0","U","39208","999","1323","-0.00004955800000","-0.00000332","0.0000000000000","7045.899","98.098","675.142","660.385","PAYLOAD","LARGE","PRC","2013-07-19","TSC","","1565563","94105748","0 PAYLOAD A","1 39208U 13037A   13291.12883688 -.00000332  00000-0 -49558-4 0  9991","2 39208 098.0546 307.4025 0010472 083.2963 276.9441 14.67907002 13230"
"2.0","GENERATED VIA SPACE-TRACK.ORG API","2013-10-18T08:02:10","18 SPCS","PAYLOAD C","2013-037C","EARTH","TEME","UTC","SGP4","2013-10-18T03:34:59.755871","14.95042772","0.00353770","97.6955","307.3714","98.6096","261.9119","0","U","39210","999","1340","0.00015323000000","0.00001639","0.0000000000000","6960.381","96.318","606.870","557.622","PAYLOAD","LARGE","PRC","2013-07-19","TSC","","1565654","94107878","0 PAYLOAD C","1 39210U 13037C   13291.14930273  .00001639  00000-0  15323-3 0  9990","2 39210 097.6955 307.3714 0035377 098.6096 261.9119 14.95042772 13404"
"2.0","GENERATED VIA SPACE-TRACK.ORG API","2013-10-18T08:00:44","18 SPCS","PAYLOAD B","2013-037B","EARTH","TEME","UTC","SGP4","2013-10-18T04:27:14.837759","14.67257899","0.00061470","98.0540","307.3241","77.1884","283.0002","0","U","39209","999","1322","0.00008722200000","0.00000444","0.0000000000000","7047.977","98.142","674.174","665.509","PAYLOAD","LARGE","PRC","2013-07-19","TSC","","1565652","94107837","0 PAYLOAD B","1 39209U 13037B   13291.18558840  .00000444  00000-0  87222-4 0  9999","2 39209 098.0540 307.3241 0006147 077.1884 283.0002 14.67257899 13225"
"2.0","GENERATED VIA SPACE-TRACK.ORG API","2013-10-18T11:08:42","18 SPCS","PAYLOAD B","2013-037B","EARTH","TEME","UTC","SGP4","2013-10-18T09:21:51.042240","14.67258181","0.00061590","98.0542","307.5252","76.3691","283.8201","0","U","39209","999","1325","0.00008872800000","0.00000452","0.0000000000000","7047.976","98.142","674.181","665.500","PAYLOAD","LARGE","PRC","2013-07-19","TSC","","1565671","94108088","0 PAYLOAD B","1 39209U 13037B   13291.39017410  .00000452  00000-0  88728-4 0  9996","2 39209 098.0542 307.5252 0006159 076.3691 283.8201 14.67258181 13258"
"2.0","GENERATED VIA SPACE-TRACK.ORG API","2013-10-18T11:05:36","18 SPCS","PAYLOAD A","2013-037A","EARTH","TEME","UTC","SGP4","2013-10-18T09:38:09.338207","14.67907253","0.00105040","98.0550","307.6705","82.1771","278.0625","0","U","39208","999","1327","-0.00003179000000","-0.00000230","0.0000000000000","7045.898","98.098","675.164","660.362","PAYLOAD","LARGE","PRC","2013-07-19","TSC","","1565669","94108086","0 PAYLOAD A","1 39208U 13037A   13291.40149697 -.00000230  00000-0 -31790-4 0  9993","2 39208 098.0550 307.6705 0010504 082.1771 278.0625 14.67907253 13272"
"2.0","GENERATED VIA SPACE-TRACK.ORG API","2013-10-18T11:12:15","18 SPCS","PAYLOAD C","2013-037C","EARTH","TEME","UTC","SGP4","2013-10-18T10:00:30.540095","14.95043516","0.00353900","97.6957","307.6342","97.6264","262.8966","0","U","39210","999","1344","0.00015090000000","0.00001614","0.0000000000000","6960.379","96.318","606.876","557.611","PAYLOAD","LARGE","PRC","2013-07-19","TSC","","1565672","94108089","0 PAYLOAD C","1 39210U 13037C   13291.41702014  .00001614  00000-0  15090-3 0  9994","2 39210 097.6957 307.6342 0035390 097.6264 262.8966 14.95043516 13448"
"2.0","GENERATED VIA SPACE-TRACK.ORG API","2013-10-18T23:16:31","18 SPCS","PAYLOAD B","2013-037B","EARTH","TEME","UTC","SGP4","2013-10-18T17:32:51.378144","14.67257973","0.00061440","98.0538","307.8603","75.7419","284.4451","0","U","39209","999","1330","0.00007526100000","0.00000376","0.0000000000000","7047.976","98.142","674.172","665.511","PAYLOAD","LARGE","PRC","2013-07-19","TSC","","1565983","94113496","0 PAYLOAD B","1 39209U 13037B   13291.73115021  .00000376  00000-0  75261-4 0  9994","2 39209 098.0538 307.8603 0006144 075.7419 284.4451 14.67257973 13309"
"2.0","GENERATED VIA SPACE-TRACK.ORG API","2013-10-18T23:17:41","18 SPCS","PAYLOAD C","2013-037C","EARTH","TEME","UTC","SGP4","2013-10-18T18:02:23.982144","14.95043371","0.00352920","97.6953","307.9622","96.6899","263.8291","0","U","39210","999","1349","0.00013439000000","0.00001431","0.0000000000000","6960.379","96.318","606.809","557.680","PAYLOAD","LARGE","PRC","2013-07-19","TSC","","1565984","94113533","0 PAYLOAD C","1 39210U 13037C   13291.75166646  .00001431  00000-0  13439-3 0  9998","2 39210 097.6953 307.9622 0035292 096.6899 263.8291 14.95043371 13498"
"2.0","GENERATED VIA SPACE-TRACK.ORG API","2013-10-18T22:25:09","18 SPCS","PAYLOAD A","2013-037A","EARTH","TEME","UTC","SGP4","2013-10-18T19:27:06.154559","14.67917636","0.00098510","98.0565","308.0736","79.4917","280.7459","0","U","39208","999","1333","0.01929600000000","0.00112246","0.0000000000000","7045.865","98.098","674.671","660.789","PAYLOAD","LARGE","PRC","2013-07-19","TSC","","1565920","94111984","0 PAYLOAD A","1 39208U 13037A   13291.81048790  .00112246  00000-0  19296-1 0  9993","2 39208 098.0565 308.0736 0009851 079.4917 280.7459 14.67917636 13339"
"2.0","GENERATED VIA SPACE-TRACK.ORG API","2013-10-19T07:55:39","18 SPCS","PAYLOAD B","2013-037B","EARTH","TEME","UTC","SGP4","2013-10-19T01:43:51.710592","14.67258745","0.00061090","98.0537","308.1954","74.8615","285.3283","0","U","39209","999","1335","0.00008669900000","0.00000441","0.0000000000000","7047.974","98.142","674.144","665.533","PAYLOAD","LARGE","PRC","2013-07-19","TSC","","1566159","94116312","0 PAYLOAD B","1 39209U 13037B   13292.07212628  .00000441  00000-0  86699-4 0  9993","2 39209 098.0537 308.1954 0006109 074.8615 285.3283 14.67258745 13356"
"2.0","GENERATED VIA SPACE-TRACK.ORG API","2013-10-19T07:57:17","18 SPCS","PAYLOAD C","2013-037C","EARTH","TEME","UTC","SGP4","2013-10-19T02:04:17.476031","14.95044328","0.00353010","97.6952","308.2906","95.6060","264.9187","0","U","39210","999","1354","0.00013195000000","0.00001404","0.0000000000000","6960.376","96.318","606.812","557.670","PAYLOAD","LARGE","PRC","2013-07-19","TSC","","1566161","94116349","0 PAYLOAD C","1 39210U 13037C   13292.08631338  .00001404  00000-0  13195-3 0  9999","2 39210 097.6952 308.2906 0035301 095.6060 264.9187 14.95044328 13541"
"2.0","GENERATED VIA SPACE-TRACK.ORG API","2013-10-19T06:26:54","18 SPCS","PAYLOAD A","2013-037A","EARTH","TEME","UTC","SGP4","2013-10-19T03:37:53.346431","14.67908045","0.00104200","98.0546","308.4086","79.9272","280.3109","0","U","39208","999","1338","0.00000684020000","-0.00000009","0.0000000000000","7045.895","98.098","675.102","660.419","PAYLOAD","LARGE","PRC","2013-07-19","TSC","","1566075","94114254","0 PAYLOAD A","1 39208U 13037A   13292.15131188 -.00000009  00000-0  68402-5 0  9996","2 39208 098.0546 308.4086 0010420 079.9272 280.3109 14.67908045 13380"
"2.0","GENERATED VIA SPACE-TRACK.ORG API","2013-10-19T09:26:40","18 SPCS","PAYLOAD A","2013-037A","EARTH","TEME","UTC","SGP4","2013-10-19T08:32:21.729120","14.67906673","0.00104220","98.0550","308.6098","79.1641","281.0687","0","U","39208","999","1341","-0.00004198500000","-0.00000289","0.0000000000000","7045.900","98.098","675.108","660.421","PAYLOAD","LARGE","PRC","2013-07-19","TSC","","1566170","94116536","0 PAYLOAD A","1 39208U 13037A   13292.35580705 -.00000289  00000-0 -41985-4 0  9998","2 39208 098.0550 308.6098 0010422 079.1641 281.0687 14.67906673 13412"
"2.0","GENERATED VIA SPACE-TRACK.ORG API","2013-10-19T15:46:11","18 SPCS","PAYLOAD B","2013-037B","EARTH","TEME","UTC","SGP4","2013-10-19T09:54:51.992928","14.67259014","0.00060980","98.0534","308.5306","73.8371","286.3505","0","U","39209","999","1340","0.00008382300000","0.00000425","0.0000000000000","7047.973","98.142","674.136","665.540","PAYLOAD","LARGE","PRC","2013-07-19","TSC","","1566305","94119349","0 PAYLOAD B","1 39209U 13037B   13292.41310177  .00000425  00000-0  83823-4 0  9997","2 39209 098.0534 308.5306 0006098 073.8371 286.3505 14.67259014 13407"
"2.0","GENERATED VIA SPACE-TRACK.ORG API","2013-10-19T15:47:43","18 SPCS","PAYLOAD C","2013-037C","EARTH","TEME","UTC","SGP4","2013-10-19T10:06:10.913759","14.95044728","0.00353050","97.6951","308.6192","94.5589","265.9662","0","U","39210","999","1359","0.00012331000000","0.00001308","0.0000000000000","6960.375","96.318","606.813","557.666","PAYLOAD","LARGE","PRC","2013-07-19","TSC","","1566308","94119390","0 PAYLOAD C","1 39210U 13037C   13292.42095965  .00001308  00000-0  12331-3 0  9991","2 39210 097.6951 308.6192 0035305 094.5589 265.9662 14.95044728 13597"
"2.0","GENERATED VIA SPACE-TRACK.ORG API","2013-10-19T14:29:48","18 SPCS","PAYLOAD A","2013-037A","EARTH","TEME","UTC","SGP4","2013-10-19T11:48:40.738751","14.67906337","0.00103700","98.0549","308.7439","78.9656","281.2710","0","U","39208","999","1343","-0.00004950900000","-0.00000332","0.0000000000000","7045.901","98.098","675.072","660.459","PAYLOAD","LARGE","PRC","2013-07-19","TSC","","1566208","94117158","0 PAYLOAD A","1 39208U 13037A   13292.49213818 -.00000332  00000-0 -49509-4 0  9990","2 39208 098.0549 308.7439 0010370 078.9656 281.2710 14.67906337 13433"
"2.0","GENERATED VIA SPACE-TRACK.ORG API","2013-10-19T23:36:21","18 SPCS","PAYLOAD B","2013-037B","EARTH","TEME","UTC","SGP4","2013-10-19T18:05:52.302047","14.67258885","0.00060800","98.0534","308.8657","73.0777","287.1073","0","U","39209","999","1345","0.00007243500000","0.00000360","0.0000000000000","7047.973","98.142","674.124","665.553","PAYLOAD","LARGE","PRC","2013-07-19","TSC","","1566485","94122175","0 PAYLOAD B","1 39209U 13037B   13292.75407757  .00000360  00000-0  72435-4 0  9990","2 39209 098.0534 308.8657 0006080 073.0777 287.1073 14.67258885 13451"
"2.0","GENERATED VIA SPACE-TRACK.ORG API","2013-10-19T23:38:19","18 SPCS","PAYLOAD C","2013-037C","EARTH","TEME","UTC","SGP4","2013-10-19T18:08:04.326431","14.95044606","0.00352600","97.6950","308.9474","93.4682","267.0524","0","U","39210","999","1364","0.00011074000000","0.00001168","0.0000000000000","6960.375","96.318","606.783","557.698","PAYLOAD","LARGE","PRC","2013-07-19","TSC","","1566490","94122231","0 PAYLOAD C","1 39210U 13037C   13292.75560563  .00001168  00000-0  11074-3 0  9995","2 39210 097.6950 308.9474 0035260 093.4682 267.0524 14.95044606 13645"
"2.0","GENERATED VIA SPACE-TRACK.ORG API","2013-10-19T21:04:29","18 SPCS","PAYLOAD A","2013-037A","EARTH","TEME","UTC","SGP4","2013-10-19T19:59:28.145760","14.67906108","0.00104660","98.0549","309.0792","78.2399","281.9985","0","U","39208","999","1348","-0.00004168700000","-0.00000287","0.0000000000000","7045.902","98.098","675.141","660.392","PAYLOAD","LARGE","PRC","2013-07-19","TSC","","1566338","94119603","0 PAYLOAD A","1 39208U 13037A   13292.83296465 -.00000287  00000-0 -41687-4 0  9995","2 39208 098.0549 309.0792 0010466 078.2399 281.9985 14.67906108 13484"
"2.0","GENERATED VIA SPACE-TRACK.ORG API","2013-10-20T07:53:30","18 SPCS","PAYLOAD B","2013-037B","EARTH","TEME","UTC","SGP4","2013-10-20T02:16:52.640544","14.67259927","0.00061250","98.0533","309.2012","72.2180","287.9720","0","U","39209","999","1350","0.00009458100000","0.00000485","0.0000000000000","7047.970","98.142","674.152","665.518","PAYLOAD","LARGE","PRC","2013-07-19","TSC","","1566685","94125037","0 PAYLOAD B","1 39209U 13037B   13293.09505371  .00000485  00000-0  94581-4 0  9993","2 39209 098.0533 309.2012 0006125 072.2180 287.9720 14.67259927 13500"
"2.0","GENERATED VIA SPACE-TRACK.ORG API","2013-10-20T07:53:48","18 SPCS","PAYLOAD C","2013-037C","EARTH","TEME","UTC","SGP4","2013-10-20T03:46:20.495423","14.95044671","0.00352710","97.6947","309.3416","92.1545","268.3691","0","U","39210","999","1370","0.00009554800000","0.00001000","0.0000000000000","6960.375","96.318","606.790","557.690","PAYLOAD","LARGE","PRC","2013-07-19","TSC","","1566686","94125069","0 PAYLOAD C","1 39210U 13037C   13293.15718166  .00001000  00000-0  95548-4 0  9998","2 39210 097.6947 309.3416 0035271 092.1545 268.3691 14.95044671 13706"
"2.0","GENERATED VIA SPACE-TRACK.ORG API","2013-10-20T06:38:33","18 SPCS","PAYLOAD A","2013-037A","EARTH","TEME","UTC","SGP4","2013-10-20T04:10:15.408480","14.67906667","0.00103580","98.0547","309.4144","77.6027","282.6343","0","U","39208","999","1353","-0.00001540300000","-0.00000136","0.0000000000000","7045.900","98.098","675.063","660.467","PAYLOAD","LARGE","PRC","2013-07-19","TSC","","1566604","94123068","0 PAYLOAD A","1 39208U 13037A   13293.17378945 -.00000136  00000-0 -15403-4 0  9997","2 39208 098.0547 309.4144 0010358 077.6027 282.6343 14.67906667 13530"
"2.0","GENERATED VIA SPACE-TRACK.ORG API","2013-10-20T15:49:57","18 SPCS","PAYLOAD B","2013-037B","EARTH","TEME","UTC","SGP4","2013-10-20T10:27:52.877951","14.67260325","0.00061230","98.0534","309.5364","71.2861","288.9009","0","U","39209","999","1355","0.00009508500000","0.00000488","0.0000000000000","7047.969","98.142","674.149","665.518","PAYLOAD","LARGE","PRC","2013-07-19","TSC","","1566831","94128288","0 PAYLOAD B","1 39209U 13037B   13293.43602868  .00000488  00000-0  95085-4 0  9993","2 39209 098.0534 309.5364 0006123 071.2861 288.9009 14.67260325 13557"
"2.0","GENERATED VIA SPACE-TRACK.ORG API","2013-10-20T11:34:40","18 SPCS","PAYLOAD A","2013-037A","EARTH","TEME","UTC","SGP4","2013-10-20T10:42:53.209152","14.67907938","0.00104050","98.0546","309.6827","76.8397","283.3989","0","U","39208","999","1357","0.00002579500000","0.00000099","0.0000000000000","7045.896","98.098","675.092","660.429","PAYLOAD","LARGE","PRC","2013-07-19","TSC","","1566698","94125284","0 PAYLOAD A","1 39208U 13037A   13293.44644918  .00000099  00000-0  25795-4 0  9994","2 39208 098.0546 309.6827 0010405 076.8397 283.3989 14.67907938 13573"
"2.0","GENERATED VIA SPACE-TRACK.ORG API","2013-10-20T15:51:36","18 SPCS","PAYLOAD C","2013-037C","EARTH","TEME","UTC","SGP4","2013-10-20T11:48:13.948703","14.95044778","0.00352380","97.6946","309.6698","91.0688","269.4560","0","U","39210","999","1375","0.00008684800000","0.00000904","0.0000000000000","6960.375","96.318","606.767","557.713","PAYLOAD","LARGE","PRC","2013-07-19","TSC","","1566833","94128331","0 PAYLOAD C","1 39210U 13037C   13293.49182811  .00000904  00000-0  86848-4 0  9992","2 39210 097.6946 309.6698 0035238 091.0688 269.4560 14.95044778 13759"
"2.0","GENERATED VIA SPACE-TRACK.ORG API","2013-10-20T17:42:44","18 SPCS","PAYLOAD A","2013-037A","EARTH","TEME","UTC","SGP4","2013-10-20T15:37:21.491616","14.67888965","0.00104390","98.0532","309.8823","74.5274","285.7035","0","U","39208","999","1360","-0.00725010000000","-0.00041261","0.0000000000000","7045.956","98.100","675.177","660.466","PAYLOAD","LARGE","PRC","2013-07-19","TSC","","1566858","94128524","0 PAYLOAD A","1 39208U 13037A   13293.65094319 -.00041261  00000-0 -72501-2 0  9994","2 39208 098.0532 309.8823 0010439 074.5274 285.7035 14.67888965 13602"
"2.0","GENERATED VIA SPACE-TRACK.ORG API","2013-10-20T22:29:01","18 SPCS","PAYLOAD A","2013-037A","EARTH","TEME","UTC","SGP4","2013-10-20T17:15:31.116095","14.67908844","0.00103910","98.0544","309.9509","75.9151","284.3310","0","U","39208","999","1361","0.00005196700000","0.00000249","0.0000000000000","7045.893","98.098","675.079","660.436","PAYLOAD","LARGE","PRC","2013-07-19","TSC","","1566905","94129127","0 PAYLOAD A","1 39208U 13037A   13293.71911014  .00000249  00000-0  51967-4 0  9995","2 39208 098.0544 309.9509 0010391 075.9151 284.3310 14.67908844 13614"
"2.0","GENERATED VIA SPACE-TRACK.ORG API","2013-10-20T23:36:24","18 SPCS","PAYLOAD B","2013-037B","EARTH","TEME","UTC","SGP4","2013-10-20T18:38:53.157695","14.67260275","0.00060950","98.0534","309.8715","70.7770","289.4080","0","U","39209","999","1360","0.00008380400000","0.00000425","0.0000000000000","7047.969","98.142","674.130","665.538","PAYLOAD","LARGE","PRC","2013-07-19","TSC","","1566996","94131142","0 PAYLOAD B","1 39209U 13037B   13293.77700414  .00000425  00000-0  83804-4 0  9993","2 39209 098.0534 309.8715 0006095 070.7770 289.4080 14.67260275 13606"
"2.0","GENERATED VIA SPACE-TRACK.ORG API","2013-10-20T23:37:39","18 SPCS","PAYLOAD C","2013-037C","EARTH","TEME","UTC","SGP4","2013-10-20T19:50:07.382976","14.95044522","0.00352170","97.6946","309.9981","90.0578","270.4649","0","U","39210","999","1380","0.00007603400000","0.00000784","0.0000000000000","6960.376","96.318","606.753","557.728","PAYLOAD","LARGE","PRC","2013-07-19","TSC","","1566997","94131179","0 PAYLOAD C","1 39210U 13037C   13293.82647434  .00000784  00000-0  76034-4 0  9998","2 39210 097.6946 309.9981 0035217 090.0578 270.4649 14.95044522 13804"
"2.0","GENERATED VIA SPACE-TRACK.ORG API","2013-10-21T07:23:49","18 SPCS","PAYLOAD B","2013-037B","EARTH","TEME","UTC","SGP4","2013-10-21T01:11:41.409312","14.67260630","0.00060610","98.0531","310.1396","70.2433","289.9434","0","U","39209","999","1364","0.00008746800000","0.00000445","0.0000000000000","7047.968","98.142","674.105","665.561","PAYLOAD","LARGE","PRC","2013-07-19","TSC","","1567186","94133715","0 PAYLOAD B","1 39209U 13037B   13294.04978483  .00000445  00000-0  87468-4 0  9999","2 39209 098.0531 310.1396 0006061 070.2433 289.9434 14.67260630 13644"
"2.0","GENERATED VIA SPACE-TRACK.ORG API","2013-10-21T07:24:07","18 SPCS","PAYLOAD C","2013-037C","EARTH","TEME","UTC","SGP4","2013-10-21T03:52:00.859584","14.95044116","0.00352780","97.6940","310.3268","88.9081","271.6165","0","U","39210","999","1385","0.00005906200000","0.00000596","0.0000000000000","6960.377","96.318","606.797","557.687","PAYLOAD","LARGE","PRC","2013-07-19","TSC","","1567187","94133749","0 PAYLOAD C","1 39210U 13037C   13294.16112106  .00000596  00000-0  59062-4 0  9992","2 39210 097.6940 310.3268 0035278 088.9081 271.6165 14.95044116 13854"
"2.0","GENERATED VIA SPACE-TRACK.ORG API","2013-10-21T06:25:51","18 SPCS","PAYLOAD A","2013-037A","EARTH","TEME","UTC","SGP4","2013-10-21T04:42:37.118015","14.67909417","0.00103860","98.0544","310.4204","74.4288","285.8071","0","U","39208","999","1368","0.00005935100000","0.00000291","0.0000000000000","7045.891","98.098","675.074","660.438","PAYLOAD","LARGE","PRC","2013-07-19","TSC","","1567110","94131922","0 PAYLOAD A","1 39208U 13037A   13294.19626294  .00000291  00000-0  59351-4 0  9993","2 39208 098.0544 310.4204 0010386 074.4288 285.8071 14.67909417 13686"
"2.0","GENERATED VIA SPACE-TRACK.ORG API","2013-10-21T16:07:58","18 SPCS","PAYLOAD B","2013-037B","EARTH","TEME","UTC","SGP4","2013-10-21T09:22:41.677824","14.67260873","0.00060620","98.0532","310.4747","69.1881","290.9974","0","U","39209","999","1369","0.00008485400000","0.00000430","0.0000000000000","7047.967","98.142","674.105","665.560","PAYLOAD","LARGE","PRC","2013-07-19","TSC","","1567352","94136742","0 PAYLOAD B","1 39209U 13037B   13294.39076016  .00000430  00000-0  84854-4 0  9998","2 39209 098.0532 310.4747 0006062 069.1881 290.9974 14.67260873 13698"
"2.0","GENERATED VIA SPACE-TRACK.ORG API","2013-10-21T14:30:06","18 SPCS","PAYLOAD A","2013-037A","EARTH","TEME","UTC","SGP4","2013-10-21T11:15:14.888447","14.67910362","0.00104060","98.0541","310.6883","73.7967","286.4402","0","U","39208","999","1372","0.00007990400000","0.00000409","0.0000000000000","7045.888","98.098","675.085","660.421","PAYLOAD","LARGE","PRC","2013-07-19","TSC","","1567234","94134535","0 PAYLOAD A","1 39208U 13037A   13294.46892232  .00000409  00000-0  79904-4 0  9997","2 39208 098.0541 310.6883 0010406 073.7967 286.4402 14.67910362 13728"
"2.0","GENERATED VIA SPACE-TRACK.ORG API","2013-10-21T16:08:20","18 SPCS","PAYLOAD C","2013-037C","EARTH","TEME","UTC","SGP4","2013-10-21T11:53:54.289536","14.95044191","0.00352180","97.6940","310.6551","87.7809","272.7434","0","U","39210","999","1390","0.00005398200000","0.00000540","0.0000000000000","6960.377","96.318","606.755","557.728","PAYLOAD","LARGE","PRC","2013-07-19","TSC","","1567353","94136776","0 PAYLOAD C","1 39210U 13037C   13294.49576724  .00000540  00000-0  53982-4 0  9992","2 39210 097.6940 310.6551 0035218 087.7809 272.7434 14.95044191 13901"
"2.0","GENERATED VIA SPACE-TRACK.ORG API","2013-10-21T16:15:11","18 SPCS","PAYLOAD A","2013-037A","EARTH","TEME","UTC","SGP4","2013-10-21T14:31:33.754656","14.67902681","0.00109560","98.0542","310.8192","71.2316","288.9946","0","U","39208","999","1374","-0.00194890000000","-0.00011181","0.0000000000000","7045.913","98.099","675.497","660.058","PAYLOAD","LARGE","PRC","2013-07-19","TSC","","1567362","94136953","0 PAYLOAD A","1 39208U 13037A   13294.60525179 -.00011181  00000-0 -19489-2 0  9997","2 39208 098.0542 310.8192 0010956 071.2316 288.9946 14.67902681 13742"
"2.0","GENERATED VIA SPACE-TRACK.ORG API","2013-10-21T23:37:51","18 SPCS","PAYLOAD B","2013-037B","EARTH","TEME","UTC","SGP4","2013-10-21T17:33:41.954976","14.67260800","0.00060420","98.0532","310.8099","68.0985","292.0850","0","U","39209","999","1374","0.00007522200000","0.00000376","0.0000000000000","7047.967","98.142","674.091","665.574","PAYLOAD","LARGE","PRC","2013-07-19","TSC","","1567699","94139872","0 PAYLOAD B","1 39209U 13037B   13294.73173559  .00000376  00000-0  75222-4 0  9994","2 39209 098.0532 310.8099 0006042 068.0985 292.0850 14.67260800 13745"
"2.0","GENERATED VIA SPACE-TRACK.ORG API","2013-10-21T22:31:49","18 SPCS","PAYLOAD A","2013-037A","EARTH","TEME","UTC","SGP4","2013-10-21T17:47:52.938815","14.67910880","0.00103770","98.0544","310.9566","72.5181","287.7335","0","U","39208","999","1376","0.00009486700000","0.00000495","0.0000000000000","7045.886","98.098","675.063","660.440","PAYLOAD","LARGE","PRC","2013-07-19","TSC","","1567615","94137877","0 PAYLOAD A","1 39208U 13037A   13294.74158494  .00000495  00000-0  94867-4 0  9993","2 39208 098.0544 310.9566 0010377 072.5181 287.7335 14.67910880 13762"
"2.0","GENERATED VIA SPACE-TRACK.ORG API","2013-10-21T23:39:18","18 SPCS","PAYLOAD C","2013-037C","EARTH","TEME","UTC","SGP4","2013-10-21T19:55:47.729855","14.95043382","0.00351890","97.6938","310.9836","86.6920","273.8297","0","U","39210","999","1395","0.00003529900000","0.00000333","0.0000000000000","6960.379","96.318","606.737","557.751","PAYLOAD","LARGE","PRC","2013-07-19","TSC","","1567700","94139906","0 PAYLOAD C","1 39210U 13037C   13294.83041354  .00000333  00000-0  35299-4 0  9997","2 39210 097.6938 310.9836 0035189 086.6920 273.8297 14.95043382 13951"
"2.0","GENERATED VIA SPACE-TRACK.ORG API","2013-10-22T07:27:09","18 SPCS","PAYLOAD B","2013-037B","EARTH","TEME","UTC","SGP4","2013-10-22T01:44:42.194975","14.67261505","0.00060010","98.0531","311.1451","67.1374","293.0464","0","U","39209","999","1379","0.00008427100000","0.00000427","0.0000000000000","7047.965","98.142","674.059","665.601","PAYLOAD","LARGE","PRC","2013-07-19","TSC","","1567843","94142499","0 PAYLOAD B","1 39209U 13037B   13295.07271059  .00000427  00000-0  84271-4 0  9997","2 39209 098.0531 311.1451 0006001 067.1374 293.0464 14.67261505 13797"
"2.0","GENERATED VIA SPACE-TRACK.ORG API","2013-10-22T06:25:16","18 SPCS","PAYLOAD A","2013-037A","EARTH","TEME","UTC","SGP4","2013-10-22T01:58:39.824832","14.67912105","0.00103980","98.0543","311.2918","71.9182","288.3158","0","U","39208","999","1381","0.00012254000000","0.00000653","0.0000000000000","7045.882","98.098","675.074","660.421","PAYLOAD","LARGE","PRC","2013-07-19","TSC","","1567766","94140621","0 PAYLOAD A","1 39208U 13037A   13295.08240538  .00000653  00000-0  12254-3 0  9997","2 39208 098.0543 311.2918 0010398 071.9182 288.3158 14.67912105 13811"
"2.0","GENERATED VIA SPACE-TRACK.ORG API","2013-10-22T07:28:30","18 SPCS","PAYLOAD C","2013-037C","EARTH","TEME","UTC","SGP4","2013-10-22T03:57:41.180544","14.95043675","0.00351560","97.6935","311.3118","85.6295","274.8948","0","U","39210","999","1400","0.00003459500000","0.00000325","0.0000000000000","6960.378","96.318","606.713","557.773","PAYLOAD","LARGE","PRC","2013-07-19","TSC","","1567845","94142553","0 PAYLOAD C","1 39210U 13037C   13295.16505996  .00000325  00000-0  34595-4 0  9990","2 39210 097.6935 311.3118 0035156 085.6295 274.8948 14.95043675 14000"
"2.0","GENERATED VIA SPACE-TRACK.ORG API","2013-10-22T15:44:35","18 SPCS","PAYLOAD B","2013-037B","EARTH","TEME","UTC","SGP4","2013-10-22T09:55:42.453984","14.67261751","0.00060000","98.0530","311.4803","66.2860","293.8974","0","U","39209","999","1384","0.00008157800000","0.00000412","0.0000000000000","7047.964","98.141","674.058","665.600","PAYLOAD","LARGE","PRC","2013-07-19","TSC","","1568008","94145680","0 PAYLOAD B","1 39209U 13037B   13295.41368581  .00000412  00000-0  81578-4 0  9993","2 39209 098.0530 311.4803 0006000 066.2860 293.8974 14.67261751 13842"
"2.0","GENERATED VIA SPACE-TRACK.ORG API","2013-10-22T14:28:07","18 SPCS","PAYLOAD A","2013-037A","EARTH","TEME","UTC","SGP4","2013-10-22T10:09:27.002015","14.67913367","0.00104110","98.0542","311.6271","70.6248","289.6091","0","U","39208","999","1386","0.00014871000000","0.00000803","0.0000000000000","7045.878","98.098","675.079","660.408","PAYLOAD","LARGE","PRC","2013-07-19","TSC","","1567895","94143307","0 PAYLOAD A","1 39208U 13037A   13295.42322919  .00000803  00000-0  14871-3 0  9993","2 39208 098.0542 311.6271 0010411 070.6248 289.6091 14.67913367 13867"
"2.0","GENERATED VIA SPACE-TRACK.ORG API","2013-10-22T15:46:07","18 SPCS","PAYLOAD C","2013-037C","EARTH","TEME","UTC","SGP4","2013-10-22T11:59:34.573344","14.95043791","0.00351180","97.6937","311.6402","84.5649","275.9570","0","U","39210","999","1405","0.00003416200000","0.00000320","0.0000000000000","6960.378","96.318","606.686","557.799","PAYLOAD","LARGE","PRC","2013-07-19","TSC","","1568010","94145726","0 PAYLOAD C","1 39210U 13037C   13295.49970571  .00000320  00000-0  34162-4 0  9996","2 39210 097.6937 311.6402 0035118 084.5649 275.9570 14.95043791 14057"
"2.0","GENERATED VIA SPACE-TRACK.ORG API","2013-10-22T14:44:54","18 SPCS","PAYLOAD A","2013-037A","EARTH","TEME","UTC","SGP4","2013-10-22T13:25:45.857856","14.67915362","0.00104110","98.0542","311.7612","70.1928","290.0389","0","U","39208","999","1388","0.00034280000000","0.00001914","0.0000000000000","7045.872","98.098","675.072","660.401","PAYLOAD","LARGE","PRC","2013-07-19","TSC","","1567916","94143792","0 PAYLOAD A","1 39208U 13037A   13295.55955854  .00001914  00000-0  34280-3 0  9997","2 39208 098.0542 311.7612 0010411 070.1928 290.0389 14.67915362 13882"
"2.0","GENERATED VIA SPACE-TRACK.ORG API","2013-10-22T23:13:42","18 SPCS","PAYLOAD B","2013-037B","EARTH","TEME","UTC","SGP4","2013-10-22T18:06:42.730272","14.67261576","0.00059210","98.0530","311.8153","66.1522","294.0298","0","U","39209","999","1389","0.00007301600000","0.00000364","0.0000000000000","7047.965","98.142","674.003","665.657","PAYLOAD","LARGE","PRC","2013-07-19","TSC","","1568315","94148159","0 PAYLOAD B","1 39209U 13037B   13295.75466123  .00000364  00000-0  73016-4 0  9995","2 39209 098.0530 311.8153 0005921 066.1522 294.0298 14.67261576 13891"
"2.0","GENERATED VIA SPACE-TRACK.ORG API","2013-10-22T23:15:21","18 SPCS","PAYLOAD C","2013-037C","EARTH","TEME","UTC","SGP4","2013-10-22T20:01:28.032671","14.95043032","0.00351010","97.6932","311.9683","83.5700","276.9510","0","U","39210","999","1410","0.00001792700000","0.00000140","0.0000000000000","6960.380","96.318","606.677","557.814","PAYLOAD","LARGE","PRC","2013-07-19","TSC","","1568317","94148189","0 PAYLOAD C","1 39210U 13037C   13295.83435223  .00000140  00000-0  17927-4 0  9994","2 39210 097.6932 311.9683 0035101 083.5700 276.9510 14.95043032 14104"
"2.0","GENERATED VIA SPACE-TRACK.ORG API","2013-10-22T22:25:24","18 SPCS","PAYLOAD A","2013-037A","EARTH","TEME","UTC","SGP4","2013-10-22T21:36:32.958144","14.67911149","0.00104150","98.0538","312.0966","69.7021","290.5099","0","U","39208","999","1393","0.00007226100000","0.00000365","0.0000000000000","7045.885","98.098","675.089","660.412","PAYLOAD","LARGE","PRC","2013-07-19","TSC","","1568247","94146722","0 PAYLOAD A","1 39208U 13037A   13295.90038146  .00000365  00000-0  72261-4 0  9993","2 39208 098.0538 312.0966 0010415 069.7021 290.5099 14.67911149 13933"
"2.0","GENERATED VIA SPACE-TRACK.ORG API","2013-10-23T07:39:07","18 SPCS","PAYLOAD B","2013-037B","EARTH","TEME","UTC","SGP4","2013-10-23T02:17:43.008287","14.67261823","0.00059080","98.0526","312.1504","65.4113","294.7726","0","U","39209","999","1394","0.00006844100000","0.00000338","0.0000000000000","7047.964","98.141","673.993","665.665","PAYLOAD","LARGE","PRC","2013-07-19","TSC","","1568483","94151255","0 PAYLOAD B","1 39209U 13037B   13296.09563667  .00000338  00000-0  68441-4 0  9991","2 39209 098.0526 312.1504 0005908 065.4113 294.7726 14.67261823 13947"
"2.0","GENERATED VIA SPACE-TRACK.ORG API","2013-10-23T07:40:35","18 SPCS","PAYLOAD C","2013-037C","EARTH","TEME","UTC","SGP4","2013-10-23T04:03:21.435840","14.95043173","0.00350850","97.6930","312.2965","82.4830","278.0373","0","U","39210","999","1415","0.00001591100000","0.00000118","0.0000000000000","6960.380","96.318","606.665","557.824","PAYLOAD","LARGE","PRC","2013-07-19","TSC","","1568485","94151288","0 PAYLOAD C","1 39210U 13037C   13296.16899810  .00000118  00000-0  15911-4 0  9993","2 39210 097.6930 312.2965 0035085 082.4830 278.0373 14.95043173 14153"
"2.0","GENERATED VIA SPACE-TRACK.ORG API","2013-10-23T06:29:22","18 SPCS","PAYLOAD A","2013-037A","EARTH","TEME","UTC","SGP4","2013-10-23T04:09:11.194272","14.67909593","0.00104310","98.0538","312.3648","68.6233","291.6066","0","U","39208","999","1397","0.00002366000000","0.00000087","0.0000000000000","7045.890","98.098","675.105","660.406","PAYLOAD","LARGE","PRC","2013-07-19","TSC","","1568391","94149010","0 PAYLOAD A","1 39208U 13037A   13296.17304623  .00000087  00000-0  23660-4 0  9999","2 39208 098.0538 312.3648 0010431 068.6233 291.6066 14.67909593 13974"
"2.0","GENERATED VIA SPACE-TRACK.ORG API","2013-10-23T14:26:25","18 SPCS","PAYLOAD A","2013-037A","EARTH","TEME","UTC","SGP4","2013-10-23T07:25:30.125280","14.67909788","0.00104320","98.0538","312.4989","68.2435","291.9890","0","U","39208","999","1399","0.00002642900000","0.00000103","0.0000000000000","7045.890","98.098","675.105","660.404","PAYLOAD","LARGE","PRC","2013-07-19","TSC","","1568538","94151985","0 PAYLOAD A","1 39208U 13037A   13296.30937645  .00000103  00000-0  26429-4 0  9995","2 39208 098.0538 312.4989 0010432 068.2435 291.9890 14.67909788 13990"
"2.0","GENERATED VIA SPACE-TRACK.ORG API","2013-10-23T15:50:53","18 SPCS","PAYLOAD B","2013-037B","EARTH","TEME","UTC","SGP4","2013-10-23T10:28:43.220640","14.67262291","0.00059200","98.0527","312.4856","64.4366","295.7455","0","U","39209","999","1399","0.00007460000000","0.00000373","0.0000000000000","7047.962","98.141","674.000","665.655","PAYLOAD","LARGE","PRC","2013-07-19","TSC","","1568678","94154225","0 PAYLOAD B","1 39209U 13037B   13296.43661135  .00000373  00000-0  74600-4 0  9991","2 39209 098.0527 312.4856 0005920 064.4366 295.7455 14.67262291 13999"
"2.0","GENERATED VIA SPACE-TRACK.ORG API","2013-10-23T15:51:18","18 SPCS","PAYLOAD C","2013-037C","EARTH","TEME","UTC","SGP4","2013-10-23T12:05:14.832959","14.95043837","0.00350610","97.6930","312.6248","81.4242","279.0972","0","U","39210","999","1420","0.00002373500000","0.00000204","0.0000000000000","6960.378","96.318","606.646","557.839","PAYLOAD","LARGE","PRC","2013-07-19","TSC","","1568679","94154258","0 PAYLOAD C","1 39210U 13037C   13296.50364390  .00000204  00000-0  23735-4 0  9990","2 39210 097.6930 312.6248 0035061 081.4242 279.0972 14.95043837 14200"
"2.0","GENERATED VIA SPACE-TRACK.ORG API","2013-10-23T17:26:57","18 SPCS","PAYLOAD A","2013-037A","EARTH","TEME","UTC","SGP4","2013-10-23T15:36:17.358624","14.67910216","0.00105680","98.0532","312.8347","67.2630","292.9695","0","U","39208","999","1404","0.00003124700000","0.00000130","0.0000000000000","7045.888","98.098","675.199","660.307","PAYLOAD","LARGE","PRC","2013-07-19","TSC","","1568714","94154478","0 PAYLOAD A","1 39208U 13037A   13296.65020091  .00000130  00000-0  31247-4 0  9995","2 39208 098.0532 312.8347 0010568 067.2630 292.9695 14.67910216 14041"
"2.0","GENERATED VIA SPACE-TRACK.ORG API","2013-10-23T23:28:56","18 SPCS","PAYLOAD B","2013-037B","EARTH","TEME","UTC","SGP4","2013-10-23T18:39:43.455455","14.67261915","0.00059100","98.0527","312.8207","63.9961","296.1829","0","U","39209","999","1404","0.00005463800000","0.00000260","0.0000000000000","7047.964","98.141","673.994","665.663","PAYLOAD","LARGE","PRC","2013-07-19","TSC","","1568889","94156895","0 PAYLOAD B","1 39209U 13037B   13296.77758629  .00000260  00000-0  54638-4 0  9997","2 39209 098.0527 312.8207 0005910 063.9961 296.1829 14.67261915 14046"
"2.0","GENERATED VIA SPACE-TRACK.ORG API","2013-10-23T23:30:18","18 SPCS","PAYLOAD C","2013-037C","EARTH","TEME","UTC","SGP4","2013-10-23T20:07:08.201567","14.95044422","0.00350940","97.6929","312.9535","80.5081","280.0128","0","U","39210","999","1425","0.00003169100000","0.00000293","0.0000000000000","6960.376","96.318","606.668","557.814","PAYLOAD","LARGE","PRC","2013-07-19","TSC","","1568890","94156930","0 PAYLOAD C","1 39210U 13037C   13296.83828937  .00000293  00000-0  31691-4 0  9996","2 39210 097.6929 312.9535 0035094 080.5081 280.0128 14.95044422 14258"
"2.0","GENERATED VIA SPACE-TRACK.ORG API","2013-10-23T22:23:37","18 SPCS","PAYLOAD A","2013-037A","EARTH","TEME","UTC","SGP4","2013-10-23T20:30:45.697247","14.67910849","0.00104910","98.0536","313.0355","66.4869","293.7484","0","U","39208","999","1407","0.00004395800000","0.00000203","0.0000000000000","7045.886","98.098","675.143","660.360","PAYLOAD","LARGE","PRC","2013-07-19","TSC","","1568806","94154951","0 PAYLOAD A","1 39208U 13037A   13296.85469557  .00000203  00000-0  43958-4 0  9994","2 39208 098.0536 313.0355 0010491 066.4869 293.7484 14.67910849 14077"
"2.0","GENERATED VIA SPACE-TRACK.ORG API","2013-10-24T01:02:28","18 SPCS","PAYLOAD A","2013-037A","EARTH","TEME","UTC","SGP4","2013-10-24T00:09:45.340992","14.67901053","0.00104910","98.0536","313.1850","66.0051","17.4188","0","U","39208","999","1409","-0.00110630000000","-0.00006372","0.0000000000000","7045.918","98.099","675.175","660.391","PAYLOAD","LARGE","PRC","2013-07-19","TSC","","1568905","94157117","0 PAYLOAD A","1 39208U 13037A   13297.00677478 -.00006372  00000-0 -11063-2 0  9990","2 39208 098.0536 313.1850 0010491 066.0051 017.4188 14.67901053 14098"
"2.0","GENERATED VIA SPACE-TRACK.ORG API","2013-10-24T07:30:51","18 SPCS","PAYLOAD B","2013-037B","EARTH","TEME","UTC","SGP4","2013-10-24T01:12:31.669056","14.67262624","0.00059080","98.0526","313.0889","63.4094","296.7725","0","U","39209","999","1408","0.00007118400000","0.00000353","0.0000000000000","7047.961","98.141","673.990","665.662","PAYLOAD","LARGE","PRC","2013-07-19","TSC","","1569019","94159381","0 PAYLOAD B","1 39209U 13037B   13297.05036654  .00000353  00000-0  71184-4 0  9994","2 39209 098.0526 313.0889 0005908 063.4094 296.7725 14.67262624 14086"
"2.0","GENERATED VIA SPACE-TRACK.ORG API","2013-10-24T06:21:37","18 SPCS","PAYLOAD A","2013-037A","EARTH","TEME","UTC","SGP4","2013-10-24T03:03:23.294879","14.67912531","0.00105560","98.0533","313.3038","65.6396","294.5929","0","U","39208","999","1411","0.00007785900000","0.00000397","0.0000000000000","7045.881","98.098","675.184","660.308","PAYLOAD","LARGE","PRC","2013-07-19","TSC","","1568942","94157487","0 PAYLOAD A","1 39208U 13037A   13297.12735295  .00000397  00000-0  77859-4 0  9991","2 39208 098.0533 313.3038 0010556 065.6396 294.5929 14.67912531 14111"
"2.0","GENERATED VIA SPACE-TRACK.ORG API","2013-10-24T07:32:20","18 SPCS","PAYLOAD C","2013-037C","EARTH","TEME","UTC","SGP4","2013-10-24T04:09:01.507104","14.95045140","0.00350180","97.6927","313.2819","79.3884","281.1293","0","U","39210","999","1430","0.00003695600000","0.00000351","0.0000000000000","6960.374","96.318","606.612","557.865","PAYLOAD","LARGE","PRC","2013-07-19","TSC","","1569021","94159422","0 PAYLOAD C","1 39210U 13037C   13297.17293411  .00000351  00000-0  36956-4 0  9991","2 39210 097.6927 313.2819 0035018 079.3884 281.1293 14.95045140 14307"
"2.0","GENERATED VIA SPACE-TRACK.ORG API","2013-10-24T11:48:12","18 SPCS","PAYLOAD A","2013-037A","EARTH","TEME","UTC","SGP4","2013-10-24T04:41:32.701632","14.67912072","0.00106090","98.0530","313.3711","65.4289","294.7976","0","U","39208","999","1412","0.00006673500000","0.00000334","0.0000000000000","7045.882","98.098","675.222","660.272","PAYLOAD","LARGE","PRC","2013-07-19","TSC","","1569071","94160330","0 PAYLOAD A","1 39208U 13037A   13297.19551738  .00000334  00000-0  66735-4 0  9998","2 39208 098.0530 313.3711 0010609 065.4289 294.7976 14.67912072 14129"
"2.0","GENERATED VIA SPACE-TRACK.ORG API","2013-10-24T11:49:21","18 SPCS","PAYLOAD C","2013-037C","EARTH","TEME","UTC","SGP4","2013-10-24T07:21:46.829663","14.95045436","0.00350040","97.6928","313.4132","78.9849","281.5315","0","U","39210","999","1432","0.00004044500000","0.00000390","0.0000000000000","6960.373","96.318","606.602","557.874","PAYLOAD","LARGE","PRC","2013-07-19","TSC","","1569072","94160331","0 PAYLOAD C","1 39210U 13037C   13297.30679201  .00000390  00000-0  40445-4 0  9992","2 39210 097.6928 313.4132 0035004 078.9849 281.5315 14.95045436 14328"
"2.0","GENERATED VIA SPACE-TRACK.ORG API","2013-10-24T11:47:47","18 SPCS","PAYLOAD B","2013-037B","EARTH","TEME","UTC","SGP4","2013-10-24T09:23:31.883999","14.67263004","0.00059100","98.0526","313.4238","62.4258","297.7550","0","U","39209","999","1413","0.00007438500000","0.00000371","0.0000000000000","7047.960","98.141","673.991","665.660","PAYLOAD","LARGE","PRC","2013-07-19","TSC","","1569070","94160313","0 PAYLOAD B","1 39209U 13037B   13297.39134125  .00000371  00000-0  74385-4 0  9999","2 39209 098.0526 313.4238 0005910 062.4258 297.7550 14.67263004 14138"
"2.0","GENERATED VIA SPACE-TRACK.ORG API","2013-10-24T11:46:58","18 SPCS","PAYLOAD C","2013-037C","EARTH","TEME","UTC","SGP4","2013-10-24T10:34:32.157407","14.95045742","0.00350210","97.6927","313.5445","78.5290","281.9864","0","U","39210","999","1434","0.00004320600000","0.00000420","0.0000000000000","6960.372","96.318","606.613","557.861","PAYLOAD","LARGE","PRC","2013-07-19","TSC","","1569067","94160278","0 PAYLOAD C","1 39210U 13037C   13297.44064997  .00000420  00000-0  43206-4 0  9999","2 39210 097.6927 313.5445 0035021 078.5290 281.9864 14.95045742 14345"
"2.0","GENERATED VIA SPACE-TRACK.ORG API","2013-10-24T11:47:30","18 SPCS","PAYLOAD B","2013-037B","EARTH","TEME","UTC","SGP4","2013-10-24T11:01:43.921632","14.67262894","0.00059420","98.0528","313.4908","62.1148","298.0650","0","U","39209","999","1414","0.00006766000000","0.00000334","0.0000000000000","7047.961","98.141","674.013","665.638","PAYLOAD","LARGE","PRC","2013-07-19","TSC","","1569068","94160279","0 PAYLOAD B","1 39209U 13037B   13297.45953613  .00000334  00000-0  67660-4 0  9994","2 39209 098.0528 313.4908 0005942 062.1148 298.0650 14.67262894 14146"
"2.0","GENERATED VIA SPACE-TRACK.ORG API","2013-10-24T15:17:35","18 SPCS","PAYLOAD A","2013-037A","EARTH","TEME","UTC","SGP4","2013-10-24T12:52:20.070623","14.67912196","0.00101120","98.0548","313.7054","64.5141","295.7600","0","U","39208","999","1417","0.00000000000000","-0.00000460","0.0000000000000","7045.882","98.098","674.872","660.622","PAYLOAD","LARGE","PRC","2013-07-19","TSC","","1569136","94160979","0 PAYLOAD A","1 39208U 13037A   13297.53634341 -.00000460  00000-0  00000+0 0  9997","2 39208 098.0548 313.7054 0010112 064.5141 295.7600 14.67912196 14175"
"2.0","GENERATED VIA SPACE-TRACK.ORG API","2013-10-24T21:29:39","18 SPCS","PAYLOAD B","2013-037B","EARTH","TEME","UTC","SGP4","2013-10-24T17:34:32.168928","14.67262169","0.00059020","98.0526","313.7588","61.6815","298.4973","0","U","39209","999","1418","0.00004377600000","0.00000199","0.0000000000000","7047.963","98.141","673.988","665.668","PAYLOAD","LARGE","PRC","2013-07-19","TSC","","1569330","94164143","0 PAYLOAD B","1 39209U 13037B   13297.73231677  .00000199  00000-0  43776-4 0  9995","2 39209 098.0526 313.7588 0005902 061.6815 298.4973 14.67262169 14183"
"2.0","GENERATED VIA SPACE-TRACK.ORG API","2013-10-24T21:30:34","18 SPCS","PAYLOAD C","2013-037C","EARTH","TEME","UTC","SGP4","2013-10-24T18:36:25.533791","14.95045681","0.00350440","97.6925","313.8726","77.4787","283.0345","0","U","39210","999","1439","0.00004043200000","0.00000389","0.0000000000000","6960.372","96.318","606.629","557.845","PAYLOAD","LARGE","PRC","2013-07-19","TSC","","1569331","94164180","0 PAYLOAD C","1 39210U 13037C   13297.77529553  .00000389  00000-0  40432-4 0  9991","2 39210 097.6925 313.8726 0035044 077.4787 283.0345 14.95045681 14396"
"2.0","GENERATED VIA SPACE-TRACK.ORG API","2013-10-24T21:07:46","18 SPCS","PAYLOAD A","2013-037A","EARTH","TEME","UTC","SGP4","2013-10-24T19:24:57.734784","14.67916218","0.00106620","98.0532","313.9746","64.4834","295.7723","0","U","39208","999","1421","0.00014014000000","0.00000754","0.0000000000000","7045.869","98.098","675.246","660.222","PAYLOAD","LARGE","PRC","2013-07-19","TSC","","1569301","94163451","0 PAYLOAD A","1 39208U 13037A   13297.80900156  .00000754  00000-0  14014-3 0  9996","2 39208 098.0532 313.9746 0010662 064.4834 295.7723 14.67916218 14216"
"2.0","GENERATED VIA SPACE-TRACK.ORG API","2013-10-24T22:53:40","18 SPCS","PAYLOAD B","2013-037B","EARTH","TEME","UTC","SGP4","2013-10-24T20:50:56.285663","14.67262779","0.00059130","98.0527","313.8929","63.0059","297.1781","0","U","39209","999","1420","0.00005799200000","0.00000279","0.0000000000000","7047.961","98.141","673.993","665.658","PAYLOAD","LARGE","PRC","2013-07-19","TSC","","1569384","94165311","0 PAYLOAD B","1 39209U 13037B   13297.86870701  .00000279  00000-0  57992-4 0  9990","2 39209 098.0527 313.8929 0005913 063.0059 297.1781 14.67262779 14205"
"2.0","GENERATED VIA SPACE-TRACK.ORG API","2013-10-24T22:55:06","18 SPCS","PAYLOAD C","2013-037C","EARTH","TEME","UTC","SGP4","2013-10-24T21:49:10.882272","14.95046079","0.00350490","97.6925","314.0040","77.0756","283.4386","0","U","39210","999","1441","0.00004555300000","0.00000446","0.0000000000000","6960.371","96.318","606.631","557.840","PAYLOAD","LARGE","PRC","2013-07-19","TSC","","1569385","94165338","0 PAYLOAD C","1 39210U 13037C   13297.90915373  .00000446  00000-0  45553-4 0  9998","2 39210 097.6925 314.0040 0035049 077.0756 283.4386 14.95046079 14419"
"2.0","GENERATED VIA SPACE-TRACK.ORG API","2013-10-25T06:14:50","18 SPCS","PAYLOAD A","2013-037A","EARTH","TEME","UTC","SGP4","2013-10-25T03:35:44.384928","14.67916716","0.00105960","98.0538","314.3089","63.4162","296.8126","0","U","39208","999","1426","0.00013618000000","0.00000731","0.0000000000000","7045.868","98.098","675.198","660.267","PAYLOAD","LARGE","PRC","2013-07-19","TSC","","1569554","94165682","0 PAYLOAD A","1 39208U 13037A   13298.14981927  .00000731  00000-0  13618-3 0  9993","2 39208 098.0538 314.3089 0010596 063.4162 296.8126 14.67916716 14263"
"2.0","GENERATED VIA SPACE-TRACK.ORG API","2013-10-25T06:33:13","18 SPCS","PAYLOAD C","2013-037C","EARTH","TEME","UTC","SGP4","2013-10-25T04:14:41.510975","14.95047009","0.00350350","97.6926","314.2665","76.2081","284.3050","0","U","39210","999","1445","0.00005559200000","0.00000557","0.0000000000000","6960.368","96.318","606.618","557.847","PAYLOAD","LARGE","PRC","2013-07-19","TSC","","1569573","94166158","0 PAYLOAD C","1 39210U 13037C   13298.17686934  .00000557  00000-0  55592-4 0  9993","2 39210 097.6926 314.2665 0035035 076.2081 284.3050 14.95047009 14458"
"2.0","GENERATED VIA SPACE-TRACK.ORG API","2013-10-25T06:33:13","18 SPCS","PAYLOAD B","2013-037B","EARTH","TEME","UTC","SGP4","2013-10-25T05:01:56.408159","14.67263651","0.00058460","98.0525","314.2276","61.5859","298.5942","0","U","39209","999","1425","0.00007326900000","0.00000365","0.0000000000000","7047.958","98.141","673.943","665.703","PAYLOAD","LARGE","PRC","2013-07-19","TSC","","1569573","94166144","0 PAYLOAD B","1 39209U 13037B   13298.20968065  .00000365  00000-0  73269-4 0  9991","2 39209 098.0525 314.2276 0005846 061.5859 298.5942 14.67263651 14258"
"2.0","GENERATED VIA SPACE-TRACK.ORG API","2013-10-25T14:56:59","18 SPCS","PAYLOAD A","2013-037A","EARTH","TEME","UTC","SGP4","2013-10-25T11:46:31.489535","14.67917368","0.00105900","98.0537","314.6440","62.3509","297.8773","0","U","39208","999","1431","0.00013972000000","0.00000751","0.0000000000000","7045.866","98.098","675.192","660.269","PAYLOAD","LARGE","PRC","2013-07-19","TSC","","1569659","94167665","0 PAYLOAD A","1 39208U 13037A   13298.49064224  .00000751  00000-0  13972-3 0  9998","2 39208 098.0537 314.6440 0010590 062.3509 297.8773 14.67917368 14312"
"2.0","GENERATED VIA SPACE-TRACK.ORG API","2013-10-25T17:31:59","18 SPCS","PAYLOAD C","2013-037C","EARTH","TEME","UTC","SGP4","2013-10-25T12:16:34.768992","14.95048129","0.00350240","97.6927","314.5947","75.1738","285.3369","0","U","39210","999","1450","0.00006694900000","0.00000683","0.0000000000000","6960.364","96.317","606.607","557.851","PAYLOAD","LARGE","PRC","2013-07-19","TSC","","1569881","94172414","0 PAYLOAD C","1 39210U 13037C   13298.51151353  .00000683  00000-0  66949-4 0  9991","2 39210 097.6927 314.5947 0035024 075.1738 285.3369 14.95048129 14504"
"2.0","GENERATED VIA SPACE-TRACK.ORG API","2013-10-25T17:30:04","18 SPCS","PAYLOAD B","2013-037B","EARTH","TEME","UTC","SGP4","2013-10-25T13:12:56.600639","14.67264488","0.00058810","98.0527","314.5627","60.1877","299.9919","0","U","39209","999","1430","0.00009661500000","0.00000497","0.0000000000000","7047.955","98.141","673.965","665.676","PAYLOAD","LARGE","PRC","2013-07-19","TSC","","1569878","94172334","0 PAYLOAD B","1 39209U 13037B   13298.55065510  .00000497  00000-0  96615-4 0  9998","2 39209 098.0527 314.5627 0005881 060.1877 299.9919 14.67264488 14301"
"2.0","GENERATED VIA SPACE-TRACK.ORG API","2013-10-25T22:27:22","18 SPCS","PAYLOAD A","2013-037A","EARTH","TEME","UTC","SGP4","2013-10-25T16:40:59.740032","14.67917896","0.00105930","98.0537","314.8451","61.6859","298.5419","0","U","39208","999","1434","0.00014547000000","0.00000784","0.0000000000000","7045.864","98.098","675.192","660.265","PAYLOAD","LARGE","PRC","2013-07-19","TSC","","1569951","94173407","0 PAYLOAD A","1 39208U 13037A   13298.69513588  .00000784  00000-0  14547-3 0  9997","2 39208 098.0537 314.8451 0010593 061.6859 298.5419 14.67917896 14343"
"2.0","GENERATED VIA SPACE-TRACK.ORG API","2013-10-25T23:28:31","18 SPCS","PAYLOAD C","2013-037C","EARTH","TEME","UTC","SGP4","2013-10-25T20:18:28.066751","14.95049083","0.00350170","97.6929","314.9233","74.2191","286.2918","0","U","39210","999","1455","0.00007653600000","0.00000789","0.0000000000000","6960.361","96.317","606.599","557.853","PAYLOAD","LARGE","PRC","2013-07-19","TSC","","1570057","94175197","0 PAYLOAD C","1 39210U 13037C   13298.84615818  .00000789  00000-0  76536-4 0  9998","2 39210 097.6929 314.9233 0035017 074.2191 286.2918 14.95049083 14558"
"2.0","GENERATED VIA SPACE-TRACK.ORG API","2013-10-25T23:28:07","18 SPCS","PAYLOAD B","2013-037B","EARTH","TEME","UTC","SGP4","2013-10-25T21:23:56.789663","14.67264698","0.00058660","98.0526","314.8978","59.2492","300.9289","0","U","39209","999","1435","0.00009245900000","0.00000473","0.0000000000000","7047.955","98.141","673.954","665.685","PAYLOAD","LARGE","PRC","2013-07-19","TSC","","1570055","94175163","0 PAYLOAD B","1 39209U 13037B   13298.89162951  .00000473  00000-0  92459-4 0  9998","2 39209 098.0526 314.8978 0005866 059.2492 300.9289 14.67264698 14358"
"2.0","GENERATED VIA SPACE-TRACK.ORG API","2013-10-26T06:26:36","18 SPCS","PAYLOAD A","2013-037A","EARTH","TEME","UTC","SGP4","2013-10-26T00:51:46.668384","14.67919625","0.00105210","98.0542","315.1806","61.3790","298.8472","0","U","39208","999","1439","0.00017152000000","0.00000933","0.0000000000000","7045.858","98.098","675.136","660.310","PAYLOAD","LARGE","PRC","2013-07-19","TSC","","1570277","94176071","0 PAYLOAD A","1 39208U 13037A   13299.03595681  .00000933  00000-0  17152-3 0  9991","2 39208 098.0542 315.1806 0010521 061.3790 298.8472 14.67919625 14398"
"2.0","GENERATED VIA SPACE-TRACK.ORG API","2013-10-26T07:33:30","18 SPCS","PAYLOAD C","2013-037C","EARTH","TEME","UTC","SGP4","2013-10-26T04:20:21.273792","14.95049943","0.00349790","97.6930","315.2514","73.1186","287.3876","0","U","39210","999","1460","0.00008056600000","0.00000834","0.0000000000000","6960.359","96.317","606.570","557.877","PAYLOAD","LARGE","PRC","2013-07-19","TSC","","1570353","94177913","0 PAYLOAD C","1 39210U 13037C   13299.18080178  .00000834  00000-0  80566-4 0  9990","2 39210 097.6930 315.2514 0034979 073.1186 287.3876 14.95049943 14600"
"2.0","GENERATED VIA SPACE-TRACK.ORG API","2013-10-26T07:33:12","18 SPCS","PAYLOAD B","2013-037B","EARTH","TEME","UTC","SGP4","2013-10-26T05:34:56.950175","14.67265753","0.00058930","98.0526","315.2328","58.3047","301.8730","0","U","39209","999","1440","0.00012137000000","0.00000636","0.0000000000000","7047.951","98.141","673.970","665.663","PAYLOAD","LARGE","PRC","2013-07-19","TSC","","1570352","94177884","0 PAYLOAD B","1 39209U 13037B   13299.23260359  .00000636  00000-0  12137-3 0  9993","2 39209 098.0526 315.2328 0005893 058.3047 301.8730 14.67265753 14408"
"2.0","GENERATED VIA SPACE-TRACK.ORG API","2013-10-26T14:27:31","18 SPCS","PAYLOAD A","2013-037A","EARTH","TEME","UTC","SGP4","2013-10-26T09:02:33.724608","14.67920560","0.00106190","98.0544","315.5161","60.2881","299.9369","0","U","39208","999","1444","0.00018302000000","0.00000999","0.0000000000000","7045.855","98.097","675.202","660.238","PAYLOAD","LARGE","PRC","2013-07-19","TSC","","1570403","94178580","0 PAYLOAD A","1 39208U 13037A   13299.37677922  .00000999  00000-0  18302-3 0  9997","2 39208 098.0544 315.5161 0010619 060.2881 299.9369 14.67920560 14448"
"2.0","GENERATED VIA SPACE-TRACK.ORG API","2013-10-26T15:49:57","18 SPCS","PAYLOAD C","2013-037C","EARTH","TEME","UTC","SGP4","2013-10-26T12:22:14.492064","14.95050692","0.00349570","97.6929","315.5797","72.0538","288.4488","0","U","39210","999","1465","0.00008282900000","0.00000859","0.0000000000000","6960.356","96.317","606.553","557.890","PAYLOAD","LARGE","PRC","2013-07-19","TSC","","1570511","94181004","0 PAYLOAD C","1 39210U 13037C   13299.51544551  .00000859  00000-0  82829-4 0  9998","2 39210 097.6929 315.5797 0034957 072.0538 288.4488 14.95050692 14658"
"2.0","GENERATED VIA SPACE-TRACK.ORG API","2013-10-26T15:48:11","18 SPCS","PAYLOAD B","2013-037B","EARTH","TEME","UTC","SGP4","2013-10-26T13:45:57.121056","14.67265742","0.00059180","98.0527","315.5681","56.9321","303.2434","0","U","39209","999","1445","0.00010336000000","0.00000535","0.0000000000000","7047.951","98.141","673.987","665.645","PAYLOAD","LARGE","PRC","2013-07-19","TSC","","1570509","94180960","0 PAYLOAD B","1 39209U 13037B   13299.57357779  .00000535  00000-0  10336-3 0  9990","2 39209 098.0527 315.5681 0005918 056.9321 303.2434 14.67265742 14451"
"2.0","GENERATED VIA SPACE-TRACK.ORG API","2013-10-26T21:11:47","18 SPCS","PAYLOAD A","2013-037A","EARTH","TEME","UTC","SGP4","2013-10-26T15:35:11.305824","14.67922479","0.00106290","98.0534","315.7843","59.1832","301.0419","0","U","39208","999","1448","0.00022111000000","0.00001218","0.0000000000000","7045.849","98.097","675.203","660.225","PAYLOAD","LARGE","PRC","2013-07-19","TSC","","1570593","94181291","0 PAYLOAD A","1 39208U 13037A   13299.64943641  .00001218  00000-0  22111-3 0  9999","2 39208 098.0534 315.7843 0010629 059.1832 301.0419 14.67922479 14486"
"2.0","GENERATED VIA SPACE-TRACK.ORG API","2013-10-27T00:01:24","18 SPCS","PAYLOAD C","2013-037C","EARTH","TEME","UTC","SGP4","2013-10-26T20:24:07.784639","14.95050603","0.00349730","97.6929","315.9080","71.0269","289.4733","0","U","39210","999","1470","0.00007361500000","0.00000757","0.0000000000000","6960.357","96.317","606.564","557.879","PAYLOAD","LARGE","PRC","2013-07-19","TSC","","1570754","94184575","0 PAYLOAD C","1 39210U 13037C   13299.85009010  .00000757  00000-0  73615-4 0  9991","2 39210 097.6929 315.9080 0034973 071.0269 289.4733 14.95050603 14707"
"2.0","GENERATED VIA SPACE-TRACK.ORG API","2013-10-26T23:59:30","18 SPCS","PAYLOAD B","2013-037B","EARTH","TEME","UTC","SGP4","2013-10-26T21:56:57.372288","14.67265106","0.00058970","98.0526","315.9031","56.3425","303.8338","0","U","39209","999","1450","0.00006797900000","0.00000335","0.0000000000000","7047.953","98.141","673.975","665.662","PAYLOAD","LARGE","PRC","2013-07-19","TSC","","1570752","94184520","0 PAYLOAD B","1 39209U 13037B   13299.91455292  .00000335  00000-0  67979-4 0  9991","2 39209 098.0526 315.9031 0005897 056.3425 303.8338 14.67265106 14507"
"2.0","GENERATED VIA SPACE-TRACK.ORG API","2013-10-27T06:23:26","18 SPCS","PAYLOAD A","2013-037A","EARTH","TEME","UTC","SGP4","2013-10-27T01:24:07.697952","14.67922858","0.00105500","98.0540","316.1861","57.9295","302.2930","0","U","39208","999","1454","0.00020530000000","0.00001127","0.0000000000000","7045.848","98.097","675.146","660.280","PAYLOAD","LARGE","PRC","2013-07-19","TSC","","1570844","94185274","0 PAYLOAD A","1 39208U 13037A   13300.05842243  .00001127  00000-0  20530-3 0  9995","2 39208 098.0540 316.1861 0010550 057.9295 302.2930 14.67922858 14549"
"2.0","GENERATED VIA SPACE-TRACK.ORG API","2013-10-27T07:18:22","18 SPCS","PAYLOAD C","2013-037C","EARTH","TEME","UTC","SGP4","2013-10-27T04:26:00.970944","14.95051833","0.00349560","97.6927","316.2362","69.9651","290.5325","0","U","39210","999","1475","0.00008440100000","0.00000877","0.0000000000000","6960.353","96.317","606.548","557.887","PAYLOAD","LARGE","PRC","2013-07-19","TSC","","1570913","94186961","0 PAYLOAD C","1 39210U 13037C   13300.18473346  .00000877  00000-0  84401-4 0  9995","2 39210 097.6927 316.2362 0034956 069.9651 290.5325 14.95051833 14755"
"2.0","GENERATED VIA SPACE-TRACK.ORG API","2013-10-27T07:17:13","18 SPCS","PAYLOAD B","2013-037B","EARTH","TEME","UTC","SGP4","2013-10-27T04:29:45.506399","14.67265561","0.00058790","98.0526","316.1711","55.4019","304.7742","0","U","39209","999","1454","0.00007565500000","0.00000379","0.0000000000000","7047.952","98.141","673.961","665.674","PAYLOAD","LARGE","PRC","2013-07-19","TSC","","1570911","94186924","0 PAYLOAD B","1 39209U 13037B   13300.18733225  .00000379  00000-0  75655-4 0  9996","2 39209 098.0526 316.1711 0005879 055.4019 304.7742 14.67265561 14542"
"2.0","GENERATED VIA SPACE-TRACK.ORG API","2013-10-27T13:00:25","18 SPCS","PAYLOAD A","2013-037A","EARTH","TEME","UTC","SGP4","2013-10-27T09:34:54.682464","14.67924175","0.00106350","98.0535","316.5218","56.8330","303.3903","0","U","39208","999","1459","0.00021696000000","0.00001194","0.0000000000000","7045.844","98.097","675.202","660.215","PAYLOAD","LARGE","PRC","2013-07-19","TSC","","1570924","94187120","0 PAYLOAD A","1 39208U 13037A   13300.39924401  .00001194  00000-0  21696-3 0  9997","2 39208 098.0535 316.5218 0010635 056.8330 303.3903 14.67924175 14596"
"2.0","GENERATED VIA SPACE-TRACK.ORG API","2013-10-27T13:06:41","18 SPCS","PAYLOAD B","2013-037B","EARTH","TEME","UTC","SGP4","2013-10-27T11:02:33.631008","14.67266305","0.00059380","98.0531","316.4394","55.0291","305.1472","0","U","39209","999","1458","0.00009713900000","0.00000500","0.0000000000000","7047.950","98.141","674.000","665.630","PAYLOAD","LARGE","PRC","2013-07-19","TSC","","1570925","94187121","0 PAYLOAD B","1 39209U 13037B   13300.46011147  .00000500  00000-0  97139-4 0  9996","2 39209 098.0531 316.4394 0005938 055.0291 305.1472 14.67266305 14588"
"2.0","GENERATED VIA SPACE-TRACK.ORG API","2013-10-27T13:12:09","18 SPCS","PAYLOAD C","2013-037C","EARTH","TEME","UTC","SGP4","2013-10-27T12:27:54.176255","14.95052230","0.00350000","97.6934","316.5647","68.9075","291.5868","0","U","39210","999","1480","0.00007984800000","0.00000826","0.0000000000000","6960.352","96.317","606.578","557.855","PAYLOAD","LARGE","PRC","2013-07-19","TSC","","1570926","94187122","0 PAYLOAD C","1 39210U 13037C   13300.51937704  .00000826  00000-0  79848-4 0  9998","2 39210 097.6934 316.5647 0035000 068.9075 291.5868 14.95052230 14803"
"2.0","GENERATED VIA SPACE-TRACK.ORG API","2013-10-27T23:39:08","18 SPCS","PAYLOAD B","2013-037B","EARTH","TEME","UTC","SGP4","2013-10-27T19:13:33.865823","14.67265243","0.00058700","98.0531","316.7745","53.8927","306.2805","0","U","39209","999","1463","0.00005982900000","0.00000289","0.0000000000000","7047.953","98.141","673.955","665.681","PAYLOAD","LARGE","PRC","2013-07-19","TSC","","1571287","94192753","0 PAYLOAD B","1 39209U 13037B   13300.80108641  .00000289  00000-0  59829-4 0  9998","2 39209 098.0531 316.7745 0005870 053.8927 306.2805 14.67265243 14636"
"2.0","GENERATED VIA SPACE-TRACK.ORG API","2013-10-27T22:30:47","18 SPCS","PAYLOAD A","2013-037A","EARTH","TEME","UTC","SGP4","2013-10-27T19:23:51.663840","14.67915231","0.00103840","98.0549","316.9237","57.2081","303.0051","0","U","39208","999","1465","-0.00004426700000","-0.00000302","0.0000000000000","7045.872","98.098","675.054","660.421","PAYLOAD","LARGE","PRC","2013-07-19","TSC","","1571186","94190672","0 PAYLOAD A","1 39208U 13037A   13300.80823685 -.00000302  00000-0 -44267-4 0  9997","2 39208 098.0549 316.9237 0010384 057.2081 303.0051 14.67915231 14656"
"2.0","GENERATED VIA SPACE-TRACK.ORG API","2013-10-27T23:40:50","18 SPCS","PAYLOAD C","2013-037C","EARTH","TEME","UTC","SGP4","2013-10-27T20:29:47.420447","14.95052663","0.00349660","97.6933","316.8929","67.8639","292.6285","0","U","39210","999","1485","0.00008093500000","0.00000838","0.0000000000000","6960.350","96.317","606.553","557.878","PAYLOAD","LARGE","PRC","2013-07-19","TSC","","1571289","94192789","0 PAYLOAD C","1 39210U 13037C   13300.85402107  .00000838  00000-0  80935-4 0  9991","2 39210 097.6933 316.8929 0034966 067.8639 292.6285 14.95052663 14852"
"2.0","GENERATED VIA SPACE-TRACK.ORG API","2013-10-28T08:09:55","18 SPCS","PAYLOAD B","2013-037B","EARTH","TEME","UTC","SGP4","2013-10-28T03:24:34.004735","14.67265807","0.00058080","98.0531","317.1093","53.2244","306.9491","0","U","39209","999","1468","0.00006170800000","0.00000300","0.0000000000000","7047.951","98.141","673.910","665.723","PAYLOAD","LARGE","PRC","2013-07-19","TSC","","1571473","94196159","0 PAYLOAD B","1 39209U 13037B   13301.14206024  .00000300  00000-0  61708-4 0  9993","2 39209 098.0531 317.1093 0005808 053.2244 306.9491 14.67265807 14683"
"2.0","GENERATED VIA SPACE-TRACK.ORG API","2013-10-28T06:27:58","18 SPCS","PAYLOAD A","2013-037A","EARTH","TEME","UTC","SGP4","2013-10-28T03:34:38.917055","14.67914391","0.00102360","98.0543","317.2590","56.3661","303.8526","0","U","39208","999","1470","-0.00007489100000","-0.00000477","0.0000000000000","7045.875","98.098","674.952","660.528","PAYLOAD","LARGE","PRC","2013-07-19","TSC","","1571365","94193579","0 PAYLOAD A","1 39208U 13037A   13301.14906154 -.00000477  00000-0 -74891-4 0  9997","2 39208 098.0543 317.2590 0010236 056.3661 303.8526 14.67914391 14703"
"2.0","GENERATED VIA SPACE-TRACK.ORG API","2013-10-28T08:11:32","18 SPCS","PAYLOAD C","2013-037C","EARTH","TEME","UTC","SGP4","2013-10-28T04:31:40.581696","14.95053590","0.00349310","97.6935","317.2211","66.8134","293.6769","0","U","39210","999","1490","0.00008355000000","0.00000867","0.0000000000000","6960.347","96.317","606.526","557.899","PAYLOAD","LARGE","PRC","2013-07-19","TSC","","1571475","94196207","0 PAYLOAD C","1 39210U 13037C   13301.18866414  .00000867  00000-0  83550-4 0  9991","2 39210 097.6935 317.2211 0034931 066.8134 293.6769 14.95053590 14908"
"2.0","GENERATED VIA SPACE-TRACK.ORG API","2013-10-28T06:50:27","18 SPCS","PAYLOAD A","2013-037A","EARTH","TEME","UTC","SGP4","2013-10-28T05:12:48.335904","14.67914406","0.00103690","98.0539","317.3265","55.8243","304.3926","0","U","39208","999","1471","-0.00007526800000","-0.00000479","0.0000000000000","7045.875","98.098","675.046","660.434","PAYLOAD","LARGE","PRC","2013-07-19","TSC","","1571396","94194346","0 PAYLOAD A","1 39208U 13037A   13301.21722611 -.00000479  00000-0 -75268-4 0  9990","2 39208 098.0539 317.3265 0010369 055.8243 304.3926 14.67914406 14713"
"2.0","GENERATED VIA SPACE-TRACK.ORG API","2013-10-28T08:03:32","18 SPCS","PAYLOAD C","2013-037C","EARTH","TEME","UTC","SGP4","2013-10-28T06:08:03.202368","14.95053719","0.00349730","97.6941","317.2870","66.6221","293.8669","0","U","39210","999","1491","0.00008371300000","0.00000869","0.0000000000000","6960.347","96.317","606.554","557.870","PAYLOAD","LARGE","PRC","2013-07-19","TSC","","1571466","94195999","0 PAYLOAD C","1 39210U 13037C   13301.25559262  .00000869  00000-0  83713-4 0  9992","2 39210 097.6941 317.2870 0034973 066.6221 293.8669 14.95053719 14912"
"2.0","GENERATED VIA SPACE-TRACK.ORG API","2013-10-28T07:25:28","18 SPCS","PAYLOAD B","2013-037B","EARTH","TEME","UTC","SGP4","2013-10-28T06:40:58.073952","14.67265911","0.00058470","98.0531","317.2433","53.5437","306.6304","0","U","39209","999","1470","0.00006019700000","0.00000291","0.0000000000000","7047.951","98.141","673.937","665.695","PAYLOAD","LARGE","PRC","2013-07-19","TSC","","1571443","94195448","0 PAYLOAD B","1 39209U 13037B   13301.27844993  .00000291  00000-0  60197-4 0  9990","2 39209 098.0531 317.2433 0005847 053.5437 306.6304 14.67265911 14701"
"2.0","GENERATED VIA SPACE-TRACK.ORG API","2013-10-28T15:52:37","18 SPCS","PAYLOAD B","2013-037B","EARTH","TEME","UTC","SGP4","2013-10-28T09:57:22.143168","14.67265901","0.00057990","98.0531","317.3775","52.6490","307.5250","0","U","39209","999","1472","0.00005357500000","0.00000254","0.0000000000000","7047.951","98.141","673.903","665.729","PAYLOAD","LARGE","PRC","2013-07-19","TSC","","1571637","94199467","0 PAYLOAD B","1 39209U 13037B   13301.41483962  .00000254  00000-0  53575-4 0  9992","2 39209 098.0531 317.3775 0005799 052.6490 307.5250 14.67265901 14727"
"2.0","GENERATED VIA SPACE-TRACK.ORG API","2013-10-28T15:53:51","18 SPCS","PAYLOAD C","2013-037C","EARTH","TEME","UTC","SGP4","2013-10-28T10:57:11.108448","14.95054527","0.00349450","97.6936","317.4837","65.9667","294.5229","0","U","39210","999","1494","0.00008943700000","0.00000932","0.0000000000000","6960.344","96.317","606.532","557.887","PAYLOAD","LARGE","PRC","2013-07-19","TSC","","1571639","94199514","0 PAYLOAD C","1 39210U 13037C   13301.45637857  .00000932  00000-0  89437-4 0  9991","2 39210 097.6936 317.4837 0034945 065.9667 294.5229 14.95054527 14947"
"2.0","GENERATED VIA SPACE-TRACK.ORG API","2013-10-28T14:33:32","18 SPCS","PAYLOAD A","2013-037A","EARTH","TEME","UTC","SGP4","2013-10-28T13:23:35.474208","14.67914122","0.00102400","98.0544","317.6618","55.2926","304.9245","0","U","39208","999","1476","-0.00007937200000","-0.00000503","0.0000000000000","7045.876","98.098","674.956","660.526","PAYLOAD","LARGE","PRC","2013-07-19","TSC","","1571523","94197050","0 PAYLOAD A","1 39208U 13037A   13301.55804947 -.00000503  00000-0 -79372-4 0  9998","2 39208 098.0544 317.6618 0010240 055.2926 304.9245 14.67914122 14764"
"2.0","GENERATED VIA SPACE-TRACK.ORG API","2013-10-28T22:26:45","18 SPCS","PAYLOAD A","2013-037A","EARTH","TEME","UTC","SGP4","2013-10-28T16:39:54.333503","14.67915609","0.00099940","98.0543","317.7958","55.0666","305.1572","0","U","39208","999","1478","-0.00002051200000","-0.00000166","0.0000000000000","7045.871","98.098","674.778","660.694","PAYLOAD","LARGE","PRC","2013-07-19","TSC","","1571753","94200287","0 PAYLOAD A","1 39208U 13037A   13301.69437886 -.00000166  00000-0 -20512-4 0  9994","2 39208 098.0543 317.7958 0009994 055.0666 305.1572 14.67915609 14783"
"2.0","GENERATED VIA SPACE-TRACK.ORG API","2013-10-28T23:30:07","18 SPCS","PAYLOAD B","2013-037B","EARTH","TEME","UTC","SGP4","2013-10-28T18:08:22.288128","14.67266245","0.00058050","98.0533","317.7126","51.3486","308.8234","0","U","39209","999","1477","0.00006102000000","0.00000296","0.0000000000000","7047.950","98.141","673.906","665.723","PAYLOAD","LARGE","PRC","2013-07-19","TSC","","1571853","94202119","0 PAYLOAD B","1 39209U 13037B   13301.75581352  .00000296  00000-0  61020-4 0  9991","2 39209 098.0533 317.7126 0005805 051.3486 308.8234 14.67266245 14775"
"2.0","GENERATED VIA SPACE-TRACK.ORG API","2013-10-28T23:31:40","18 SPCS","PAYLOAD C","2013-037C","EARTH","TEME","UTC","SGP4","2013-10-28T18:59:04.220447","14.95055724","0.00349740","97.6936","317.8122","64.9873","295.4990","0","U","39210","999","1499","0.00009907100000","0.00001039","0.0000000000000","6960.341","96.317","606.549","557.863","PAYLOAD","LARGE","PRC","2013-07-19","TSC","","1571855","94202157","0 PAYLOAD C","1 39210U 13037C   13301.79102107  .00001039  00000-0  99071-4 0  9997","2 39210 097.6936 317.8122 0034974 064.9873 295.4990 14.95055724 14998"
"2.0","GENERATED VIA SPACE-TRACK.ORG API","2013-10-29T06:27:40","18 SPCS","PAYLOAD A","2013-037A","EARTH","TEME","UTC","SGP4","2013-10-29T00:50:41.312831","14.67916767","0.00098940","98.0542","318.1315","53.6653","306.5520","0","U","39208","999","1483","0.00003345000000","0.00000143","0.0000000000000","7045.867","98.098","674.704","660.761","PAYLOAD","LARGE","PRC","2013-07-19","TSC","","1571973","94202956","0 PAYLOAD A","1 39208U 13037A   13302.03520038  .00000143  00000-0  33450-4 0  9993","2 39208 098.0542 318.1315 0009894 053.6653 306.5520 14.67916767 14833"
"2.0","GENERATED VIA SPACE-TRACK.ORG API","2013-10-29T07:50:23","18 SPCS","PAYLOAD B","2013-037B","EARTH","TEME","UTC","SGP4","2013-10-29T02:19:22.434816","14.67266986","0.00057380","98.0533","318.0476","50.5235","309.6503","0","U","39209","999","1482","0.00007267000000","0.00000362","0.0000000000000","7047.947","98.141","673.857","665.768","PAYLOAD","LARGE","PRC","2013-07-19","TSC","","1572066","94205107","0 PAYLOAD B","1 39209U 13037B   13302.09678744  .00000362  00000-0  72670-4 0  9998","2 39209 098.0533 318.0476 0005738 050.5235 309.6503 14.67266986 14821"
"2.0","GENERATED VIA SPACE-TRACK.ORG API","2013-10-29T07:51:39","18 SPCS","PAYLOAD C","2013-037C","EARTH","TEME","UTC","SGP4","2013-10-29T03:00:57.289247","14.95056899","0.00349800","97.6938","318.1404","63.9809","296.5008","0","U","39210","999","1504","0.00010663000000","0.00001123","0.0000000000000","6960.337","96.317","606.549","557.855","PAYLOAD","LARGE","PRC","2013-07-19","TSC","","1572068","94205146","0 PAYLOAD C","1 39210U 13037C   13302.12566307  .00001123  00000-0  10663-3 0  9994","2 39210 097.6938 318.1404 0034980 063.9809 296.5008 14.95056899 15045"
"2.0","GENERATED VIA SPACE-TRACK.ORG API","2013-10-29T15:45:13","18 SPCS","PAYLOAD B","2013-037B","EARTH","TEME","UTC","SGP4","2013-10-29T08:52:10.502400","14.67267258","0.00057390","98.0535","318.3159","49.7588","310.4122","0","U","39209","999","1486","0.00007313300000","0.00000364","0.0000000000000","7047.947","98.141","673.856","665.767","PAYLOAD","LARGE","PRC","2013-07-19","TSC","","1572203","94208083","0 PAYLOAD B","1 39209U 13037B   13302.36956600  .00000364  00000-0  73133-4 0  9995","2 39209 098.0535 318.3159 0005739 049.7588 310.4122 14.67267258 14860"
"2.0","GENERATED VIA SPACE-TRACK.ORG API","2013-10-29T14:27:15","18 SPCS","PAYLOAD A","2013-037A","EARTH","TEME","UTC","SGP4","2013-10-29T09:01:28.302527","14.67917819","0.00099020","98.0545","318.4670","52.4139","307.7972","0","U","39208","999","1488","0.00007610400000","0.00000387","0.0000000000000","7045.864","98.098","674.706","660.752","PAYLOAD","LARGE","PRC","2013-07-19","TSC","","1572104","94205800","0 PAYLOAD A","1 39208U 13037A   13302.37602202  .00000387  00000-0  76104-4 0  9997","2 39208 098.0545 318.4670 0009902 052.4139 307.7972 14.67917819 14887"
"2.0","GENERATED VIA SPACE-TRACK.ORG API","2013-10-29T15:46:27","18 SPCS","PAYLOAD C","2013-037C","EARTH","TEME","UTC","SGP4","2013-10-29T11:02:50.391743","14.95057820","0.00349880","97.6939","318.4685","62.8890","297.5902","0","U","39210","999","1509","0.00010803000000","0.00001139","0.0000000000000","6960.334","96.317","606.552","557.846","PAYLOAD","LARGE","PRC","2013-07-19","TSC","","1572206","94208133","0 PAYLOAD C","1 39210U 13037C   13302.46030546  .00001139  00000-0  10803-3 0  9995","2 39210 097.6939 318.4685 0034988 062.8890 297.5902 14.95057820 15090"
"2.0","GENERATED VIA SPACE-TRACK.ORG API","2013-10-29T23:27:33","18 SPCS","PAYLOAD B","2013-037B","EARTH","TEME","UTC","SGP4","2013-10-29T18:41:22.664256","14.67267256","0.00057200","98.0537","318.7182","48.5097","311.6587","0","U","39209","999","1492","0.00006425200000","0.00000314","0.0000000000000","7047.947","98.141","673.843","665.780","PAYLOAD","LARGE","PRC","2013-07-19","TSC","","1572371","94210672","0 PAYLOAD B","1 39209U 13037B   13302.77873454  .00000314  00000-0  64252-4 0  9992","2 39209 098.0537 318.7182 0005720 048.5097 311.6587 14.67267256 14927"
"2.0","GENERATED VIA SPACE-TRACK.ORG API","2013-10-29T23:28:20","18 SPCS","PAYLOAD C","2013-037C","EARTH","TEME","UTC","SGP4","2013-10-29T19:04:43.463136","14.95058198","0.00349860","97.6940","318.7969","61.8215","298.6519","0","U","39210","999","1514","0.00010160000000","0.00001067","0.0000000000000","6960.333","96.317","606.549","557.847","PAYLOAD","LARGE","PRC","2013-07-19","TSC","","1572372","94210710","0 PAYLOAD C","1 39210U 13037C   13302.79494749  .00001067  00000-0  10160-3 0  9996","2 39210 097.6940 318.7969 0034986 061.8215 298.6519 14.95058198 15149"
"2.0","GENERATED VIA SPACE-TRACK.ORG API","2013-10-29T22:28:30","18 SPCS","PAYLOAD A","2013-037A","EARTH","TEME","UTC","SGP4","2013-10-29T20:28:34.243103","14.67917777","0.00098690","98.0544","318.9367","50.9924","309.2162","0","U","39208","999","1495","0.00006926600000","0.00000348","0.0000000000000","7045.864","98.098","674.683","660.776","PAYLOAD","LARGE","PRC","2013-07-19","TSC","","1572291","94208885","0 PAYLOAD A","1 39208U 13037A   13302.85317411  .00000348  00000-0  69266-4 0  9993","2 39208 098.0544 318.9367 0009869 050.9924 309.2162 14.67917777 14950"
"2.0","GENERATED VIA SPACE-TRACK.ORG API","2013-10-30T08:27:24","18 SPCS","PAYLOAD B","2013-037B","EARTH","TEME","UTC","SGP4","2013-10-30T01:14:10.762944","14.67268206","0.00057520","98.0539","318.9865","46.8558","313.3128","0","U","39209","999","1496","0.00009314700000","0.00000477","0.0000000000000","7047.944","98.141","673.863","665.755","PAYLOAD","LARGE","PRC","2013-07-19","TSC","","1572586","94213663","0 PAYLOAD B","1 39209U 13037B   13303.05151346  .00000477  00000-0  93147-4 0  9998","2 39209 098.0539 318.9865 0005752 046.8558 313.3128 14.67268206 14967"
"2.0","GENERATED VIA SPACE-TRACK.ORG API","2013-10-30T06:27:14","18 SPCS","PAYLOAD A","2013-037A","EARTH","TEME","UTC","SGP4","2013-10-30T01:23:02.487552","14.67917895","0.00098620","98.0549","319.1378","50.6174","309.5904","0","U","39208","999","1498","0.00006595000000","0.00000329","0.0000000000000","7045.864","98.098","674.677","660.780","PAYLOAD","LARGE","PRC","2013-07-19","TSC","","1572501","94211581","0 PAYLOAD A","1 39208U 13037A   13303.05766768  .00000329  00000-0  65950-4 0  9994","2 39208 098.0549 319.1378 0009862 050.6174 309.5904 14.67917895 14988"
"2.0","GENERATED VIA SPACE-TRACK.ORG API","2013-10-30T08:28:04","18 SPCS","PAYLOAD C","2013-037C","EARTH","TEME","UTC","SGP4","2013-10-30T04:42:59.120639","14.95059895","0.00350010","97.6941","319.1908","60.4177","300.0526","0","U","39210","999","1520","0.00011454000000","0.00001211","0.0000000000000","6960.328","96.317","606.555","557.831","PAYLOAD","LARGE","PRC","2013-07-19","TSC","","1572587","94213697","0 PAYLOAD C","1 39210U 13037C   13303.19651760  .00001211  00000-0  11454-3 0  9997","2 39210 097.6941 319.1908 0035001 060.4177 300.0526 14.95059895 15207"
"2.0","GENERATED VIA SPACE-TRACK.ORG API","2013-10-30T16:06:04","18 SPCS","PAYLOAD B","2013-037B","EARTH","TEME","UTC","SGP4","2013-10-30T09:25:10.897535","14.67268337","0.00057530","98.0539","319.3217","45.9035","314.2644","0","U","39209","999","1501","0.00008689800000","0.00000442","0.0000000000000","7047.943","98.141","673.863","665.753","PAYLOAD","LARGE","PRC","2013-07-19","TSC","","1572762","94217077","0 PAYLOAD B","1 39209U 13037B   13303.39248724  .00000442  00000-0  86898-4 0  9999","2 39209 098.0539 319.3217 0005753 045.9035 314.2644 14.67268337 15019"
"2.0","GENERATED VIA SPACE-TRACK.ORG API","2013-10-30T14:37:55","18 SPCS","PAYLOAD A","2013-037A","EARTH","TEME","UTC","SGP4","2013-10-30T09:33:49.572287","14.67917690","0.00098900","98.0551","319.4731","49.5597","310.6458","0","U","39208","999","1503","0.00004490300000","0.00000209","0.0000000000000","7045.864","98.098","674.698","660.761","PAYLOAD","LARGE","PRC","2013-07-19","TSC","","1572631","94214528","0 PAYLOAD A","1 39208U 13037A   13303.39849042  .00000209  00000-0  44903-4 0  9990","2 39208 098.0551 319.4731 0009890 049.5597 310.6458 14.67917690 15031"
"2.0","GENERATED VIA SPACE-TRACK.ORG API","2013-10-30T16:07:30","18 SPCS","PAYLOAD C","2013-037C","EARTH","TEME","UTC","SGP4","2013-10-30T11:08:29.528159","14.95061092","0.00349740","97.6941","319.4532","59.5370","300.9310","0","U","39210","999","1524","0.00012302000000","0.00001305","0.0000000000000","6960.324","96.317","606.532","557.846","PAYLOAD","LARGE","PRC","2013-07-19","TSC","","1572766","94217124","0 PAYLOAD C","1 39210U 13037C   13303.46423065  .00001305  00000-0  12302-3 0  9999","2 39210 097.6941 319.4532 0034974 059.5370 300.9310 14.95061092 15241"
"2.0","GENERATED VIA SPACE-TRACK.ORG API","2013-10-30T23:40:35","18 SPCS","PAYLOAD B","2013-037B","EARTH","TEME","UTC","SGP4","2013-10-30T17:36:11.008800","14.67268159","0.00057260","98.0539","319.6567","45.4000","314.7651","0","U","39209","999","1506","0.00007274000000","0.00000362","0.0000000000000","7047.944","98.141","673.844","665.773","PAYLOAD","LARGE","PRC","2013-07-19","TSC","","1572982","94220098","0 PAYLOAD B","1 39209U 13037B   13303.73346075  .00000362  00000-0  72740-4 0  9997","2 39209 098.0539 319.6567 0005726 045.4000 314.7651 14.67268159 15067"
"2.0","GENERATED VIA SPACE-TRACK.ORG API","2013-10-30T23:40:55","18 SPCS","PAYLOAD C","2013-037C","EARTH","TEME","UTC","SGP4","2013-10-30T20:46:45.133823","14.95061797","0.00349510","97.6941","319.8471","58.4413","302.0216","0","U","39210","999","1530","0.00011595000000","0.00001226","0.0000000000000","6960.322","96.317","606.514","557.860","PAYLOAD","LARGE","PRC","2013-07-19","TSC","","1572983","94220138","0 PAYLOAD C","1 39210U 13037C   13303.86580016  .00001226  00000-0  11595-3 0  9998","2 39210 097.6941 319.8471 0034951 058.4413 302.0216 14.95061797 15305"
"2.0","GENERATED VIA SPACE-TRACK.ORG API","2013-10-30T22:28:53","18 SPCS","PAYLOAD A","2013-037A","EARTH","TEME","UTC","SGP4","2013-10-30T21:00:55.492128","14.67918021","0.00098820","98.0545","319.9425","48.2205","311.9832","0","U","39208","999","1510","0.00005231900000","0.00000251","0.0000000000000","7045.863","98.098","674.691","660.766","PAYLOAD","LARGE","PRC","2013-07-19","TSC","","1572889","94217999","0 PAYLOAD A","1 39208U 13037A   13303.87564227  .00000251  00000-0  52319-4 0  9999","2 39208 098.0545 319.9425 0009882 048.2205 311.9832 14.67918021 15109"
"2.0","GENERATED VIA SPACE-TRACK.ORG API","2013-10-31T07:32:42","18 SPCS","PAYLOAD B","2013-037B","EARTH","TEME","UTC","SGP4","2013-10-31T01:47:11.154624","14.67268573","0.00056970","98.0538","319.9920","44.4204","315.7468","0","U","39209","999","1511","0.00007440600000","0.00000372","0.0000000000000","7047.942","98.141","673.823","665.792","PAYLOAD","LARGE","PRC","2013-07-19","TSC","","1573137","94222583","0 PAYLOAD B","1 39209U 13037B   13304.07443466  .00000372  00000-0  74406-4 0  9999","2 39209 098.0538 319.9920 0005697 044.4204 315.7468 14.67268573 15117"
"2.0","GENERATED VIA SPACE-TRACK.ORG API","2013-10-31T06:24:17","18 SPCS","PAYLOAD A","2013-037A","EARTH","TEME","UTC","SGP4","2013-10-31T01:55:23.754720","14.67918180","0.00098790","98.0545","320.1437","47.5743","312.6297","0","U","39208","999","1513","0.00005426300000","0.00000262","0.0000000000000","7045.863","98.098","674.689","660.767","PAYLOAD","LARGE","PRC","2013-07-19","TSC","","1573065","94220819","0 PAYLOAD A","1 39208U 13037A   13304.08013605  .00000262  00000-0  54263-4 0  9994","2 39208 098.0545 320.1437 0009879 047.5743 312.6297 14.67918180 15133"
"2.0","GENERATED VIA SPACE-TRACK.ORG API","2013-10-31T07:33:52","18 SPCS","PAYLOAD C","2013-037C","EARTH","TEME","UTC","SGP4","2013-10-31T03:12:15.505920","14.95062839","0.00349620","97.6939","320.1097","57.5010","302.9582","0","U","39210","999","1534","0.00012201000000","0.00001294","0.0000000000000","6960.319","96.317","606.518","557.849","PAYLOAD","LARGE","PRC","2013-07-19","TSC","","1573139","94222617","0 PAYLOAD C","1 39210U 13037C   13304.13351280  .00001294  00000-0  12201-3 0  9998","2 39210 097.6939 320.1097 0034962 057.5010 302.9582 14.95062839 15343"
"2.0","GENERATED VIA SPACE-TRACK.ORG API","2013-10-31T16:28:39","18 SPCS","PAYLOAD C","2013-037C","EARTH","TEME","UTC","SGP4","2013-10-31T08:01:23.291039","14.95063825","0.00350020","97.6940","320.3067","56.9330","303.5251","0","U","39210","999","1537","0.00013118000000","0.00001395","0.0000000000000","6960.316","96.316","606.543","557.818","PAYLOAD","LARGE","PRC","2013-07-19","TSC","","1573209","94223511","0 PAYLOAD C","1 39210U 13037C   13304.33429735  .00001395  00000-0  13118-3 0  9991","2 39210 097.6940 320.3067 0035002 056.9330 303.5251 14.95063825 15377"
"2.0","GENERATED VIA SPACE-TRACK.ORG API","2013-10-31T17:08:27","18 SPCS","PAYLOAD A","2013-037A","EARTH","TEME","UTC","SGP4","2013-10-31T08:28:01.407648","14.67918613","0.00098800","98.0546","320.4119","46.7008","313.5028","0","U","39208","999","1517","0.00006294700000","0.00000312","0.0000000000000","7045.862","98.098","674.688","660.765","PAYLOAD","LARGE","PRC","2013-07-19","TSC","","1573285","94224298","0 PAYLOAD A","1 39208U 13037A   13304.35279407  .00000312  00000-0  62947-4 0  9992","2 39208 098.0546 320.4119 0009880 046.7008 313.5028 14.67918613 15178"
"2.0","GENERATED VIA SPACE-TRACK.ORG API","2013-10-31T16:23:54","18 SPCS","PAYLOAD B","2013-037B","EARTH","TEME","UTC","SGP4","2013-10-31T09:58:11.242559","14.67269163","0.00057150","98.0543","320.3273","43.5056","316.6607","0","U","39209","999","1516","0.00008560900000","0.00000435","0.0000000000000","7047.940","98.141","673.833","665.778","PAYLOAD","LARGE","PRC","2013-07-19","TSC","","1573190","94223291","0 PAYLOAD B","1 39209U 13037B   13304.41540790  .00000435  00000-0  85609-4 0  9992","2 39209 098.0543 320.3273 0005715 043.5056 316.6607 14.67269163 15162"
"2.0","GENERATED VIA SPACE-TRACK.ORG API","2013-11-01T00:35:38","18 SPCS","PAYLOAD B","2013-037B","EARTH","TEME","UTC","SGP4","2013-10-31T18:09:11.340000","14.67268797","0.00056590","98.0542","320.6622","43.1802","316.9827","0","U","39209","999","1521","0.00006619600000","0.00000325","0.0000000000000","7047.942","98.141","673.795","665.818","PAYLOAD","LARGE","PRC","2013-07-19","TSC","","1573601","94229387","0 PAYLOAD B","1 39209U 13037B   13304.75638125  .00000325  00000-0  66196-4 0  9997","2 39209 098.0542 320.6622 0005659 043.1802 316.9827 14.67268797 15219"
"2.0","GENERATED VIA SPACE-TRACK.ORG API","2013-11-01T00:37:41","18 SPCS","PAYLOAD C","2013-037C","EARTH","TEME","UTC","SGP4","2013-10-31T19:16:01.407648","14.95065076","0.00350210","97.6940","320.7664","55.5488","304.9033","0","U","39210","999","1544","0.00012861000000","0.00001367","0.0000000000000","6960.312","96.316","606.552","557.801","PAYLOAD","LARGE","PRC","2013-07-19","TSC","","1573605","94229441","0 PAYLOAD C","1 39210U 13037C   13304.80279407  .00001367  00000-0  12861-3 0  9995","2 39210 097.6940 320.7664 0035021 055.5488 304.9033 14.95065076 15445"
"2.0","GENERATED VIA SPACE-TRACK.ORG API","2013-10-31T22:39:59","18 SPCS","PAYLOAD A","2013-037A","EARTH","TEME","UTC","SGP4","2013-10-31T21:33:16.690176","14.67918446","0.00097740","98.0544","320.9487","45.4524","314.7476","0","U","39208","999","1525","0.00003886900000","0.00000174","0.0000000000000","7045.862","98.098","674.614","660.840","PAYLOAD","LARGE","PRC","2013-07-19","TSC","","1573444","94225960","0 PAYLOAD A","1 39208U 13037A   13304.89810984  .00000174  00000-0  38869-4 0  9994","2 39208 098.0544 320.9487 0009774 045.4524 314.7476 14.67918446 15253"
"2.0","GENERATED VIA SPACE-TRACK.ORG API","2013-11-01T06:51:30","18 SPCS","PAYLOAD B","2013-037B","EARTH","TEME","UTC","SGP4","2013-11-01T02:20:11.460768","14.67269193","0.00055890","98.0536","320.9975","42.0681","318.0974","0","U","39209","999","1526","0.00006306800000","0.00000308","0.0000000000000","7047.940","98.141","673.744","665.866","PAYLOAD","LARGE","PRC","2013-07-19","TSC","","1573724","94230729","0 PAYLOAD B","1 39209U 13037B   13305.09735487  .00000308  00000-0  63068-4 0  9990","2 39209 098.0536 320.9975 0005589 042.0681 318.0974 14.67269193 15263"
"2.0","GENERATED VIA SPACE-TRACK.ORG API","2013-11-01T06:53:20","18 SPCS","PAYLOAD C","2013-037C","EARTH","TEME","UTC","SGP4","2013-11-01T03:17:54.275136","14.95066959","0.00349830","97.6938","321.0947","54.4628","305.9854","0","U","39210","999","1549","0.00014350000000","0.00001532","0.0000000000000","6960.306","96.316","606.520","557.822","PAYLOAD","LARGE","PRC","2013-07-19","TSC","","1573726","94230753","0 PAYLOAD C","1 39210U 13037C   13305.13743374  .00001532  00000-0  14350-3 0  9990","2 39210 097.6938 321.0947 0034983 054.4628 305.9854 14.95066959 15498"
"2.0","GENERATED VIA SPACE-TRACK.ORG API","2013-11-01T06:26:43","18 SPCS","PAYLOAD A","2013-037A","EARTH","TEME","UTC","SGP4","2013-11-01T04:05:54.348288","14.67918558","0.00097810","98.0542","321.2169","44.4834","315.7154","0","U","39208","999","1529","0.00003991000000","0.00000180","0.0000000000000","7045.862","98.098","674.618","660.835","PAYLOAD","LARGE","PRC","2013-07-19","TSC","","1573694","94230016","0 PAYLOAD A","1 39208U 13037A   13305.17076792  .00000180  00000-0  39910-4 0  9992","2 39208 098.0542 321.2169 0009781 044.4834 315.7154 14.67918558 15295"
"2.0","GENERATED VIA SPACE-TRACK.ORG API","2013-11-01T14:52:13","18 SPCS","PAYLOAD A","2013-037A","EARTH","TEME","UTC","SGP4","2013-11-01T05:44:03.761951","14.67918602","0.00097850","98.0542","321.2839","44.2729","315.9257","0","U","39208","999","1530","0.00004066200000","0.00000184","0.0000000000000","7045.862","98.098","674.621","660.832","PAYLOAD","LARGE","PRC","2013-07-19","TSC","","1573791","94231717","0 PAYLOAD A","1 39208U 13037A   13305.23893243  .00000184  00000-0  40662-4 0  9997","2 39208 098.0542 321.2839 0009785 044.2729 315.9257 14.67918602 15302"
"2.0","GENERATED VIA SPACE-TRACK.ORG API","2013-11-01T16:44:20","18 SPCS","PAYLOAD B","2013-037B","EARTH","TEME","UTC","SGP4","2013-11-01T08:52:59.492064","14.67269751","0.00056000","98.0537","321.2657","41.2237","318.9395","0","U","39209","999","1530","0.00007527400000","0.00000376","0.0000000000000","7047.939","98.141","673.750","665.857","PAYLOAD","LARGE","PRC","2013-07-19","TSC","","1573961","94234877","0 PAYLOAD B","1 39209U 13037B   13305.37013301  .00000376  00000-0  75274-4 0  9992","2 39209 098.0537 321.2657 0005600 041.2237 318.9395 14.67269751 15308"
"2.0","GENERATED VIA SPACE-TRACK.ORG API","2013-11-01T16:47:18","18 SPCS","PAYLOAD C","2013-037C","EARTH","TEME","UTC","SGP4","2013-11-01T11:19:47.134847","14.95068498","0.00350110","97.6939","321.4231","53.3871","307.0573","0","U","39210","999","1554","0.00015002000000","0.00001604","0.0000000000000","6960.301","96.316","606.535","557.797","PAYLOAD","LARGE","PRC","2013-07-19","TSC","","1573966","94234953","0 PAYLOAD C","1 39210U 13037C   13305.47207332  .00001604  00000-0  15002-3 0  9991","2 39210 097.6939 321.4231 0035011 053.3871 307.0573 14.95068498 15547"
"2.0","GENERATED VIA SPACE-TRACK.ORG API","2013-11-01T23:39:51","18 SPCS","PAYLOAD B","2013-037B","EARTH","TEME","UTC","SGP4","2013-11-01T18:42:11.575295","14.67269907","0.00055980","98.0537","321.6678","39.9155","320.2444","0","U","39209","999","1536","0.00007089600000","0.00000352","0.0000000000000","7047.938","98.141","673.749","665.858","PAYLOAD","LARGE","PRC","2013-07-19","TSC","","1574163","94238160","0 PAYLOAD B","1 39209U 13037B   13305.77930064  .00000352  00000-0  70896-4 0  9999","2 39209 098.0537 321.6678 0005598 039.9155 320.2444 14.67269907 15364"
"2.0","GENERATED VIA SPACE-TRACK.ORG API","2013-11-01T23:41:32","18 SPCS","PAYLOAD C","2013-037C","EARTH","TEME","UTC","SGP4","2013-11-01T19:21:39.989375","14.95070016","0.00350010","97.6941","321.7515","52.4469","307.9960","0","U","39210","999","1559","0.00015521000000","0.00001662","0.0000000000000","6960.296","96.316","606.523","557.800","PAYLOAD","LARGE","PRC","2013-07-19","TSC","","1574165","94238201","0 PAYLOAD C","1 39210U 13037C   13305.80671284  .00001662  00000-0  15521-3 0  9999","2 39210 097.6941 321.7515 0035001 052.4469 307.9960 14.95070016 15593"
"2.0","GENERATED VIA SPACE-TRACK.ORG API","2013-11-01T22:31:35","18 SPCS","PAYLOAD A","2013-037A","EARTH","TEME","UTC","SGP4","2013-11-01T20:27:28.471968","14.67919827","0.00097640","98.0544","321.8876","42.6937","317.5066","0","U","39208","999","1539","0.00007033400000","0.00000354","0.0000000000000","7045.858","98.098","674.602","660.843","PAYLOAD","LARGE","PRC","2013-07-19","TSC","","1574072","94236137","0 PAYLOAD A","1 39208U 13037A   13305.85241287  .00000354  00000-0  70334-4 0  9998","2 39208 098.0544 321.8876 0009764 042.6937 317.5066 14.67919827 15396"
"2.0","GENERATED VIA SPACE-TRACK.ORG API","2013-11-02T07:35:14","18 SPCS","PAYLOAD B","2013-037B","EARTH","TEME","UTC","SGP4","2013-11-02T01:14:59.639424","14.67270466","0.00055550","98.0536","321.9360","39.6446","320.5176","0","U","39209","999","1540","0.00007675700000","0.00000385","0.0000000000000","7047.936","98.141","673.716","665.886","PAYLOAD","LARGE","PRC","2013-07-19","TSC","","1574340","94241220","0 PAYLOAD B","1 39209U 13037B   13306.05207916  .00000385  00000-0  76757-4 0  9992","2 39209 098.0536 321.9360 0005555 039.6446 320.5176 14.67270466 15409"
"2.0","GENERATED VIA SPACE-TRACK.ORG API","2013-11-02T06:29:42","18 SPCS","PAYLOAD A","2013-037A","EARTH","TEME","UTC","SGP4","2013-11-02T01:21:56.627424","14.67920132","0.00097580","98.0544","322.0889","41.9982","318.1983","0","U","39208","999","1542","0.00007159400000","0.00000361","0.0000000000000","7045.857","98.097","674.597","660.846","PAYLOAD","LARGE","PRC","2013-07-19","TSC","","1574253","94239116","0 PAYLOAD A","1 39208U 13037A   13306.05690541  .00000361  00000-0  71594-4 0  9999","2 39208 098.0544 322.0889 0009758 041.9982 318.1983 14.67920132 15428"
"2.0","GENERATED VIA SPACE-TRACK.ORG API","2013-11-02T07:36:41","18 SPCS","PAYLOAD C","2013-037C","EARTH","TEME","UTC","SGP4","2013-11-02T03:23:32.672832","14.95072106","0.00349510","97.6939","322.0798","51.2931","309.1410","0","U","39210","999","1564","0.00016811000000","0.00001805","0.0000000000000","6960.290","96.316","606.482","557.828","PAYLOAD","LARGE","PRC","2013-07-19","TSC","","1574341","94241259","0 PAYLOAD C","1 39210U 13037C   13306.14135038  .00001805  00000-0  16811-3 0  9991","2 39210 097.6939 322.0798 0034951 051.2931 309.1410 14.95072106 15643"
"2.0","GENERATED VIA SPACE-TRACK.ORG API","2013-11-02T15:19:10","18 SPCS","PAYLOAD B","2013-037B","EARTH","TEME","UTC","SGP4","2013-11-02T09:25:59.690207","14.67271051","0.00055820","98.0536","322.2710","38.4779","321.6830","0","U","39209","999","1545","0.00008671500000","0.00000441","0.0000000000000","7047.934","98.141","673.734","665.865","PAYLOAD","LARGE","PRC","2013-07-19","TSC","","1574453","94243553","0 PAYLOAD B","1 39209U 13037B   13306.39305197  .00000441  00000-0  86715-4 0  9997","2 39209 098.0536 322.2710 0005582 038.4779 321.6830 14.67271051 15453"
"2.0","GENERATED VIA SPACE-TRACK.ORG API","2013-11-02T15:20:53","18 SPCS","PAYLOAD C","2013-037C","EARTH","TEME","UTC","SGP4","2013-11-02T11:25:25.435776","14.95073858","0.00349720","97.6938","322.4080","50.1564","310.2734","0","U","39210","999","1569","0.00017687000000","0.00001902","0.0000000000000","6960.284","96.316","606.491","557.808","PAYLOAD","LARGE","PRC","2013-07-19","TSC","","1574456","94243596","0 PAYLOAD C","1 39210U 13037C   13306.47598884  .00001902  00000-0  17687-3 0  9999","2 39210 097.6938 322.4080 0034972 050.1564 310.2734 14.95073858 15695"
"2.0","GENERATED VIA SPACE-TRACK.ORG API","2013-11-02T14:24:27","18 SPCS","PAYLOAD A","2013-037A","EARTH","TEME","UTC","SGP4","2013-11-02T12:49:02.440991","14.67920759","0.00097440","98.0543","322.5582","40.6060","319.5884","0","U","39208","999","1549","0.00007546300000","0.00000384","0.0000000000000","7045.855","98.097","674.585","660.854","PAYLOAD","LARGE","PRC","2013-07-19","TSC","","1574383","94241891","0 PAYLOAD A","1 39208U 13037A   13306.53405603  .00000384  00000-0  75463-4 0  9999","2 39208 098.0543 322.5582 0009744 040.6060 319.5884 14.67920759 15497"
"2.0","GENERATED VIA SPACE-TRACK.ORG API","2013-11-02T23:38:26","18 SPCS","PAYLOAD B","2013-037B","EARTH","TEME","UTC","SGP4","2013-11-02T17:36:59.703840","14.67271629","0.00056000","98.0538","322.6062","37.6095","322.5484","0","U","39209","999","1550","0.00009627400000","0.00000495","0.0000000000000","7047.933","98.141","673.744","665.851","PAYLOAD","LARGE","PRC","2013-07-19","TSC","","1574650","94246737","0 PAYLOAD B","1 39209U 13037B   13306.73402435  .00000495  00000-0  96274-4 0  9998","2 39209 098.0538 322.6062 0005600 037.6095 322.5484 14.67271629 15504"
"2.0","GENERATED VIA SPACE-TRACK.ORG API","2013-11-02T22:31:24","18 SPCS","PAYLOAD A","2013-037A","EARTH","TEME","UTC","SGP4","2013-11-02T17:43:30.629279","14.67920564","0.00097530","98.0543","322.7595","40.0838","320.1061","0","U","39208","999","1552","0.00006713600000","0.00000336","0.0000000000000","7045.855","98.097","674.592","660.848","PAYLOAD","LARGE","PRC","2013-07-19","TSC","","1574550","94244697","0 PAYLOAD A","1 39208U 13037A   13306.73854895  .00000336  00000-0  67136-4 0  9997","2 39208 098.0543 322.7595 0009753 040.0838 320.1061 14.67920564 15523"
"2.0","GENERATED VIA SPACE-TRACK.ORG API","2013-11-02T20:48:10","18 SPCS","PAYLOAD C","2013-037C","EARTH","TEME","UTC","SGP4","2013-11-02T19:27:18.176255","14.95075788","0.00351700","97.6935","322.7361","48.9429","311.4820","0","U","39210","999","1574","0.00018709000000","0.00002016","0.0000000000000","6960.278","96.316","606.623","557.664","PAYLOAD","LARGE","PRC","2013-07-19","TSC","","1574506","94244028","0 PAYLOAD C","1 39210U 13037C   13306.81062704  .00002016  00000-0  18709-3 0  9997","2 39210 097.6935 322.7361 0035170 048.9429 311.4820 14.95075788 15742"
"2.0","GENERATED VIA SPACE-TRACK.ORG API","2013-11-03T07:24:29","18 SPCS","PAYLOAD B","2013-037B","EARTH","TEME","UTC","SGP4","2013-11-03T01:47:59.760672","14.67272268","0.00055830","98.0535","322.9414","36.3800","323.7791","0","U","39209","999","1555","0.00010341000000","0.00000535","0.0000000000000","7047.931","98.141","673.730","665.861","PAYLOAD","LARGE","PRC","2013-07-19","TSC","","1574949","94249486","0 PAYLOAD B","1 39209U 13037B   13307.07499723  .00000535  00000-0  10341-3 0  9997","2 39209 098.0535 322.9414 0005583 036.3800 323.7791 14.67272268 15554"
"2.0","GENERATED VIA SPACE-TRACK.ORG API","2013-11-03T07:26:13","18 SPCS","PAYLOAD C","2013-037C","EARTH","TEME","UTC","SGP4","2013-11-03T03:29:10.858847","14.95076712","0.00349170","97.6935","323.0646","47.8775","312.5402","0","U","39210","999","1579","0.00018179000000","0.00001957","0.0000000000000","6960.276","96.316","606.444","557.837","PAYLOAD","LARGE","PRC","2013-07-19","TSC","","1574953","94249518","0 PAYLOAD C","1 39210U 13037C   13307.14526457  .00001957  00000-0  18179-3 0  9998","2 39210 097.6935 323.0646 0034917 047.8775 312.5402 14.95076712 15793"
"2.0","GENERATED VIA SPACE-TRACK.ORG API","2013-11-03T06:24:42","18 SPCS","PAYLOAD A","2013-037A","EARTH","TEME","UTC","SGP4","2013-11-03T05:10:36.448032","14.67921633","0.00097490","98.0540","323.2287","38.6592","321.5310","0","U","39208","999","1559","0.00008776200000","0.00000454","0.0000000000000","7045.852","98.097","674.586","660.848","PAYLOAD","LARGE","PRC","2013-07-19","TSC","","1574865","94247561","0 PAYLOAD A","1 39208U 13037A   13307.21569963  .00000454  00000-0  87762-4 0  9998","2 39208 098.0540 323.2287 0009749 038.6592 321.5310 14.67921633 15596"
"2.0","GENERATED VIA SPACE-TRACK.ORG API","2013-11-03T10:29:51","18 SPCS","PAYLOAD B","2013-037B","EARTH","TEME","UTC","SGP4","2013-11-03T08:20:47.775551","14.67272776","0.00056360","98.0536","323.2097","34.8375","325.3200","0","U","39209","999","1559","0.00010895000000","0.00000566","0.0000000000000","7047.929","98.141","673.766","665.822","PAYLOAD","LARGE","PRC","2013-07-19","TSC","","1574970","94249731","0 PAYLOAD B","1 39209U 13037B   13307.34777518  .00000566  00000-0  10895-3 0  9996","2 39209 098.0536 323.2097 0005636 034.8375 325.3200 14.67272776 15596"
"2.0","GENERATED VIA SPACE-TRACK.ORG API","2013-11-03T14:58:00","18 SPCS","PAYLOAD C","2013-037C","EARTH","TEME","UTC","SGP4","2013-11-03T11:31:03.546623","14.95078116","0.00349190","97.6935","323.3929","46.7760","313.6372","0","U","39210","999","1584","0.00018232000000","0.00001963","0.0000000000000","6960.271","96.316","606.441","557.832","PAYLOAD","LARGE","PRC","2013-07-19","TSC","","1575040","94251137","0 PAYLOAD C","1 39210U 13037C   13307.47990216  .00001963  00000-0  18232-3 0  9999","2 39210 097.6935 323.3929 0034919 046.7760 313.6372 14.95078116 15848"
"2.0","GENERATED VIA SPACE-TRACK.ORG API","2013-11-03T14:57:42","18 SPCS","PAYLOAD B","2013-037B","EARTH","TEME","UTC","SGP4","2013-11-03T13:15:23.784768","14.67272586","0.00055510","98.0534","323.4104","35.2687","324.8870","0","U","39209","999","1562","0.00009773900000","0.00000503","0.0000000000000","7047.930","98.141","673.707","665.882","PAYLOAD","LARGE","PRC","2013-07-19","TSC","","1575039","94251114","0 PAYLOAD B","1 39209U 13037B   13307.55235862  .00000503  00000-0  97739-4 0  9994","2 39209 098.0534 323.4104 0005551 035.2687 324.8870 14.67272586 15622"
"2.0","GENERATED VIA SPACE-TRACK.ORG API","2013-11-03T14:18:50","18 SPCS","PAYLOAD A","2013-037A","EARTH","TEME","UTC","SGP4","2013-11-03T13:21:23.437728","14.67921746","0.00097540","98.0541","323.5641","37.8404","322.3469","0","U","39208","999","1564","0.00008053200000","0.00000413","0.0000000000000","7045.851","98.097","674.589","660.844","PAYLOAD","LARGE","PRC","2013-07-19","TSC","","1574994","94249994","0 PAYLOAD A","1 39208U 13037A   13307.55652127  .00000413  00000-0  80532-4 0  9993","2 39208 098.0541 323.5641 0009754 037.8404 322.3469 14.67921746 15648"
"2.0","GENERATED VIA SPACE-TRACK.ORG API","2013-11-03T23:40:33","18 SPCS","PAYLOAD C","2013-037C","EARTH","TEME","UTC","SGP4","2013-11-03T19:32:56.253407","14.95078796","0.00348890","97.6934","323.7211","45.7539","314.6529","0","U","39210","999","1589","0.00017617000000","0.00001894","0.0000000000000","6960.269","96.315","606.418","557.850","PAYLOAD","LARGE","PRC","2013-07-19","TSC","","1575213","94254256","0 PAYLOAD C","1 39210U 13037C   13307.81453997  .00001894  00000-0  17617-3 0  9996","2 39210 097.6934 323.7211 0034889 045.7539 314.6529 14.95078796 15898"
"2.0","GENERATED VIA SPACE-TRACK.ORG API","2013-11-03T22:31:20","18 SPCS","PAYLOAD A","2013-037A","EARTH","TEME","UTC","SGP4","2013-11-03T19:54:01.085472","14.67921605","0.00097020","98.0538","323.8321","37.0830","323.1041","0","U","39208","999","1568","0.00007106300000","0.00000358","0.0000000000000","7045.852","98.097","674.553","660.881","PAYLOAD","LARGE","PRC","2013-07-19","TSC","","1575126","94252127","0 PAYLOAD A","1 39208U 13037A   13307.82917923  .00000358  00000-0  71063-4 0  9998","2 39208 098.0538 323.8321 0009702 037.0830 323.1041 14.67921605 15683"
"2.0","GENERATED VIA SPACE-TRACK.ORG API","2013-11-03T23:38:31","18 SPCS","PAYLOAD B","2013-037B","EARTH","TEME","UTC","SGP4","2013-11-03T21:26:23.865791","14.67272730","0.00055310","98.0533","323.7454","34.5748","325.5817","0","U","39209","999","1567","0.00009463900000","0.00000486","0.0000000000000","7047.929","98.141","673.692","665.896","PAYLOAD","LARGE","PRC","2013-07-19","TSC","","1575211","94254207","0 PAYLOAD B","1 39209U 13037B   13307.89333178  .00000486  00000-0  94639-4 0  9996","2 39209 098.0533 323.7454 0005531 034.5748 325.5817 14.67272730 15675"
"2.0","GENERATED VIA SPACE-TRACK.ORG API","2013-11-04T01:25:56","18 SPCS","PAYLOAD B","2013-037B","EARTH","TEME","UTC","SGP4","2013-11-04T00:42:47.872800","14.67272913","0.00055260","98.0534","323.8796","34.3191","325.8375","0","U","39209","999","1569","0.00009412000000","0.00000483","0.0000000000000","7047.928","98.141","673.688","665.899","PAYLOAD","LARGE","PRC","2013-07-19","TSC","","1575266","94254516","0 PAYLOAD B","1 39209U 13037B   13308.02972075  .00000483  00000-0  94120-4 0  9999","2 39209 098.0534 323.8796 0005526 034.3191 325.8375 14.67272913 15697"
"2.0","GENERATED VIA SPACE-TRACK.ORG API","2013-11-04T01:13:51","18 SPCS","PAYLOAD A","2013-037A","EARTH","TEME","UTC","SGP4","2013-11-04T00:48:29.290176","14.67921709","0.00097650","98.0540","324.0335","36.4584","323.7269","0","U","39208","999","1571","0.00007081900000","0.00000357","0.0000000000000","7045.852","98.097","674.597","660.836","PAYLOAD","LARGE","PRC","2013-07-19","TSC","","1575264","94254514","0 PAYLOAD A","1 39208U 13037A   13308.03367234  .00000357  00000-0  70819-4 0  9993","2 39208 098.0540 324.0335 0009765 036.4584 323.7269 14.67921709 15719"
"2.0","GENERATED VIA SPACE-TRACK.ORG API","2013-11-04T06:28:33","18 SPCS","PAYLOAD A","2013-037A","EARTH","TEME","UTC","SGP4","2013-11-04T02:26:38.714208","14.67921789","0.00097030","98.0537","324.1003","36.2299","323.9575","0","U","39208","999","1572","0.00006986300000","0.00000352","0.0000000000000","7045.851","98.097","674.553","660.880","PAYLOAD","LARGE","PRC","2013-07-19","TSC","","1575421","94255188","0 PAYLOAD A","1 39208U 13037A   13308.10183697  .00000352  00000-0  69863-4 0  9992","2 39208 098.0537 324.1003 0009703 036.2299 323.9575 14.67921789 15722"
"2.0","GENERATED VIA SPACE-TRACK.ORG API","2013-11-04T07:36:19","18 SPCS","PAYLOAD C","2013-037C","EARTH","TEME","UTC","SGP4","2013-11-04T03:34:48.886752","14.95080083","0.00348860","97.6931","324.0495","44.6875","315.7138","0","U","39210","999","1594","0.00017539000000","0.00001886","0.0000000000000","6960.265","96.315","606.412","557.849","PAYLOAD","LARGE","PRC","2013-07-19","TSC","","1575518","94257243","0 PAYLOAD C","1 39210U 13037C   13308.14917693  .00001886  00000-0  17539-3 0  9995","2 39210 097.6931 324.0495 0034886 044.6875 315.7138 14.95080083 15947"
"2.0","GENERATED VIA SPACE-TRACK.ORG API","2013-11-04T07:34:54","18 SPCS","PAYLOAD B","2013-037B","EARTH","TEME","UTC","SGP4","2013-11-04T03:59:11.872031","14.67273080","0.00055450","98.0533","324.0136","33.7424","326.4133","0","U","39209","999","1571","0.00009420000000","0.00000483","0.0000000000000","7047.928","98.141","673.701","665.885","PAYLOAD","LARGE","PRC","2013-07-19","TSC","","1575517","94257211","0 PAYLOAD B","1 39209U 13037B   13308.16610963  .00000483  00000-0  94200-4 0  9998","2 39209 098.0533 324.0136 0005545 033.7424 326.4133 14.67273080 15718"
"2.0","GENERATED VIA SPACE-TRACK.ORG API","2013-11-04T15:45:19","18 SPCS","PAYLOAD C","2013-037C","EARTH","TEME","UTC","SGP4","2013-11-04T11:36:41.521823","14.95081244","0.00348960","97.6931","324.3778","43.5526","316.8435","0","U","39210","999","1599","0.00017348000000","0.00001865","0.0000000000000","6960.262","96.315","606.415","557.838","PAYLOAD","LARGE","PRC","2013-07-19","TSC","","1575668","94260204","0 PAYLOAD C","1 39210U 13037C   13308.48381391  .00001865  00000-0  17348-3 0  9997","2 39210 097.6931 324.3778 0034896 043.5526 316.8435 14.95081244 15993"
"2.0","GENERATED VIA SPACE-TRACK.ORG API","2013-11-04T15:44:27","18 SPCS","PAYLOAD B","2013-037B","EARTH","TEME","UTC","SGP4","2013-11-04T12:10:11.889120","14.67273452","0.00055460","98.0532","324.3487","32.7466","327.4085","0","U","39209","999","1576","0.00009332300000","0.00000478","0.0000000000000","7047.927","98.141","673.701","665.883","PAYLOAD","LARGE","PRC","2013-07-19","TSC","","1575666","94260156","0 PAYLOAD B","1 39209U 13037B   13308.50708205  .00000478  00000-0  93323-4 0  9992","2 39209 098.0532 324.3487 0005546 032.7466 327.4085 14.67273452 15760"
"2.0","GENERATED VIA SPACE-TRACK.ORG API","2013-11-04T14:31:52","18 SPCS","PAYLOAD A","2013-037A","EARTH","TEME","UTC","SGP4","2013-11-04T12:15:35.078687","14.67922309","0.00097080","98.0536","324.5026","34.9963","325.1884","0","U","39208","999","1578","0.00007392500000","0.00000375","0.0000000000000","7045.850","98.097","674.555","660.875","PAYLOAD","LARGE","PRC","2013-07-19","TSC","","1575569","94258068","0 PAYLOAD A","1 39208U 13037A   13308.51082267  .00000375  00000-0  73925-4 0  9997","2 39208 098.0536 324.5026 0009708 034.9963 325.1884 14.67922309 15780"
"2.0","GENERATED VIA SPACE-TRACK.ORG API","2013-11-04T23:44:58","18 SPCS","PAYLOAD C","2013-037C","EARTH","TEME","UTC","SGP4","2013-11-04T19:38:34.185407","14.95081168","0.00348670","97.6929","324.7059","42.3381","318.0495","0","U","39210","999","1604","0.00015573000000","0.00001668","0.0000000000000","6960.262","96.315","606.395","557.858","PAYLOAD","LARGE","PRC","2013-07-19","TSC","","1575902","94263373","0 PAYLOAD C","1 39210U 13037C   13308.81845122  .00001668  00000-0  15573-3 0  9990","2 39210 097.6929 324.7059 0034867 042.3381 318.0495 14.95081168 16042"
"2.0","GENERATED VIA SPACE-TRACK.ORG API","2013-11-04T23:43:12","18 SPCS","PAYLOAD B","2013-037B","EARTH","TEME","UTC","SGP4","2013-11-04T20:21:11.896703","14.67273334","0.00055030","98.0530","324.6835","32.0237","328.1284","0","U","39209","999","1581","0.00008066300000","0.00000407","0.0000000000000","7047.927","98.141","673.671","665.914","PAYLOAD","LARGE","PRC","2013-07-19","TSC","","1575897","94263324","0 PAYLOAD B","1 39209U 13037B   13308.84805436  .00000407  00000-0  80663-4 0  9998","2 39209 098.0530 324.6835 0005503 032.0237 328.1284 14.67273334 15814"
"2.0","GENERATED VIA SPACE-TRACK.ORG API","2013-11-04T22:29:03","18 SPCS","PAYLOAD A","2013-037A","EARTH","TEME","UTC","SGP4","2013-11-04T20:26:22.017408","14.67923118","0.00096880","98.0533","324.8377","34.1266","326.0565","0","U","39208","999","1583","0.00008768400000","0.00000454","0.0000000000000","7045.847","98.097","674.538","660.886","PAYLOAD","LARGE","PRC","2013-07-19","TSC","","1575776","94261172","0 PAYLOAD A","1 39208U 13037A   13308.85164372  .00000454  00000-0  87684-4 0  9997","2 39208 098.0533 324.8377 0009688 034.1266 326.0565 14.67923118 15835"
"2.0","GENERATED VIA SPACE-TRACK.ORG API","2013-11-05T07:36:42","18 SPCS","PAYLOAD C","2013-037C","EARTH","TEME","UTC","SGP4","2013-11-05T03:40:26.800608","14.95081686","0.00348790","97.6929","325.0342","41.3055","319.0757","0","U","39210","999","1609","0.00014569000000","0.00001557","0.0000000000000","6960.260","96.315","606.402","557.848","PAYLOAD","LARGE","PRC","2013-07-19","TSC","","1576176","94266243","0 PAYLOAD C","1 39210U 13037C   13309.15308797  .00001557  00000-0  14569-3 0  9991","2 39210 097.6929 325.0342 0034879 041.3055 319.0757 14.95081686 16093"
"2.0","GENERATED VIA SPACE-TRACK.ORG API","2013-11-05T07:35:33","18 SPCS","PAYLOAD B","2013-037B","EARTH","TEME","UTC","SGP4","2013-11-05T04:32:11.899103","14.67274040","0.00054960","98.0529","325.0185","30.8615","329.2912","0","U","39209","999","1586","0.00009042500000","0.00000462","0.0000000000000","7047.925","98.141","673.663","665.916","PAYLOAD","LARGE","PRC","2013-07-19","TSC","","1576174","94266200","0 PAYLOAD B","1 39209U 13037B   13309.18902661  .00000462  00000-0  90425-4 0  9992","2 39209 098.0529 325.0185 0005496 030.8615 329.2912 14.67274040 15862"
"2.0","GENERATED VIA SPACE-TRACK.ORG API","2013-11-05T06:30:15","18 SPCS","PAYLOAD A","2013-037A","EARTH","TEME","UTC","SGP4","2013-11-05T04:37:08.940575","14.67923799","0.00096600","98.0530","325.1730","32.9630","327.2175","0","U","39208","999","1588","0.00009582700000","0.00000500","0.0000000000000","7045.845","98.097","674.516","660.904","PAYLOAD","LARGE","PRC","2013-07-19","TSC","","1576090","94264306","0 PAYLOAD A","1 39208U 13037A   13309.19246459  .00000500  00000-0  95827-4 0  9992","2 39208 098.0530 325.1730 0009660 032.9630 327.2175 14.67923799 15880"
"2.0","GENERATED VIA SPACE-TRACK.ORG API","2013-11-05T15:22:39","18 SPCS","PAYLOAD B","2013-037B","EARTH","TEME","UTC","SGP4","2013-11-05T11:04:59.889792","14.67274393","0.00054960","98.0530","325.2866","30.2835","329.8688","0","U","39209","999","1590","0.00009175000000","0.00000469","0.0000000000000","7047.924","98.141","673.662","665.915","PAYLOAD","LARGE","PRC","2013-07-19","TSC","","1576287","94268522","0 PAYLOAD B","1 39209U 13037B   13309.46180428  .00000469  00000-0  91750-4 0  9991","2 39209 098.0530 325.2866 0005496 030.2835 329.8688 14.67274393 15902"
"2.0","GENERATED VIA SPACE-TRACK.ORG API","2013-11-05T14:26:15","18 SPCS","PAYLOAD A","2013-037A","EARTH","TEME","UTC","SGP4","2013-11-05T11:09:46.522656","14.67924030","0.00096490","98.0528","325.4410","32.0565","328.1231","0","U","39208","999","1592","0.00009467800000","0.00000494","0.0000000000000","7045.844","98.097","674.508","660.911","PAYLOAD","LARGE","PRC","2013-07-19","TSC","","1576219","94266925","0 PAYLOAD A","1 39208U 13037A   13309.46512179  .00000494  00000-0  94678-4 0  9992","2 39208 098.0528 325.4410 0009649 032.0565 328.1231 14.67924030 15927"
"2.0","GENERATED VIA SPACE-TRACK.ORG API","2013-11-05T15:22:46","18 SPCS","PAYLOAD C","2013-037C","EARTH","TEME","UTC","SGP4","2013-11-05T11:42:19.449503","14.95082521","0.00348640","97.6929","325.3626","40.2088","320.1699","0","U","39210","999","1614","0.00014197000000","0.00001515","0.0000000000000","6960.258","96.315","606.389","557.856","PAYLOAD","LARGE","PRC","2013-07-19","TSC","","1576288","94268548","0 PAYLOAD C","1 39210U 13037C   13309.48772511  .00001515  00000-0  14197-3 0  9997","2 39210 097.6929 325.3626 0034864 040.2088 320.1699 14.95082521 16142"
"2.0","GENERATED VIA SPACE-TRACK.ORG API","2013-11-05T16:35:52","18 SPCS","PAYLOAD A","2013-037A","EARTH","TEME","UTC","SGP4","2013-11-05T16:04:14.681567","14.67923862","0.00095870","98.0525","325.6419","31.9315","328.2447","0","U","39208","999","1595","0.00008663600000","0.00000448","0.0000000000000","7045.845","98.097","674.465","660.955","PAYLOAD","LARGE","PRC","2013-07-19","TSC","","1576312","94268930","0 PAYLOAD A","1 39208U 13037A   13309.66961437  .00000448  00000-0  86636-4 0  9993","2 39208 098.0525 325.6419 0009587 031.9315 328.2447 14.67923862 15952"
"2.0","GENERATED VIA SPACE-TRACK.ORG API","2013-11-05T23:22:24","18 SPCS","PAYLOAD B","2013-037B","EARTH","TEME","UTC","SGP4","2013-11-05T19:15:59.885280","14.67274560","0.00054390","98.0530","325.6215","29.8858","330.2654","0","U","39209","999","1595","0.00008803000000","0.00000448","0.0000000000000","7047.923","98.141","673.622","665.955","PAYLOAD","LARGE","PRC","2013-07-19","TSC","","1576449","94271108","0 PAYLOAD B","1 39209U 13037B   13309.80277645  .00000448  00000-0  88030-4 0  9991","2 39209 098.0530 325.6215 0005439 029.8858 330.2654 14.67274560 15950"
"2.0","GENERATED VIA SPACE-TRACK.ORG API","2013-11-05T22:26:47","18 SPCS","PAYLOAD A","2013-037A","EARTH","TEME","UTC","SGP4","2013-11-05T19:20:33.501120","14.67923601","0.00095880","98.0526","325.7761","31.4979","328.6780","0","U","39208","999","1597","0.00007604700000","0.00000387","0.0000000000000","7045.846","98.097","674.466","660.955","PAYLOAD","LARGE","PRC","2013-07-19","TSC","","1576372","94269434","0 PAYLOAD A","1 39208U 13037A   13309.80594330  .00000387  00000-0  76047-4 0  9990","2 39208 098.0526 325.7761 0009588 031.4979 328.6780 14.67923601 15973"
"2.0","GENERATED VIA SPACE-TRACK.ORG API","2013-11-05T23:22:42","18 SPCS","PAYLOAD C","2013-037C","EARTH","TEME","UTC","SGP4","2013-11-05T19:44:12.032735","14.95082708","0.00348100","97.6928","325.6908","39.1535","321.2168","0","U","39210","999","1619","0.00013022000000","0.00001385","0.0000000000000","6960.257","96.315","606.351","557.893","PAYLOAD","LARGE","PRC","2013-07-19","TSC","","1576450","94271135","0 PAYLOAD C","1 39210U 13037C   13309.82236149  .00001385  00000-0  13022-3 0  9998","2 39210 097.6928 325.6908 0034810 039.1535 321.2168 14.95082708 16197"
"2.0","GENERATED VIA SPACE-TRACK.ORG API","2013-11-06T06:46:44","18 SPCS","PAYLOAD B","2013-037B","EARTH","TEME","UTC","SGP4","2013-11-06T03:26:59.833248","14.67275225","0.00053950","98.0529","325.9565","28.7120","331.4382","0","U","39209","999","1600","0.00009491900000","0.00000487","0.0000000000000","7047.921","98.141","673.588","665.984","PAYLOAD","LARGE","PRC","2013-07-19","TSC","","1576561","94272297","0 PAYLOAD B","1 39209U 13037B   13310.14374807  .00000487  00000-0  94919-4 0  9994","2 39209 098.0529 325.9565 0005395 028.7120 331.4382 14.67275225 16007"
"2.0","GENERATED VIA SPACE-TRACK.ORG API","2013-11-06T06:17:30","18 SPCS","PAYLOAD A","2013-037A","EARTH","TEME","UTC","SGP4","2013-11-06T03:31:20.487359","14.67923939","0.00095910","98.0525","326.1114","30.4639","329.7120","0","U","39208","999","1602","0.00007741100000","0.00000395","0.0000000000000","7045.844","98.097","674.467","660.952","PAYLOAD","LARGE","PRC","2013-07-19","TSC","","1576531","94271581","0 PAYLOAD A","1 39208U 13037A   13310.14676490  .00000395  00000-0  77411-4 0  9992","2 39208 098.0525 326.1114 0009591 030.4639 329.7120 14.67923939 16026"
"2.0","GENERATED VIA SPACE-TRACK.ORG API","2013-11-06T06:48:12","18 SPCS","PAYLOAD C","2013-037C","EARTH","TEME","UTC","SGP4","2013-11-06T03:46:04.642752","14.95083140","0.00348100","97.6928","326.0193","37.9870","322.3774","0","U","39210","999","1624","0.00012343000000","0.00001310","0.0000000000000","6960.256","96.315","606.349","557.892","PAYLOAD","LARGE","PRC","2013-07-19","TSC","","1576568","94272455","0 PAYLOAD C","1 39210U 13037C   13310.15699818  .00001310  00000-0  12343-3 0  9995","2 39210 097.6928 326.0193 0034810 037.9870 322.3774 14.95083140 16248"
"2.0","GENERATED VIA SPACE-TRACK.ORG API","2013-11-06T14:18:05","18 SPCS","PAYLOAD A","2013-037A","EARTH","TEME","UTC","SGP4","2013-11-06T10:03:58.048703","14.67924363","0.00095860","98.0524","326.3795","29.5956","330.5798","0","U","39208","999","1606","0.00008223200000","0.00000422","0.0000000000000","7045.843","98.097","674.462","660.954","PAYLOAD","LARGE","PRC","2013-07-19","TSC","","1576592","94272660","0 PAYLOAD A","1 39208U 13037A   13310.41942186  .00000422  00000-0  82232-4 0  9998","2 39208 098.0524 326.3795 0009586 029.5956 330.5798 14.67924363 16064"
"2.0","GENERATED VIA SPACE-TRACK.ORG API","2013-11-06T14:41:08","18 SPCS","PAYLOAD B","2013-037B","EARTH","TEME","UTC","SGP4","2013-11-06T11:37:59.798496","14.67275639","0.00054040","98.0529","326.2916","27.7836","332.3656","0","U","39209","999","1605","0.00009575700000","0.00000492","0.0000000000000","7047.920","98.141","673.593","665.976","PAYLOAD","LARGE","PRC","2013-07-19","TSC","","1576618","94273276","0 PAYLOAD B","1 39209U 13037B   13310.48471989  .00000492  00000-0  95757-4 0  9997","2 39209 098.0529 326.2916 0005404 027.7836 332.3656 14.67275639 16053"
"2.0","GENERATED VIA SPACE-TRACK.ORG API","2013-11-06T14:42:35","18 SPCS","PAYLOAD C","2013-037C","EARTH","TEME","UTC","SGP4","2013-11-06T11:47:57.252767","14.95083380","0.00348160","97.6929","326.3478","36.8225","323.5362","0","U","39210","999","1629","0.00011406000000","0.00001206","0.0000000000000","6960.255","96.315","606.353","557.887","PAYLOAD","LARGE","PRC","2013-07-19","TSC","","1576621","94273333","0 PAYLOAD C","1 39210U 13037C   13310.49163487  .00001206  00000-0  11406-3 0  9993","2 39210 097.6929 326.3478 0034816 036.8225 323.5362 14.95083380 16293"
"2.0","GENERATED VIA SPACE-TRACK.ORG API","2013-11-06T16:14:04","18 SPCS","PAYLOAD A","2013-037A","EARTH","TEME","UTC","SGP4","2013-11-06T14:58:26.201568","14.67924555","0.00095860","98.0524","326.5807","28.9476","331.2259","0","U","39208","999","1609","0.00008223200000","0.00000422","0.0000000000000","7045.843","98.097","674.462","660.953","PAYLOAD","LARGE","PRC","2013-07-19","TSC","","1576647","94273602","0 PAYLOAD A","1 39208U 13037A   13310.62391437  .00000422  00000-0  82232-4 0  9998","2 39208 098.0524 326.5807 0009586 028.9476 331.2259 14.67924555 16096"
"2.0","GENERATED VIA SPACE-TRACK.ORG API","2013-11-07T00:13:13","18 SPCS","PAYLOAD B","2013-037B","EARTH","TEME","UTC","SGP4","2013-11-06T19:48:59.774111","14.67275544","0.00053540","98.0525","326.6266","27.1395","333.0070","0","U","39209","999","1610","0.00008540700000","0.00000434","0.0000000000000","7047.920","98.141","673.559","666.012","PAYLOAD","LARGE","PRC","2013-07-19","TSC","","1576928","94277557","0 PAYLOAD B","1 39209U 13037B   13310.82569183  .00000434  00000-0  85407-4 0  9996","2 39209 098.0525 326.6266 0005354 027.1395 333.0070 14.67275544 16108"
"2.0","GENERATED VIA SPACE-TRACK.ORG API","2013-11-07T00:14:37","18 SPCS","PAYLOAD C","2013-037C","EARTH","TEME","UTC","SGP4","2013-11-06T19:49:49.838592","14.95083420","0.00347840","97.6926","326.6757","35.7456","324.6052","0","U","39210","999","1634","0.00010434000000","0.00001098","0.0000000000000","6960.255","96.315","606.330","557.909","PAYLOAD","LARGE","PRC","2013-07-19","TSC","","1576929","94277578","0 PAYLOAD C","1 39210U 13037C   13310.82627128  .00001098  00000-0  10434-3 0  9996","2 39210 097.6926 326.6757 0034784 035.7456 324.6052 14.95083420 16340"
"2.0","GENERATED VIA SPACE-TRACK.ORG API","2013-11-06T22:38:30","18 SPCS","PAYLOAD A","2013-037A","EARTH","TEME","UTC","SGP4","2013-11-06T19:52:54.365663","14.67924333","0.00095180","98.0524","326.7817","28.3670","331.8041","0","U","39208","999","1612","0.00007089100000","0.00000357","0.0000000000000","7045.843","98.097","674.414","661.002","PAYLOAD","LARGE","PRC","2013-07-19","TSC","","1576798","94274534","0 PAYLOAD A","1 39208U 13037A   13310.82840701  .00000357  00000-0  70891-4 0  9998","2 39208 098.0524 326.7817 0009518 028.3670 331.8041 14.67924333 16127"
"2.0","GENERATED VIA SPACE-TRACK.ORG API","2013-11-07T07:35:41","18 SPCS","PAYLOAD B","2013-037B","EARTH","TEME","UTC","SGP4","2013-11-07T02:21:47.770848","14.67275797","0.00053360","98.0525","326.8945","26.2578","333.8898","0","U","39209","999","1614","0.00008374600000","0.00000424","0.0000000000000","7047.919","98.141","673.545","666.023","PAYLOAD","LARGE","PRC","2013-07-19","TSC","","1577149","94280660","0 PAYLOAD B","1 39209U 13037B   13311.09846957  .00000424  00000-0  83746-4 0  9996","2 39209 098.0525 326.8945 0005336 026.2578 333.8898 14.67275797 16147"
"2.0","GENERATED VIA SPACE-TRACK.ORG API","2013-11-07T06:23:05","18 SPCS","PAYLOAD A","2013-037A","EARTH","TEME","UTC","SGP4","2013-11-07T02:25:31.943424","14.67924258","0.00094650","98.0520","327.0497","27.6466","332.5240","0","U","39208","999","1616","0.00006047100000","0.00000298","0.0000000000000","7045.843","98.097","674.377","661.040","PAYLOAD","LARGE","PRC","2013-07-19","TSC","","1577056","94278388","0 PAYLOAD A","1 39208U 13037A   13311.10106416  .00000298  00000-0  60471-4 0  9995","2 39208 098.0520 327.0497 0009465 027.6466 332.5240 14.67924258 16166"
"2.0","GENERATED VIA SPACE-TRACK.ORG API","2013-11-07T07:37:26","18 SPCS","PAYLOAD C","2013-037C","EARTH","TEME","UTC","SGP4","2013-11-07T03:51:42.466751","14.95083284","0.00346970","97.6925","327.0038","34.6368","325.7083","0","U","39210","999","1639","0.00009323100000","0.00000975","0.0000000000000","6960.255","96.315","606.270","557.970","PAYLOAD","LARGE","PRC","2013-07-19","TSC","","1577152","94280707","0 PAYLOAD C","1 39210U 13037C   13311.16090818  .00000975  00000-0  93231-4 0  9994","2 39210 097.6925 327.0038 0034697 034.6368 325.7083 14.95083284 16398"
"2.0","GENERATED VIA SPACE-TRACK.ORG API","2013-11-07T13:51:27","18 SPCS","PAYLOAD C","2013-037C","EARTH","TEME","UTC","SGP4","2013-11-07T07:04:27.518015","14.95083396","0.00346940","97.6925","327.1351","34.1672","326.1761","0","U","39210","999","1641","0.00009139700000","0.00000954","0.0000000000000","6960.255","96.315","606.268","557.972","PAYLOAD","LARGE","PRC","2013-07-19","TSC","","1577314","94284255","0 PAYLOAD C","1 39210U 13037C   13311.29476294  .00000954  00000-0  91397-4 0  9992","2 39210 097.6925 327.1351 0034694 034.1672 326.1761 14.95083396 16412"
"2.0","GENERATED VIA SPACE-TRACK.ORG API","2013-11-07T13:48:08","18 SPCS","PAYLOAD B","2013-037B","EARTH","TEME","UTC","SGP4","2013-11-07T10:32:47.716224","14.67276563","0.00053880","98.0527","327.2296","25.1643","334.9827","0","U","39209","999","1619","0.00009693100000","0.00000499","0.0000000000000","7047.917","98.141","673.579","665.984","PAYLOAD","LARGE","PRC","2013-07-19","TSC","","1577310","94284164","0 PAYLOAD B","1 39209U 13037B   13311.43944116  .00000499  00000-0  96931-4 0  9992","2 39209 098.0527 327.2296 0005388 025.1643 334.9827 14.67276563 16192"
"2.0","GENERATED VIA SPACE-TRACK.ORG API","2013-11-07T12:38:05","18 SPCS","PAYLOAD A","2013-037A","EARTH","TEME","UTC","SGP4","2013-11-07T10:36:18.874367","14.67924843","0.00094940","98.0522","327.3851","26.4489","333.7203","0","U","39208","999","1621","0.00007062700000","0.00000356","0.0000000000000","7045.842","98.097","674.396","661.017","PAYLOAD","LARGE","PRC","2013-07-19","TSC","","1577207","94281742","0 PAYLOAD A","1 39208U 13037A   13311.44188512  .00000356  00000-0  70627-4 0  9998","2 39208 098.0522 327.3851 0009494 026.4489 333.7203 14.67924843 16217"
"2.0","GENERATED VIA SPACE-TRACK.ORG API","2013-11-07T22:49:36","18 SPCS","PAYLOAD B","2013-037B","EARTH","TEME","UTC","SGP4","2013-11-07T18:43:47.722080","14.67276063","0.00053250","98.0527","327.5646","24.4251","335.7199","0","U","39209","999","1624","0.00007719700000","0.00000387","0.0000000000000","7047.918","98.141","673.536","666.030","PAYLOAD","LARGE","PRC","2013-07-19","TSC","","1577520","94286874","0 PAYLOAD B","1 39209U 13037B   13311.78041345  .00000387  00000-0  77197-4 0  9991","2 39209 098.0527 327.5646 0005325 024.4251 335.7199 14.67276063 16244"
"2.0","GENERATED VIA SPACE-TRACK.ORG API","2013-11-07T22:48:46","18 SPCS","PAYLOAD A","2013-037A","EARTH","TEME","UTC","SGP4","2013-11-07T18:47:05.810496","14.67924824","0.00094830","98.0522","327.7203","25.4023","334.7638","0","U","39208","999","1626","0.00006336700000","0.00000314","0.0000000000000","7045.842","98.097","674.388","661.025","PAYLOAD","LARGE","PRC","2013-07-19","TSC","","1577517","94286809","0 PAYLOAD A","1 39208U 13037A   13311.78270614  .00000314  00000-0  63367-4 0  9997","2 39208 098.0522 327.7203 0009483 025.4023 334.7638 14.67924824 16260"
"2.0","GENERATED VIA SPACE-TRACK.ORG API","2013-11-07T22:50:54","18 SPCS","PAYLOAD C","2013-037C","EARTH","TEME","UTC","SGP4","2013-11-07T19:55:27.705791","14.95082509","0.00346140","97.6926","327.6603","32.4072","327.9228","0","U","39210","999","1649","0.00006773900000","0.00000692","0.0000000000000","6960.258","96.315","606.215","558.030","PAYLOAD","LARGE","PRC","2013-07-19","TSC","","1577524","94286919","0 PAYLOAD C","1 39210U 13037C   13311.83018178  .00000692  00000-0  67739-4 0  9997","2 39210 097.6926 327.6603 0034614 032.4072 327.9228 14.95082509 16495"
"2.0","GENERATED VIA SPACE-TRACK.ORG API","2013-11-08T07:14:58","18 SPCS","PAYLOAD B","2013-037B","EARTH","TEME","UTC","SGP4","2013-11-08T02:54:47.678687","14.67276381","0.00052770","98.0527","327.8994","23.6111","336.5340","0","U","39209","999","1629","0.00007623300000","0.00000382","0.0000000000000","7047.917","98.141","673.502","666.063","PAYLOAD","LARGE","PRC","2013-07-19","TSC","","1577779","94290624","0 PAYLOAD B","1 39209U 13037B   13312.12138517  .00000382  00000-0  76233-4 0  9993","2 39209 098.0527 327.8994 0005277 023.6111 336.5340 14.67276381 16290"
"2.0","GENERATED VIA SPACE-TRACK.ORG API","2013-11-08T06:38:58","18 SPCS","PAYLOAD A","2013-037A","EARTH","TEME","UTC","SGP4","2013-11-08T02:57:52.765631","14.67924920","0.00094480","98.0522","328.0556","24.4368","335.7278","0","U","39208","999","1631","0.00006124200000","0.00000302","0.0000000000000","7045.841","98.097","674.363","661.049","PAYLOAD","LARGE","PRC","2013-07-19","TSC","","1577719","94289244","0 PAYLOAD A","1 39208U 13037A   13312.12352738  .00000302  00000-0  61242-4 0  9991","2 39208 098.0522 328.0556 0009448 024.4368 335.7278 14.67924920 16311"
"2.0","GENERATED VIA SPACE-TRACK.ORG API","2013-11-08T07:15:51","18 SPCS","PAYLOAD C","2013-037C","EARTH","TEME","UTC","SGP4","2013-11-08T03:57:20.327903","14.95082703","0.00345600","97.6924","327.9884","31.3295","328.9974","0","U","39210","999","1654","0.00006262300000","0.00000635","0.0000000000000","6960.257","96.315","606.177","558.067","PAYLOAD","LARGE","PRC","2013-07-19","TSC","","1577780","94290656","0 PAYLOAD C","1 39210U 13037C   13312.16481861  .00000635  00000-0  62623-4 0  9991","2 39210 097.6924 327.9884 0034560 031.3295 328.9974 14.95082703 16543"
"2.0","GENERATED VIA SPACE-TRACK.ORG API","2013-11-08T15:44:31","18 SPCS","PAYLOAD B","2013-037B","EARTH","TEME","UTC","SGP4","2013-11-08T11:05:47.620608","14.67276935","0.00052730","98.0527","328.2343","22.6351","337.5099","0","U","39209","999","1634","0.00008264000000","0.00000418","0.0000000000000","7047.916","98.140","673.497","666.064","PAYLOAD","LARGE","PRC","2013-07-19","TSC","","1577930","94293604","0 PAYLOAD B","1 39209U 13037B   13312.46235672  .00000418  00000-0  82640-4 0  9999","2 39209 098.0527 328.2343 0005273 022.6351 337.5099 14.67276935 16347"
"2.0","GENERATED VIA SPACE-TRACK.ORG API","2013-11-08T14:32:07","18 SPCS","PAYLOAD A","2013-037A","EARTH","TEME","UTC","SGP4","2013-11-08T11:08:39.683616","14.67925347","0.00094380","98.0524","328.3909","23.3977","336.7654","0","U","39208","999","1636","0.00006600700000","0.00000329","0.0000000000000","7045.840","98.097","674.355","661.055","PAYLOAD","LARGE","PRC","2013-07-19","TSC","","1577824","94291325","0 PAYLOAD A","1 39208U 13037A   13312.46434819  .00000329  00000-0  66007-4 0  9992","2 39208 098.0524 328.3909 0009438 023.3977 336.7654 14.67925347 16369"
"2.0","GENERATED VIA SPACE-TRACK.ORG API","2013-11-08T15:45:24","18 SPCS","PAYLOAD C","2013-037C","EARTH","TEME","UTC","SGP4","2013-11-08T11:59:12.882624","14.95083279","0.00345590","97.6922","328.3166","30.1998","330.1209","0","U","39210","999","1659","0.00006424000000","0.00000653","0.0000000000000","6960.255","96.315","606.174","558.066","PAYLOAD","LARGE","PRC","2013-07-19","TSC","","1577932","94293655","0 PAYLOAD C","1 39210U 13037C   13312.49945466  .00000653  00000-0  64240-4 0  9990","2 39210 097.6922 328.3166 0034559 030.1998 330.1209 14.95083279 16594"
"2.0","GENERATED VIA SPACE-TRACK.ORG API","2013-11-08T23:37:53","18 SPCS","PAYLOAD B","2013-037B","EARTH","TEME","UTC","SGP4","2013-11-08T19:16:47.534015","14.67276837","0.00052410","98.0525","328.5691","22.1489","337.9914","0","U","39209","999","1639","0.00007397900000","0.00000369","0.0000000000000","7047.916","98.140","673.475","666.087","PAYLOAD","LARGE","PRC","2013-07-19","TSC","","1578173","94296881","0 PAYLOAD B","1 39209U 13037B   13312.80332794  .00000369  00000-0  73979-4 0  9990","2 39209 098.0525 328.5691 0005241 022.1489 337.9914 14.67276837 16392"
"2.0","GENERATED VIA SPACE-TRACK.ORG API","2013-11-08T22:31:28","18 SPCS","PAYLOAD A","2013-037A","EARTH","TEME","UTC","SGP4","2013-11-08T19:19:26.611104","14.67925079","0.00094100","98.0522","328.7261","22.5397","337.6192","0","U","39208","999","1641","0.00005361200000","0.00000259","0.0000000000000","7045.841","98.097","674.336","661.076","PAYLOAD","LARGE","PRC","2013-07-19","TSC","","1578079","94294898","0 PAYLOAD A","1 39208U 13037A   13312.80516911  .00000259  00000-0  53612-4 0  9994","2 39208 098.0522 328.7261 0009410 022.5397 337.6192 14.67925079 16414"
"2.0","GENERATED VIA SPACE-TRACK.ORG API","2013-11-08T23:38:10","18 SPCS","PAYLOAD C","2013-037C","EARTH","TEME","UTC","SGP4","2013-11-08T20:01:05.433024","14.95082693","0.00344790","97.6924","328.6452","29.1056","331.2048","0","U","39210","999","1664","0.00004955900000","0.00000490","0.0000000000000","6960.257","96.315","606.120","558.124","PAYLOAD","LARGE","PRC","2013-07-19","TSC","","1578174","94296915","0 PAYLOAD C","1 39210U 13037C   13312.83409066  .00000490  00000-0  49559-4 0  9994","2 39210 097.6924 328.6452 0034479 029.1056 331.2048 14.95082693 16649"
"2.0","GENERATED VIA SPACE-TRACK.ORG API","2013-11-09T07:19:21","18 SPCS","PAYLOAD B","2013-037B","EARTH","TEME","UTC","SGP4","2013-11-09T03:27:47.507903","14.67277406","0.00052010","98.0526","328.9042","21.1393","339.0043","0","U","39209","999","1644","0.00007914700000","0.00000398","0.0000000000000","7047.914","98.140","673.445","666.113","PAYLOAD","LARGE","PRC","2013-07-19","TSC","","1578357","94299095","0 PAYLOAD B","1 39209U 13037B   13313.14429986  .00000398  00000-0  79147-4 0  9993","2 39209 098.0526 328.9042 0005201 021.1393 339.0043 14.67277406 16441"
"2.0","GENERATED VIA SPACE-TRACK.ORG API","2013-11-09T06:36:57","18 SPCS","PAYLOAD A","2013-037A","EARTH","TEME","UTC","SGP4","2013-11-09T03:30:13.584383","14.67925277","0.00094090","98.0522","329.0613","21.4652","338.6945","0","U","39208","999","1646","0.00005323300000","0.00000256","0.0000000000000","7045.840","98.097","674.335","661.076","PAYLOAD","LARGE","PRC","2013-07-19","TSC","","1578296","94297625","0 PAYLOAD A","1 39208U 13037A   13313.14599056  .00000256  00000-0  53233-4 0  9999","2 39208 098.0522 329.0613 0009409 021.4652 338.6945 14.67925277 16461"
"2.0","GENERATED VIA SPACE-TRACK.ORG API","2013-11-09T07:20:52","18 SPCS","PAYLOAD C","2013-037C","EARTH","TEME","UTC","SGP4","2013-11-09T04:02:58.034400","14.95083000","0.00344620","97.6923","328.9734","27.9737","332.3334","0","U","39210","999","1669","0.00004755400000","0.00000468","0.0000000000000","6960.256","96.315","606.108","558.135","PAYLOAD","LARGE","PRC","2013-07-19","TSC","","1578358","94299123","0 PAYLOAD C","1 39210U 13037C   13313.16872725  .00000468  00000-0  47554-4 0  9995","2 39210 097.6923 328.9734 0034462 027.9737 332.3334 14.95083000 16696"
"2.0","GENERATED VIA SPACE-TRACK.ORG API","2013-11-09T15:38:15","18 SPCS","PAYLOAD B","2013-037B","EARTH","TEME","UTC","SGP4","2013-11-09T10:00:35.412191","14.67277697","0.00051670","98.0527","329.1724","20.5239","339.6178","0","U","39209","999","1648","0.00007838400000","0.00000394","0.0000000000000","7047.913","98.140","673.420","666.136","PAYLOAD","LARGE","PRC","2013-07-19","TSC","","1578483","94301867","0 PAYLOAD B","1 39209U 13037B   13313.41707653  .00000394  00000-0  78384-4 0  9991","2 39209 098.0527 329.1724 0005167 020.5239 339.6178 14.67277697 16486"
"2.0","GENERATED VIA SPACE-TRACK.ORG API","2013-11-09T14:31:18","18 SPCS","PAYLOAD A","2013-037A","EARTH","TEME","UTC","SGP4","2013-11-09T11:41:00.478176","14.67925507","0.00093320","98.0522","329.3965","20.4437","339.7140","0","U","39208","999","1651","0.00005120000000","0.00000245","0.0000000000000","7045.839","98.097","674.280","661.129","PAYLOAD","LARGE","PRC","2013-07-19","TSC","","1578401","94299897","0 PAYLOAD A","1 39208U 13037A   13313.48681109  .00000245  00000-0  51200-4 0  9997","2 39208 098.0522 329.3965 0009332 020.4437 339.7140 14.67925507 16510"
"2.0","GENERATED VIA SPACE-TRACK.ORG API","2013-11-09T15:39:37","18 SPCS","PAYLOAD C","2013-037C","EARTH","TEME","UTC","SGP4","2013-11-09T12:04:50.557151","14.95083864","0.00344550","97.6923","329.3018","26.8825","333.4193","0","U","39210","999","1674","0.00005376500000","0.00000537","0.0000000000000","6960.253","96.315","606.100","558.137","PAYLOAD","LARGE","PRC","2013-07-19","TSC","","1578485","94301913","0 PAYLOAD C","1 39210U 13037C   13313.50336293  .00000537  00000-0  53765-4 0  9996","2 39210 097.6923 329.3018 0034455 026.8825 333.4193 14.95083864 16743"
"2.0","GENERATED VIA SPACE-TRACK.ORG API","2013-11-09T23:42:03","18 SPCS","PAYLOAD B","2013-037B","EARTH","TEME","UTC","SGP4","2013-11-09T19:49:47.330400","14.67277695","0.00050990","98.0527","329.5741","19.2745","340.8649","0","U","39209","999","1654","0.00007034600000","0.00000349","0.0000000000000","7047.913","98.140","673.372","666.184","PAYLOAD","LARGE","PRC","2013-07-19","TSC","","1578705","94305250","0 PAYLOAD B","1 39209U 13037B   13313.82624225  .00000349  00000-0  70346-4 0  9999","2 39209 098.0527 329.5741 0005099 019.2745 340.8649 14.67277695 16542"
"2.0","GENERATED VIA SPACE-TRACK.ORG API","2013-11-09T22:31:32","18 SPCS","PAYLOAD A","2013-037A","EARTH","TEME","UTC","SGP4","2013-11-09T19:51:47.407392","14.67925483","0.00093210","98.0524","329.7317","19.4661","340.6886","0","U","39208","999","1656","0.00004726800000","0.00000222","0.0000000000000","7045.840","98.097","674.272","661.137","PAYLOAD","LARGE","PRC","2013-07-19","TSC","","1578614","94303050","0 PAYLOAD A","1 39208U 13037A   13313.82763203  .00000222  00000-0  47268-4 0  9995","2 39208 098.0524 329.7317 0009321 019.4661 340.6886 14.67925483 16568"
"2.0","GENERATED VIA SPACE-TRACK.ORG API","2013-11-09T22:17:02","18 SPCS","PAYLOAD C","2013-037C","EARTH","TEME","UTC","SGP4","2013-11-09T21:43:05.564063","14.95084252","0.00344140","97.6921","329.6955","25.5601","334.7316","0","U","39210","999","1680","0.00005254000000","0.00000523","0.0000000000000","6960.252","96.315","606.070","558.164","PAYLOAD","LARGE","PRC","2013-07-19","TSC","","1578595","94302648","0 PAYLOAD C","1 39210U 13037C   13313.90492551  .00000523  00000-0  52540-4 0  9995","2 39210 097.6921 329.6955 0034414 025.5601 334.7316 14.95084252 16807"
"2.0","GENERATED VIA SPACE-TRACK.ORG API","2013-11-10T06:35:59","18 SPCS","PAYLOAD A","2013-037A","EARTH","TEME","UTC","SGP4","2013-11-10T00:46:15.578399","14.67925551","0.00093130","98.0523","329.9328","18.7465","341.4082","0","U","39208","999","1659","0.00004595100000","0.00000215","0.0000000000000","7045.839","98.097","674.266","661.143","PAYLOAD","LARGE","PRC","2013-07-19","TSC","","1578848","94306204","0 PAYLOAD A","1 39208U 13037A   13314.03212475  .00000215  00000-0  45951-4 0  9998","2 39208 098.0523 329.9328 0009313 018.7465 341.4082 14.67925551 16592"
"2.0","GENERATED VIA SPACE-TRACK.ORG API","2013-11-10T07:43:00","18 SPCS","PAYLOAD B","2013-037B","EARTH","TEME","UTC","SGP4","2013-11-10T02:22:35.264927","14.67278203","0.00050470","98.0526","329.8422","18.0590","342.0817","0","U","39209","999","1658","0.00007505500000","0.00000375","0.0000000000000","7047.912","98.140","673.334","666.219","PAYLOAD","LARGE","PRC","2013-07-19","TSC","","1578941","94308429","0 PAYLOAD B","1 39209U 13037B   13314.09901927  .00000375  00000-0  75055-4 0  9997","2 39209 098.0526 329.8422 0005047 018.0590 342.0817 14.67278203 16589"
"2.0","GENERATED VIA SPACE-TRACK.ORG API","2013-11-10T07:44:04","18 SPCS","PAYLOAD C","2013-037C","EARTH","TEME","UTC","SGP4","2013-11-10T05:44:58.062624","14.95085256","0.00343390","97.6921","330.0239","24.3400","335.9478","0","U","39210","999","1685","0.00005860500000","0.00000591","0.0000000000000","6960.249","96.315","606.015","558.213","PAYLOAD","LARGE","PRC","2013-07-19","TSC","","1578943","94308480","0 PAYLOAD C","1 39210U 13037C   13314.23956091  .00000591  00000-0  58605-4 0  9999","2 39210 097.6921 330.0239 0034339 024.3400 335.9478 14.95085256 16850"
"2.0","GENERATED VIA SPACE-TRACK.ORG API","2013-11-10T15:32:17","18 SPCS","PAYLOAD B","2013-037B","EARTH","TEME","UTC","SGP4","2013-11-10T10:33:35.104896","14.67279244","0.00050740","98.0528","330.1773","16.9628","343.1755","0","U","39209","999","1663","0.00009689900000","0.00000498","0.0000000000000","7047.908","98.140","673.349","666.197","PAYLOAD","LARGE","PRC","2013-07-19","TSC","","1579070","94311197","0 PAYLOAD B","1 39209U 13037B   13314.43998964  .00000498  00000-0  96899-4 0  9997","2 39209 098.0528 330.1773 0005074 016.9628 343.1755 14.67279244 16639"
"2.0","GENERATED VIA SPACE-TRACK.ORG API","2013-11-10T15:34:00","18 SPCS","PAYLOAD C","2013-037C","EARTH","TEME","UTC","SGP4","2013-11-10T12:10:27.963839","14.95086367","0.00343600","97.6922","330.2867","23.4892","336.7904","0","U","39210","999","1689","0.00006880000000","0.00000704","0.0000000000000","6960.246","96.315","606.026","558.195","PAYLOAD","LARGE","PRC","2013-07-19","TSC","","1579072","94311232","0 PAYLOAD C","1 39210U 13037C   13314.50726810  .00000704  00000-0  68800-4 0  9997","2 39210 097.6922 330.2867 0034360 023.4892 336.7904 14.95086367 16890"
"2.0","GENERATED VIA SPACE-TRACK.ORG API","2013-11-10T14:29:04","18 SPCS","PAYLOAD A","2013-037A","EARTH","TEME","UTC","SGP4","2013-11-10T12:13:21.261504","14.67926757","0.00092570","98.0527","330.4024","17.2390","342.9199","0","U","39208","999","1666","0.00006506600000","0.00000324","0.0000000000000","7045.835","98.097","674.223","661.178","PAYLOAD","LARGE","PRC","2013-07-19","TSC","","1578983","94309278","0 PAYLOAD A","1 39208U 13037A   13314.50927386  .00000324  00000-0  65066-4 0  9994","2 39208 098.0527 330.4024 0009257 017.2390 342.9199 14.67926757 16666"
"2.0","GENERATED VIA SPACE-TRACK.ORG API","2013-11-10T23:43:39","18 SPCS","PAYLOAD B","2013-037B","EARTH","TEME","UTC","SGP4","2013-11-10T18:44:34.989792","14.67279227","0.00050070","98.0526","330.5124","16.0153","344.1199","0","U","39209","999","1668","0.00008753100000","0.00000446","0.0000000000000","7047.908","98.140","673.302","666.244","PAYLOAD","LARGE","PRC","2013-07-19","TSC","","1579297","94314536","0 PAYLOAD B","1 39209U 13037B   13314.78096053  .00000446  00000-0  87531-4 0  9999","2 39209 098.0526 330.5124 0005007 016.0153 344.1199 14.67279227 16680"
"2.0","GENERATED VIA SPACE-TRACK.ORG API","2013-11-10T23:44:04","18 SPCS","PAYLOAD C","2013-037C","EARTH","TEME","UTC","SGP4","2013-11-10T20:12:20.428703","14.95086779","0.00343010","97.6923","330.6150","22.3933","337.8785","0","U","39210","999","1694","0.00006779100000","0.00000692","0.0000000000000","6960.244","96.315","605.984","558.235","PAYLOAD","LARGE","PRC","2013-07-19","TSC","","1579299","94314577","0 PAYLOAD C","1 39210U 13037C   13314.84190311  .00000692  00000-0  67791-4 0  9999","2 39210 097.6923 330.6150 0034301 022.3933 337.8785 14.95086779 16941"
"2.0","GENERATED VIA SPACE-TRACK.ORG API","2013-11-10T22:32:32","18 SPCS","PAYLOAD A","2013-037A","EARTH","TEME","UTC","SGP4","2013-11-10T20:24:08.024831","14.67927099","0.00092100","98.0528","330.7376","16.1757","343.9736","0","U","39208","999","1671","0.00006899200000","0.00000347","0.0000000000000","7045.834","98.097","674.189","661.210","PAYLOAD","LARGE","PRC","2013-07-19","TSC","","1579204","94312398","0 PAYLOAD A","1 39208U 13037A   13314.85009288  .00000347  00000-0  68992-4 0  9990","2 39208 098.0528 330.7376 0009210 016.1757 343.9736 14.67927099 16718"
"2.0","GENERATED VIA SPACE-TRACK.ORG API","2013-11-11T07:20:15","18 SPCS","PAYLOAD B","2013-037B","EARTH","TEME","UTC","SGP4","2013-11-11T02:55:34.879872","14.67279731","0.00049850","98.0525","330.8474","15.0121","345.1233","0","U","39209","999","1673","0.00009053300000","0.00000463","0.0000000000000","7047.907","98.140","673.285","666.258","PAYLOAD","LARGE","PRC","2013-07-19","TSC","","1579458","94316959","0 PAYLOAD B","1 39209U 13037B   13315.12193148  .00000463  00000-0  90533-4 0  9996","2 39209 098.0525 330.8474 0004985 015.0121 345.1233 14.67279731 16734"
"2.0","GENERATED VIA SPACE-TRACK.ORG API","2013-11-11T07:20:32","18 SPCS","PAYLOAD C","2013-037C","EARTH","TEME","UTC","SGP4","2013-11-11T04:14:12.863327","14.95087687","0.00342650","97.6924","330.9432","21.2413","339.0241","0","U","39210","999","1699","0.00007178000000","0.00000737","0.0000000000000","6960.242","96.315","605.956","558.257","PAYLOAD","LARGE","PRC","2013-07-19","TSC","","1579459","94316997","0 PAYLOAD C","1 39210U 13037C   13315.17653777  .00000737  00000-0  71780-4 0  9999","2 39210 097.6924 330.9432 0034265 021.2413 339.0241 14.95087687 16993"
"2.0","GENERATED VIA SPACE-TRACK.ORG API","2013-11-11T06:25:56","18 SPCS","PAYLOAD A","2013-037A","EARTH","TEME","UTC","SGP4","2013-11-11T04:34:54.915167","14.67927352","0.00091940","98.0529","331.0728","15.0703","345.0774","0","U","39208","999","1676","0.00006864900000","0.00000345","0.0000000000000","7045.834","98.097","674.176","661.221","PAYLOAD","LARGE","PRC","2013-07-19","TSC","","1579389","94315324","0 PAYLOAD A","1 39208U 13037A   13315.19091337  .00000345  00000-0  68649-4 0  9991","2 39208 098.0529 331.0728 0009194 015.0703 345.0774 14.67927352 16766"
"2.0","GENERATED VIA SPACE-TRACK.ORG API","2013-11-11T15:56:35","18 SPCS","PAYLOAD B","2013-037B","EARTH","TEME","UTC","SGP4","2013-11-11T11:06:34.744031","14.67280553","0.00049930","98.0527","331.1823","14.0659","346.0694","0","U","39209","999","1678","0.00010448000000","0.00000541","0.0000000000000","7047.904","98.140","673.288","666.250","PAYLOAD","LARGE","PRC","2013-07-19","TSC","","1579606","94320378","0 PAYLOAD B","1 39209U 13037B   13315.46290213  .00000541  00000-0  10448-3 0  9997","2 39209 098.0527 331.1823 0004993 014.0659 346.0694 14.67280553 16782"
"2.0","GENERATED VIA SPACE-TRACK.ORG API","2013-11-11T15:58:18","18 SPCS","PAYLOAD C","2013-037C","EARTH","TEME","UTC","SGP4","2013-11-11T12:16:05.240927","14.95089539","0.00343290","97.6925","331.2719","20.3301","339.9302","0","U","39210","999","1704","0.00008963200000","0.00000935","0.0000000000000","6960.236","96.315","605.995","558.207","PAYLOAD","LARGE","PRC","2013-07-19","TSC","","1579608","94320432","0 PAYLOAD C","1 39210U 13037C   13315.51117177  .00000935  00000-0  89632-4 0  9991","2 39210 097.6925 331.2719 0034329 020.3301 339.9302 14.95089539 17045"
"2.0","GENERATED VIA SPACE-TRACK.ORG API","2013-11-11T14:31:46","18 SPCS","PAYLOAD A","2013-037A","EARTH","TEME","UTC","SGP4","2013-11-11T12:45:41.799455","14.67927867","0.00091680","98.0529","331.4081","14.0609","346.0873","0","U","39208","999","1681","0.00007252000000","0.00000367","0.0000000000000","7045.832","98.097","674.157","661.237","PAYLOAD","LARGE","PRC","2013-07-19","TSC","","1579495","94317716","0 PAYLOAD A","1 39208U 13037A   13315.53173379  .00000367  00000-0  72520-4 0  9993","2 39208 098.0529 331.4081 0009168 014.0609 346.0873 14.67927867 16815"
"2.0","GENERATED VIA SPACE-TRACK.ORG API","2013-11-11T23:38:46","18 SPCS","PAYLOAD B","2013-037B","EARTH","TEME","UTC","SGP4","2013-11-11T19:17:34.608192","14.67280569","0.00049610","98.0528","331.5173","13.0822","347.0499","0","U","39209","999","1683","0.00009616000000","0.00000494","0.0000000000000","7047.904","98.140","673.265","666.272","PAYLOAD","LARGE","PRC","2013-07-19","TSC","","1579851","94323626","0 PAYLOAD B","1 39209U 13037B   13315.80387278  .00000494  00000-0  96160-4 0  9996","2 39209 098.0528 331.5173 0004961 013.0822 347.0499 14.67280569 16838"
"2.0","GENERATED VIA SPACE-TRACK.ORG API","2013-11-11T23:40:21","18 SPCS","PAYLOAD C","2013-037C","EARTH","TEME","UTC","SGP4","2013-11-11T20:17:57.614207","14.95090422","0.00342250","97.6924","331.6001","19.2292","341.0232","0","U","39210","999","1709","0.00009313200000","0.00000973","0.0000000000000","6960.233","96.315","605.919","558.277","PAYLOAD","LARGE","PRC","2013-07-19","TSC","","1579853","94323673","0 PAYLOAD C","1 39210U 13037C   13315.84580572  .00000973  00000-0  93132-4 0  9992","2 39210 097.6924 331.6001 0034225 019.2292 341.0232 14.95090422 17097"
"2.0","GENERATED VIA SPACE-TRACK.ORG API","2013-11-11T22:28:46","18 SPCS","PAYLOAD A","2013-037A","EARTH","TEME","UTC","SGP4","2013-11-11T20:56:28.629311","14.67928219","0.00091460","98.0532","331.7433","13.0618","347.0818","0","U","39208","999","1686","0.00007628100000","0.00000388","0.0000000000000","7045.831","98.097","674.140","661.252","PAYLOAD","LARGE","PRC","2013-07-19","TSC","","1579754","94321529","0 PAYLOAD A","1 39208U 13037A   13315.87255358  .00000388  00000-0  76281-4 0  9999","2 39208 098.0532 331.7433 0009146 013.0618 347.0818 14.67928219 16865"
"2.0","GENERATED VIA SPACE-TRACK.ORG API","2013-11-12T07:31:07","18 SPCS","PAYLOAD B","2013-037B","EARTH","TEME","UTC","SGP4","2013-11-12T03:28:34.453343","14.67281481","0.00049220","98.0524","331.8521","11.5989","348.5342","0","U","39209","999","1688","0.00010949000000","0.00000570","0.0000000000000","7047.901","98.140","673.235","666.297","PAYLOAD","LARGE","PRC","2013-07-19","TSC","","1580039","94326526","0 PAYLOAD B","1 39209U 13037B   13316.14484321  .00000570  00000-0  10949-3 0  9996","2 39209 098.0524 331.8521 0004922 011.5989 348.5342 14.67281481 16880"
"2.0","GENERATED VIA SPACE-TRACK.ORG API","2013-11-12T07:33:17","18 SPCS","PAYLOAD C","2013-037C","EARTH","TEME","UTC","SGP4","2013-11-12T04:19:49.914912","14.95092152","0.00342080","97.6921","331.9283","18.0235","342.2204","0","U","39210","999","1714","0.00010808000000","0.00001139","0.0000000000000","6960.228","96.315","605.902","558.283","PAYLOAD","LARGE","PRC","2013-07-19","TSC","","1580040","94326573","0 PAYLOAD C","1 39210U 13037C   13316.18043883  .00001139  00000-0  10808-3 0  9992","2 39210 097.6921 331.9283 0034208 018.0235 342.2204 14.95092152 17144"
"2.0","GENERATED VIA SPACE-TRACK.ORG API","2013-11-12T06:26:41","18 SPCS","PAYLOAD A","2013-037A","EARTH","TEME","UTC","SGP4","2013-11-12T05:07:15.496319","14.67928525","0.00091190","98.0534","332.0785","12.0287","348.1136","0","U","39208","999","1691","0.00007630000000","0.00000388","0.0000000000000","7045.830","98.097","674.120","661.270","PAYLOAD","LARGE","PRC","2013-07-19","TSC","","1579954","94324458","0 PAYLOAD A","1 39208U 13037A   13316.21337380  .00000388  00000-0  76300-4 0  9996","2 39208 098.0534 332.0785 0009119 012.0287 348.1136 14.67928525 16913"
"2.0","GENERATED VIA SPACE-TRACK.ORG API","2013-11-12T15:38:11","18 SPCS","PAYLOAD B","2013-037B","EARTH","TEME","UTC","SGP4","2013-11-12T10:01:22.294560","14.67282066","0.00048970","98.0526","332.1202","11.0506","349.0810","0","U","39209","999","1692","0.00011582000000","0.00000605","0.0000000000000","7047.899","98.140","673.216","666.313","PAYLOAD","LARGE","PRC","2013-07-19","TSC","","1580184","94329413","0 PAYLOAD B","1 39209U 13037B   13316.41761915  .00000605  00000-0  11582-3 0  9996","2 39209 098.0526 332.1202 0004897 011.0506 349.0810 14.67282066 16924"
"2.0","GENERATED VIA SPACE-TRACK.ORG API","2013-11-12T14:29:25","18 SPCS","PAYLOAD A","2013-037A","EARTH","TEME","UTC","SGP4","2013-11-12T11:39:52.959168","14.67929134","0.00091220","98.0535","332.3467","11.2127","348.9290","0","U","39208","999","1695","0.00008467500000","0.00000436","0.0000000000000","7045.828","98.097","674.120","661.266","PAYLOAD","LARGE","PRC","2013-07-19","TSC","","1580094","94327365","0 PAYLOAD A","1 39208U 13037A   13316.48602962  .00000436  00000-0  84675-4 0  9994","2 39208 098.0535 332.3467 0009122 011.2127 348.9290 14.67929134 16952"
"2.0","GENERATED VIA SPACE-TRACK.ORG API","2013-11-12T15:39:52","18 SPCS","PAYLOAD C","2013-037C","EARTH","TEME","UTC","SGP4","2013-11-12T12:21:42.210431","14.95093712","0.00341730","97.6923","332.2566","16.9824","343.2547","0","U","39210","999","1719","0.00011810000000","0.00001250","0.0000000000000","6960.223","96.315","605.873","558.303","PAYLOAD","LARGE","PRC","2013-07-19","TSC","","1580185","94329450","0 PAYLOAD C","1 39210U 13037C   13316.51507188  .00001250  00000-0  11810-3 0  9990","2 39210 097.6923 332.2566 0034173 016.9824 343.2547 14.95093712 17195"
"2.0","GENERATED VIA SPACE-TRACK.ORG API","2013-11-12T22:36:15","18 SPCS","PAYLOAD A","2013-037A","EARTH","TEME","UTC","SGP4","2013-11-12T14:56:11.681088","14.67929418","0.00091100","98.0535","332.4810","10.7406","349.4000","0","U","39208","999","1697","0.00008938200000","0.00000463","0.0000000000000","7045.827","98.097","674.111","661.273","PAYLOAD","LARGE","PRC","2013-07-19","TSC","","1580381","94330560","0 PAYLOAD A","1 39208U 13037A   13316.62235742  .00000463  00000-0  89382-4 0  9998","2 39208 098.0535 332.4810 0009110 010.7406 349.4000 14.67929418 16978"
"2.0","GENERATED VIA SPACE-TRACK.ORG API","2013-11-12T23:30:16","18 SPCS","PAYLOAD B","2013-037B","EARTH","TEME","UTC","SGP4","2013-11-12T18:12:22.136256","14.67282015","0.00048540","98.0524","332.4553","10.0958","350.0330","0","U","39209","999","1697","0.00010324000000","0.00000534","0.0000000000000","7047.899","98.140","673.185","666.343","PAYLOAD","LARGE","PRC","2013-07-19","TSC","","1580460","94332452","0 PAYLOAD B","1 39209U 13037B   13316.75858954  .00000534  00000-0  10324-3 0  9997","2 39209 098.0524 332.4553 0004854 010.0958 350.0330 14.67282015 16975"
"2.0","GENERATED VIA SPACE-TRACK.ORG API","2013-11-12T23:32:19","18 SPCS","PAYLOAD C","2013-037C","EARTH","TEME","UTC","SGP4","2013-11-12T20:23:34.514591","14.95094914","0.00339540","97.6926","332.5849","16.0223","344.2092","0","U","39210","999","1724","0.00012345000000","0.00001309","0.0000000000000","6960.219","96.314","605.717","558.451","PAYLOAD","LARGE","PRC","2013-07-19","TSC","","1580464","94332509","0 PAYLOAD C","1 39210U 13037C   13316.84970503  .00001309  00000-0  12345-3 0  9990","2 39210 097.6926 332.5849 0033954 016.0223 344.2092 14.95094914 17242"
"2.0","GENERATED VIA SPACE-TRACK.ORG API","2013-11-13T07:23:28","18 SPCS","PAYLOAD B","2013-037B","EARTH","TEME","UTC","SGP4","2013-11-13T02:23:21.974496","14.67282835","0.00047990","98.0522","332.7907","9.0246","351.1060","0","U","39209","999","1702","0.00011411000000","0.00000596","0.0000000000000","7047.897","98.140","673.144","666.379","PAYLOAD","LARGE","PRC","2013-07-19","TSC","","1580658","94334976","0 PAYLOAD B","1 39209U 13037B   13317.09955989  .00000596  00000-0  11411-3 0  9997","2 39209 098.0522 332.7907 0004799 009.0246 351.1060 14.67282835 17024"
"2.0","GENERATED VIA SPACE-TRACK.ORG API","2013-11-13T07:24:59","18 SPCS","PAYLOAD C","2013-037C","EARTH","TEME","UTC","SGP4","2013-11-13T04:25:26.722848","14.95096485","0.00339550","97.6926","332.9133","14.8588","345.3625","0","U","39210","999","1729","0.00013281000000","0.00001413","0.0000000000000","6960.214","96.314","605.713","558.446","PAYLOAD","LARGE","PRC","2013-07-19","TSC","","1580659","94335012","0 PAYLOAD C","1 39210U 13037C   13317.18433707  .00001413  00000-0  13281-3 0  9994","2 39210 097.6926 332.9133 0033955 014.8588 345.3625 14.95096485 17297"
"2.0","GENERATED VIA SPACE-TRACK.ORG API","2013-11-13T06:24:57","18 SPCS","PAYLOAD A","2013-037A","EARTH","TEME","UTC","SGP4","2013-11-13T05:39:35.975519","14.67930104","0.00090860","98.0534","333.0843","8.7643","351.3727","0","U","39208","999","1706","0.00009082000000","0.00000471","0.0000000000000","7045.825","98.097","674.092","661.288","PAYLOAD","LARGE","PRC","2013-07-19","TSC","","1580575","94333219","0 PAYLOAD A","1 39208U 13037A   13317.23583305  .00000471  00000-0  90820-4 0  9995","2 39208 098.0534 333.0843 0009086 008.7643 351.3727 14.67930104 17065"
"2.0","GENERATED VIA SPACE-TRACK.ORG API","2013-11-13T10:28:35","18 SPCS","PAYLOAD B","2013-037B","EARTH","TEME","UTC","SGP4","2013-11-13T07:17:57.839424","14.67283141","0.00047830","98.0522","332.9919","8.5533","351.5759","0","U","39209","999","1705","0.00011355000000","0.00000592","0.0000000000000","7047.896","98.140","673.132","666.390","PAYLOAD","LARGE","PRC","2013-07-19","TSC","","1580671","94335168","0 PAYLOAD B","1 39209U 13037B   13317.30414166  .00000592  00000-0  11355-3 0  9991","2 39209 098.0522 332.9919 0004783 008.5533 351.5759 14.67283141 17058"
"2.0","GENERATED VIA SPACE-TRACK.ORG API","2013-11-13T10:28:35","18 SPCS","PAYLOAD A","2013-037A","EARTH","TEME","UTC","SGP4","2013-11-13T08:55:54.693984","14.67930295","0.00090780","98.0536","333.2186","8.3507","351.7853","0","U","39208","999","1708","0.00009109800000","0.00000473","0.0000000000000","7045.824","98.097","674.085","661.293","PAYLOAD","LARGE","PRC","2013-07-19","TSC","","1580671","94335167","0 PAYLOAD A","1 39208U 13037A   13317.37216081  .00000473  00000-0  91098-4 0  9994","2 39208 098.0536 333.2186 0009078 008.3507 351.7853 14.67930295 17082"
"2.0","GENERATED VIA SPACE-TRACK.ORG API","2013-11-13T10:28:35","18 SPCS","PAYLOAD C","2013-037C","EARTH","TEME","UTC","SGP4","2013-11-13T09:14:34.083743","14.95097228","0.00339500","97.6926","333.1102","14.1845","346.0329","0","U","39210","999","1732","0.00013479000000","0.00001435","0.0000000000000","6960.212","96.314","605.707","558.447","PAYLOAD","LARGE","PRC","2013-07-19","TSC","","1580671","94335169","0 PAYLOAD C","1 39210U 13037C   13317.38511671  .00001435  00000-0  13479-3 0  9996","2 39210 097.6926 333.1102 0033950 014.1845 346.0329 14.95097228 17329"
"2.0","GENERATED VIA SPACE-TRACK.ORG API","2013-11-13T15:31:20","18 SPCS","PAYLOAD B","2013-037B","EARTH","TEME","UTC","SGP4","2013-11-13T10:34:21.754848","14.67283353","0.00047800","98.0522","333.1259","8.2023","351.9261","0","U","39209","999","1707","0.00011411000000","0.00000596","0.0000000000000","7047.895","98.140","673.129","666.391","PAYLOAD","LARGE","PRC","2013-07-19","TSC","","1580780","94337500","0 PAYLOAD B","1 39209U 13037B   13317.44052957  .00000596  00000-0  11411-3 0  9999","2 39209 098.0522 333.1259 0004780 008.2023 351.9261 14.67283353 17075"
"2.0","GENERATED VIA SPACE-TRACK.ORG API","2013-11-13T14:26:51","18 SPCS","PAYLOAD A","2013-037A","EARTH","TEME","UTC","SGP4","2013-11-13T12:12:13.413312","14.67930481","0.00090810","98.0535","333.3527","7.9575","352.1774","0","U","39208","999","1710","0.00009207700000","0.00000479","0.0000000000000","7045.824","98.097","674.087","661.290","PAYLOAD","LARGE","PRC","2013-07-19","TSC","","1580702","94335623","0 PAYLOAD A","1 39208U 13037A   13317.50848858  .00000479  00000-0  92077-4 0  9996","2 39208 098.0535 333.3527 0009081 007.9575 352.1774 14.67930481 17102"
"2.0","GENERATED VIA SPACE-TRACK.ORG API","2013-11-13T15:33:12","18 SPCS","PAYLOAD C","2013-037C","EARTH","TEME","UTC","SGP4","2013-11-13T12:27:18.975168","14.95097622","0.00339410","97.6925","333.2416","13.7434","346.4704","0","U","39210","999","1734","0.00013459000000","0.00001433","0.0000000000000","6960.211","96.314","605.699","558.452","PAYLOAD","LARGE","PRC","2013-07-19","TSC","","1580782","94337543","0 PAYLOAD C","1 39210U 13037C   13317.51896962  .00001433  00000-0  13459-3 0  9996","2 39210 097.6925 333.2416 0033941 013.7434 346.4704 14.95097622 17347"
"2.0","GENERATED VIA SPACE-TRACK.ORG API","2013-11-13T17:14:30","18 SPCS","PAYLOAD A","2013-037A","EARTH","TEME","UTC","SGP4","2013-11-13T15:28:32.137823","14.67930621","0.00090770","98.0539","333.4870","7.7585","352.3745","0","U","39208","999","1712","0.00009542000000","0.00000498","0.0000000000000","7045.823","98.097","674.084","661.293","PAYLOAD","LARGE","PRC","2013-07-19","TSC","","1580812","94337950","0 PAYLOAD A","1 39208U 13037A   13317.64481641  .00000498  00000-0  95420-4 0  9990","2 39208 098.0539 333.4870 0009077 007.7585 352.3745 14.67930621 17120"
"2.0","GENERATED VIA SPACE-TRACK.ORG API","2013-11-13T23:41:16","18 SPCS","PAYLOAD B","2013-037B","EARTH","TEME","UTC","SGP4","2013-11-13T18:45:21.589632","14.67283350","0.00047630","98.0525","333.4612","6.8926","353.2337","0","U","39209","999","1712","0.00010579000000","0.00000549","0.0000000000000","7047.895","98.140","673.117","666.403","PAYLOAD","LARGE","PRC","2013-07-19","TSC","","1580975","94340642","0 PAYLOAD B","1 39209U 13037B   13317.78149988  .00000549  00000-0  10579-3 0  9999","2 39209 098.0525 333.4612 0004763 006.8926 353.2337 14.67283350 17123"
"2.0","GENERATED VIA SPACE-TRACK.ORG API","2013-11-13T22:28:09","18 SPCS","PAYLOAD A","2013-037A","EARTH","TEME","UTC","SGP4","2013-11-13T20:23:00.248352","14.67930446","0.00090650","98.0533","333.6879","7.0968","353.0340","0","U","39208","999","1715","0.00008642400000","0.00000446","0.0000000000000","7045.824","98.097","674.076","661.302","PAYLOAD","LARGE","PRC","2013-07-19","TSC","","1580871","94338481","0 PAYLOAD A","1 39208U 13037A   13317.84930843  .00000446  00000-0  86424-4 0  9992","2 39208 098.0533 333.6879 0009065 007.0968 353.0340 14.67930446 17157"
"2.0","GENERATED VIA SPACE-TRACK.ORG API","2013-11-13T23:42:48","18 SPCS","PAYLOAD C","2013-037C","EARTH","TEME","UTC","SGP4","2013-11-13T20:29:11.270687","14.95098118","0.00339010","97.6926","333.5699","12.6821","347.5247","0","U","39210","999","1739","0.00012870000000","0.00001368","0.0000000000000","6960.209","96.314","605.670","558.478","PAYLOAD","LARGE","PRC","2013-07-19","TSC","","1580977","94340683","0 PAYLOAD C","1 39210U 13037C   13317.85360267  .00001368  00000-0  12870-3 0  9990","2 39210 097.6926 333.5699 0033901 012.6821 347.5247 14.95098118 17398"
"2.0","GENERATED VIA SPACE-TRACK.ORG API","2013-11-14T07:15:32","18 SPCS","PAYLOAD B","2013-037B","EARTH","TEME","UTC","SGP4","2013-11-14T02:56:21.390719","14.67283842","0.00046930","98.0526","333.7963","6.2736","353.8525","0","U","39209","999","1717","0.00010750000000","0.00000558","0.0000000000000","7047.893","98.140","673.066","666.451","PAYLOAD","LARGE","PRC","2013-07-19","TSC","","1581136","94343035","0 PAYLOAD B","1 39209U 13037B   13318.12246980  .00000558  00000-0  10750-3 0  9999","2 39209 098.0526 333.7963 0004693 006.2736 353.8525 14.67283842 17177"
"2.0","GENERATED VIA SPACE-TRACK.ORG API","2013-11-14T07:17:18","18 SPCS","PAYLOAD C","2013-037C","EARTH","TEME","UTC","SGP4","2013-11-14T04:31:03.489311","14.95099554","0.00339160","97.6925","333.8982","11.5916","348.6084","0","U","39210","999","1744","0.00013601000000","0.00001449","0.0000000000000","6960.205","96.314","605.676","558.463","PAYLOAD","LARGE","PRC","2013-07-19","TSC","","1581137","94343067","0 PAYLOAD C","1 39210U 13037C   13318.18823483  .00001449  00000-0  13601-3 0  9994","2 39210 097.6925 333.8982 0033916 011.5916 348.6084 14.95099554 17446"
"2.0","GENERATED VIA SPACE-TRACK.ORG API","2013-11-14T06:23:58","18 SPCS","PAYLOAD A","2013-037A","EARTH","TEME","UTC","SGP4","2013-11-14T04:33:47.107584","14.67930637","0.00090480","98.0533","334.0233","6.0909","354.0398","0","U","39208","999","1720","0.00008295300000","0.00000426","0.0000000000000","7045.823","98.097","674.063","661.313","PAYLOAD","LARGE","PRC","2013-07-19","TSC","","1581066","94341424","0 PAYLOAD A","1 39208U 13037A   13318.19012856  .00000426  00000-0  82953-4 0  9997","2 39208 098.0533 334.0233 0009048 006.0909 354.0398 14.67930637 17203"
"2.0","GENERATED VIA SPACE-TRACK.ORG API","2013-11-14T06:52:34","18 SPCS","PAYLOAD A","2013-037A","EARTH","TEME","UTC","SGP4","2013-11-14T06:11:56.481504","14.67930582","0.00090270","98.0540","334.0906","6.0243","354.1063","0","U","39208","999","1721","0.00008054000000","0.00000413","0.0000000000000","7045.823","98.097","674.048","661.328","PAYLOAD","LARGE","PRC","2013-07-19","TSC","","1581104","94342302","0 PAYLOAD A","1 39208U 13037A   13318.25829261  .00000413  00000-0  80540-4 0  9996","2 39208 098.0540 334.0906 0009027 006.0243 354.1063 14.67930582 17216"
"2.0","GENERATED VIA SPACE-TRACK.ORG API","2013-11-14T13:11:23","18 SPCS","PAYLOAD C","2013-037C","EARTH","TEME","UTC","SGP4","2013-11-14T09:20:10.808736","14.95100312","0.00339190","97.6926","334.0952","10.9299","349.2660","0","U","39210","999","1747","0.00013767000000","0.00001467","0.0000000000000","6960.202","96.314","605.676","558.459","PAYLOAD","LARGE","PRC","2013-07-19","TSC","","1581232","94345140","0 PAYLOAD C","1 39210U 13037C   13318.38901399  .00001467  00000-0  13767-3 0  9992","2 39210 097.6926 334.0952 0033919 010.9299 349.2660 14.95100312 17472"
"2.0","GENERATED VIA SPACE-TRACK.ORG API","2013-11-14T12:18:50","18 SPCS","PAYLOAD A","2013-037A","EARTH","TEME","UTC","SGP4","2013-11-14T09:28:15.217247","14.67930831","0.00090480","98.0532","334.2244","5.4686","354.6623","0","U","39208","999","1723","0.00008277800000","0.00000425","0.0000000000000","7045.822","98.097","674.062","661.312","PAYLOAD","LARGE","PRC","2013-07-19","TSC","","1581166","94343576","0 PAYLOAD A","1 39208U 13037A   13318.39462057  .00000425  00000-0  82778-4 0  9995","2 39208 098.0532 334.2244 0009048 005.4686 354.6623 14.67930831 17237"
"2.0","GENERATED VIA SPACE-TRACK.ORG API","2013-11-14T13:10:14","18 SPCS","PAYLOAD B","2013-037B","EARTH","TEME","UTC","SGP4","2013-11-14T11:07:21.192672","14.67284464","0.00046780","98.0525","334.1313","5.2697","354.8572","0","U","39209","999","1722","0.00011070000000","0.00000576","0.0000000000000","7047.891","98.140","673.053","666.459","PAYLOAD","LARGE","PRC","2013-07-19","TSC","","1581230","94345106","0 PAYLOAD B","1 39209U 13037B   13318.46343973  .00000576  00000-0  11070-3 0  9992","2 39209 098.0525 334.1313 0004678 005.2697 354.8572 14.67284464 17228"
"2.0","GENERATED VIA SPACE-TRACK.ORG API","2013-11-14T15:16:44","18 SPCS","PAYLOAD A","2013-037A","EARTH","TEME","UTC","SGP4","2013-11-14T14:22:43.304448","14.67930763","0.00090200","98.0539","334.4259","5.0361","355.0925","0","U","39208","999","1726","0.00007720600000","0.00000394","0.0000000000000","7045.823","98.097","674.043","661.332","PAYLOAD","LARGE","PRC","2013-07-19","TSC","","1581273","94345791","0 PAYLOAD A","1 39208U 13037A   13318.59911232  .00000394  00000-0  77206-4 0  9996","2 39208 098.0539 334.4259 0009020 005.0361 355.0925 14.67930763 17265"
"2.0","GENERATED VIA SPACE-TRACK.ORG API","2013-11-14T21:34:11","18 SPCS","PAYLOAD C","2013-037C","EARTH","TEME","UTC","SGP4","2013-11-14T17:22:02.982432","14.95100809","0.00338730","97.6928","334.4236","9.8926","350.2920","0","U","39210","999","1752","0.00013167000000","0.00001401","0.0000000000000","6960.201","96.314","605.642","558.490","PAYLOAD","LARGE","PRC","2013-07-19","TSC","","1581508","94349729","0 PAYLOAD C","1 39210U 13037C   13318.72364563  .00001401  00000-0  13167-3 0  9998","2 39210 097.6928 334.4236 0033873 009.8926 350.2920 14.95100809 17524"
"2.0","GENERATED VIA SPACE-TRACK.ORG API","2013-11-14T20:22:11","18 SPCS","PAYLOAD A","2013-037A","EARTH","TEME","UTC","SGP4","2013-11-14T17:39:02.042784","14.67931231","0.00090290","98.0531","334.5594","4.5265","355.6043","0","U","39208","999","1728","0.00008381000000","0.00000431","0.0000000000000","7045.821","98.097","674.048","661.324","PAYLOAD","LARGE","PRC","2013-07-19","TSC","","1581407","94347321","0 PAYLOAD A","1 39208U 13037A   13318.73544031  .00000431  00000-0  83810-4 0  9991","2 39208 098.0531 334.5594 0009029 004.5265 355.6043 14.67931231 17286"
"2.0","GENERATED VIA SPACE-TRACK.ORG API","2013-11-14T21:32:45","18 SPCS","PAYLOAD B","2013-037B","EARTH","TEME","UTC","SGP4","2013-11-14T19:18:20.967840","14.67284555","0.00046330","98.0523","334.4662","4.2879","355.8353","0","U","39209","999","1727","0.00010501000000","0.00000544","0.0000000000000","7047.891","98.140","673.021","666.491","PAYLOAD","LARGE","PRC","2013-07-19","TSC","","1581506","94349686","0 PAYLOAD B","1 39209U 13037B   13318.80440935  .00000544  00000-0  10501-3 0  9999","2 39209 098.0523 334.4662 0004633 004.2879 355.8353 14.67284555 17272"
"2.0","GENERATED VIA SPACE-TRACK.ORG API","2013-11-14T22:38:37","18 SPCS","PAYLOAD C","2013-037C","EARTH","TEME","UTC","SGP4","2013-11-14T20:34:47.913600","14.95101324","0.00338720","97.6927","334.5547","9.4434","350.7421","0","U","39210","999","1754","0.00013357000000","0.00001422","0.0000000000000","6960.199","96.314","605.640","558.489","PAYLOAD","LARGE","PRC","2013-07-19","TSC","","1581558","94350718","0 PAYLOAD C","1 39210U 13037C   13318.85749900  .00001422  00000-0  13357-3 0  9998","2 39210 097.6927 334.5547 0033872 009.4434 350.7421 14.95101324 17544"
"2.0","GENERATED VIA SPACE-TRACK.ORG API","2013-11-15T06:26:20","18 SPCS","PAYLOAD A","2013-037A","EARTH","TEME","UTC","SGP4","2013-11-15T01:49:48.806112","14.67931569","0.00090280","98.0530","334.8945","3.4891","356.6374","0","U","39208","999","1733","0.00008376400000","0.00000431","0.0000000000000","7045.820","98.097","674.046","661.324","PAYLOAD","LARGE","PRC","2013-07-19","TSC","","1581692","94351375","0 PAYLOAD A","1 39208U 13037A   13319.07625933  .00000431  00000-0  83764-4 0  9998","2 39208 098.0530 334.8945 0009028 003.4891 356.6374 14.67931569 17338"
"2.0","GENERATED VIA SPACE-TRACK.ORG API","2013-11-15T08:01:12","18 SPCS","PAYLOAD B","2013-037B","EARTH","TEME","UTC","SGP4","2013-11-15T03:29:20.779296","14.67284935","0.00046410","98.0522","334.8010","3.3027","356.8213","0","U","39209","999","1732","0.00010238000000","0.00000529","0.0000000000000","7047.890","98.140","673.026","666.484","PAYLOAD","LARGE","PRC","2013-07-19","TSC","","1581793","94353499","0 PAYLOAD B","1 39209U 13037B   13319.14537939  .00000529  00000-0  10238-3 0  9998","2 39209 098.0522 334.8010 0004641 003.3027 356.8213 14.67284935 17320"
"2.0","GENERATED VIA SPACE-TRACK.ORG API","2013-11-15T08:01:47","18 SPCS","PAYLOAD C","2013-037C","EARTH","TEME","UTC","SGP4","2013-11-15T04:36:40.068288","14.95102493","0.00338240","97.6926","334.8831","8.3787","351.7995","0","U","39210","999","1759","0.00013603000000","0.00001449","0.0000000000000","6960.196","96.314","605.603","558.518","PAYLOAD","LARGE","PRC","2013-07-19","TSC","","1581794","94353524","0 PAYLOAD C","1 39210U 13037C   13319.19213042  .00001449  00000-0  13603-3 0  9992","2 39210 097.6926 334.8831 0033824 008.3787 351.7995 14.95102493 17598"
"2.0","GENERATED VIA SPACE-TRACK.ORG API","2013-11-15T14:23:17","18 SPCS","PAYLOAD A","2013-037A","EARTH","TEME","UTC","SGP4","2013-11-15T10:00:35.608320","14.67931980","0.00090250","98.0530","335.2298","2.4751","357.6508","0","U","39208","999","1738","0.00008463400000","0.00000436","0.0000000000000","7045.819","98.097","674.043","661.325","PAYLOAD","LARGE","PRC","2013-07-19","TSC","","1581831","94354087","0 PAYLOAD A","1 39208U 13037A   13319.41707880  .00000436  00000-0  84634-4 0  9990","2 39208 098.0530 335.2298 0009025 002.4751 357.6508 14.67931980 17387"
"2.0","GENERATED VIA SPACE-TRACK.ORG API","2013-11-15T15:11:14","18 SPCS","PAYLOAD B","2013-037B","EARTH","TEME","UTC","SGP4","2013-11-15T10:02:08.594591","14.67285140","0.00046030","98.0524","335.0691","2.5099","357.6133","0","U","39209","999","1736","0.00009697500000","0.00000499","0.0000000000000","7047.889","98.140","672.998","666.510","PAYLOAD","LARGE","PRC","2013-07-19","TSC","","1581890","94355457","0 PAYLOAD B","1 39209U 13037B   13319.41815503  .00000499  00000-0  96975-4 0  9993","2 39209 098.0524 335.0691 0004603 002.5099 357.6133 14.67285140 17361"
"2.0","GENERATED VIA SPACE-TRACK.ORG API","2013-11-15T15:13:59","18 SPCS","PAYLOAD C","2013-037C","EARTH","TEME","UTC","SGP4","2013-11-15T12:38:32.193600","14.95103684","0.00337870","97.6927","335.2114","7.2901","352.8807","0","U","39210","999","1764","0.00013728000000","0.00001463","0.0000000000000","6960.192","96.314","605.573","558.540","PAYLOAD","LARGE","PRC","2013-07-19","TSC","","1581893","94355525","0 PAYLOAD C","1 39210U 13037C   13319.52676150  .00001463  00000-0  13728-3 0  9996","2 39210 097.6927 335.2114 0033787 007.2901 352.8807 14.95103684 17645"
"2.0","GENERATED VIA SPACE-TRACK.ORG API","2013-11-15T22:27:35","18 SPCS","PAYLOAD A","2013-037A","EARTH","TEME","UTC","SGP4","2013-11-15T18:11:22.377695","14.67932224","0.00090210","98.0531","335.5650","1.1804","358.9415","0","U","39208","999","1743","0.00008439300000","0.00000435","0.0000000000000","7045.818","98.097","674.039","661.327","PAYLOAD","LARGE","PRC","2013-07-19","TSC","","1581996","94356503","0 PAYLOAD A","1 39208U 13037A   13319.75789789  .00000435  00000-0  84393-4 0  9996","2 39208 098.0531 335.5650 0009021 001.1804 358.9415 14.67932224 17433"
"2.0","GENERATED VIA SPACE-TRACK.ORG API","2013-11-15T23:41:14","18 SPCS","PAYLOAD B","2013-037B","EARTH","TEME","UTC","SGP4","2013-11-15T19:51:20.326176","14.67285475","0.00046230","98.0523","335.4714","1.8953","358.2255","0","U","39209","999","1742","0.00009775400000","0.00000503","0.0000000000000","7047.888","98.140","673.011","666.495","PAYLOAD","LARGE","PRC","2013-07-19","TSC","","1582090","94358768","0 PAYLOAD B","1 39209U 13037B   13319.82731859  .00000503  00000-0  97754-4 0  9991","2 39209 098.0523 335.4714 0004623 001.8953 358.2255 14.67285475 17423"
"2.0","GENERATED VIA SPACE-TRACK.ORG API","2013-11-15T23:41:21","18 SPCS","PAYLOAD C","2013-037C","EARTH","TEME","UTC","SGP4","2013-11-15T20:40:24.349152","14.95104623","0.00337730","97.6926","335.5395","6.2502","353.9141","0","U","39210","999","1769","0.00013698000000","0.00001460","0.0000000000000","6960.189","96.314","605.561","558.547","PAYLOAD","LARGE","PRC","2013-07-19","TSC","","1582091","94358801","0 PAYLOAD C","1 39210U 13037C   13319.86139293  .00001460  00000-0  13698-3 0  9998","2 39210 097.6926 335.5395 0033773 006.2502 353.9141 14.95104623 17691"
"2.0","GENERATED VIA SPACE-TRACK.ORG API","2013-11-16T06:23:49","18 SPCS","PAYLOAD A","2013-037A","EARTH","TEME","UTC","SGP4","2013-11-16T02:22:09.166080","14.67932470","0.00089860","98.0532","335.9004","0.0703","0.0498","0","U","39208","999","1748","0.00008205100000","0.00000421","0.0000000000000","7045.817","98.097","674.014","661.351","PAYLOAD","LARGE","PRC","2013-07-19","TSC","","1582219","94359484","0 PAYLOAD A","1 39208U 13037A   13320.09871720  .00000421  00000-0  82051-4 0  9996","2 39208 098.0532 335.9004 0008986 000.0703 000.0498 14.67932470 17480"
"2.0","GENERATED VIA SPACE-TRACK.ORG API","2013-11-16T07:28:20","18 SPCS","PAYLOAD B","2013-037B","EARTH","TEME","UTC","SGP4","2013-11-16T02:24:08.144927","14.67286121","0.00046160","98.0522","335.7396","0.9809","359.1412","0","U","39209","999","1746","0.00010662000000","0.00000553","0.0000000000000","7047.886","98.140","673.004","666.498","PAYLOAD","LARGE","PRC","2013-07-19","TSC","","1582302","94361494","0 PAYLOAD B","1 39209U 13037B   13320.10009427  .00000553  00000-0  10662-3 0  9990","2 39209 098.0522 335.7396 0004616 000.9809 359.1412 14.67286121 17461"
"2.0","GENERATED VIA SPACE-TRACK.ORG API","2013-11-16T07:29:46","18 SPCS","PAYLOAD C","2013-037C","EARTH","TEME","UTC","SGP4","2013-11-16T04:42:16.432991","14.95106014","0.00337710","97.6924","335.8677","5.1400","355.0173","0","U","39210","999","1774","0.00014146000000","0.00001509","0.0000000000000","6960.185","96.314","605.555","558.544","PAYLOAD","LARGE","PRC","2013-07-19","TSC","","1582304","94361546","0 PAYLOAD C","1 39210U 13037C   13320.19602353  .00001509  00000-0  14146-3 0  9991","2 39210 097.6924 335.8677 0033771 005.1400 355.0173 14.95106014 17748"
"2.0","GENERATED VIA SPACE-TRACK.ORG API","2013-11-16T14:28:24","18 SPCS","PAYLOAD A","2013-037A","EARTH","TEME","UTC","SGP4","2013-11-16T07:16:37.243776","14.67932607","0.00089840","98.0532","336.1016","359.4328","0.6865","0","U","39208","999","1751","0.00008075900000","0.00000414","0.0000000000000","7045.817","98.097","674.012","661.352","PAYLOAD","LARGE","PRC","2013-07-19","TSC","","1582350","94362319","0 PAYLOAD A","1 39208U 13037A   13320.30320884  .00000414  00000-0  80759-4 0  9995","2 39208 098.0532 336.1016 0008984 359.4328 000.6865 14.67932607 17518"
"2.0","GENERATED VIA SPACE-TRACK.ORG API","2013-11-16T15:47:55","18 SPCS","PAYLOAD B","2013-037B","EARTH","TEME","UTC","SGP4","2013-11-16T10:35:07.875167","14.67286696","0.00046190","98.0521","336.0740","359.9154","0.2054","0","U","39209","999","1751","0.00010901000000","0.00000567","0.0000000000000","7047.884","98.140","673.005","666.494","PAYLOAD","LARGE","PRC","2013-07-19","TSC","","1582451","94364782","0 PAYLOAD B","1 39209U 13037B   13320.44106337  .00000567  00000-0  10901-3 0  9996","2 39209 098.0521 336.0740 0004619 359.9154 000.2054 14.67286696 17519"
"2.0","GENERATED VIA SPACE-TRACK.ORG API","2013-11-16T15:49:50","18 SPCS","PAYLOAD C","2013-037C","EARTH","TEME","UTC","SGP4","2013-11-16T12:44:08.458943","14.95107944","0.00336770","97.6924","336.1958","4.1777","355.9753","0","U","39210","999","1779","0.00015058000000","0.00001610","0.0000000000000","6960.179","96.314","605.483","558.604","PAYLOAD","LARGE","PRC","2013-07-19","TSC","","1582453","94364830","0 PAYLOAD C","1 39210U 13037C   13320.53065346  .00001610  00000-0  15058-3 0  9990","2 39210 097.6924 336.1958 0033677 004.1777 355.9753 14.95107944 17796"
"2.0","GENERATED VIA SPACE-TRACK.ORG API","2013-11-16T22:27:35","18 SPCS","PAYLOAD A","2013-037A","EARTH","TEME","UTC","SGP4","2013-11-16T18:43:42.736800","14.67933015","0.00089820","98.0529","336.5706","358.0554","2.0619","0","U","39208","999","1758","0.00007948100000","0.00000407","0.0000000000000","7045.815","98.097","674.009","661.352","PAYLOAD","LARGE","PRC","2013-07-19","TSC","","1582562","94365906","0 PAYLOAD A","1 39208U 13037A   13320.78035575  .00000407  00000-0  79481-4 0  9999","2 39208 098.0529 336.5706 0008982 358.0554 002.0619 14.67933015 17582"
"2.0","GENERATED VIA SPACE-TRACK.ORG API","2013-11-16T23:37:50","18 SPCS","PAYLOAD B","2013-037B","EARTH","TEME","UTC","SGP4","2013-11-16T18:46:07.645152","14.67286522","0.00045530","98.0521","336.4092","358.9465","1.1727","0","U","39209","999","1756","0.00009320500000","0.00000478","0.0000000000000","7047.885","98.140","672.959","666.541","PAYLOAD","LARGE","PRC","2013-07-19","TSC","","1582646","94367976","0 PAYLOAD B","1 39209U 13037B   13320.78203293  .00000478  00000-0  93205-4 0  9992","2 39209 098.0521 336.4092 0004553 358.9465 001.1727 14.67286522 17564"
"2.0","GENERATED VIA SPACE-TRACK.ORG API","2013-11-16T23:38:12","18 SPCS","PAYLOAD C","2013-037C","EARTH","TEME","UTC","SGP4","2013-11-16T20:46:00.472800","14.95109142","0.00336210","97.6923","336.5239","3.1543","356.9894","0","U","39210","999","1784","0.00015330000000","0.00001640","0.0000000000000","6960.175","96.314","605.441","558.639","PAYLOAD","LARGE","PRC","2013-07-19","TSC","","1582649","94368018","0 PAYLOAD C","1 39210U 13037C   13320.86528325  .00001640  00000-0  15330-3 0  9993","2 39210 097.6923 336.5239 0033621 003.1543 356.9894 14.95109142 17845"
"2.0","GENERATED VIA SPACE-TRACK.ORG API","2013-11-17T06:40:42","18 SPCS","PAYLOAD A","2013-037A","EARTH","TEME","UTC","SGP4","2013-11-17T01:16:20.136576","14.67933818","0.00089840","98.0528","336.8391","357.2180","2.8998","0","U","39208","999","1762","0.00009307000000","0.00000484","0.0000000000000","7045.813","98.097","674.008","661.348","PAYLOAD","LARGE","PRC","2013-07-19","TSC","","1582735","94368805","0 PAYLOAD A","1 39208U 13037A   13321.05301084  .00000484  00000-0  93070-4 0  9996","2 39208 098.0528 336.8391 0008984 357.2180 002.8998 14.67933818 17626"
"2.0","GENERATED VIA SPACE-TRACK.ORG API","2013-11-17T07:39:55","18 SPCS","PAYLOAD B","2013-037B","EARTH","TEME","UTC","SGP4","2013-11-17T02:57:07.358112","14.67287451","0.00045320","98.0520","336.7441","357.7485","2.3705","0","U","39209","999","1761","0.00010908000000","0.00000567","0.0000000000000","7047.882","98.140","672.941","666.553","PAYLOAD","LARGE","PRC","2013-07-19","TSC","","1582812","94370584","0 PAYLOAD B","1 39209U 13037B   13321.12300183  .00000567  00000-0  10908-3 0  9994","2 39209 098.0520 336.7441 0004532 357.7485 002.3705 14.67287451 17617"
"2.0","GENERATED VIA SPACE-TRACK.ORG API","2013-11-17T07:40:16","18 SPCS","PAYLOAD C","2013-037C","EARTH","TEME","UTC","SGP4","2013-11-17T04:47:52.424448","14.95110995","0.00335750","97.6922","336.8521","1.9687","358.1672","0","U","39210","999","1789","0.00016271000000","0.00001745","0.0000000000000","6960.169","96.313","605.403","558.665","PAYLOAD","LARGE","PRC","2013-07-19","TSC","","1582813","94370623","0 PAYLOAD C","1 39210U 13037C   13321.19991232  .00001745  00000-0  16271-3 0  9992","2 39210 097.6922 336.8521 0033575 001.9687 358.1672 14.95110995 17895"
"2.0","GENERATED VIA SPACE-TRACK.ORG API","2013-11-17T10:03:02","18 SPCS","PAYLOAD B","2013-037B","EARTH","TEME","UTC","SGP4","2013-11-17T07:51:43.178976","14.67287741","0.00044690","98.0521","336.9444","357.1070","3.0118","0","U","39209","999","1764","0.00010829000000","0.00000563","0.0000000000000","7047.881","98.140","672.896","666.596","PAYLOAD","LARGE","PRC","2013-07-19","TSC","","1582828","94370812","0 PAYLOAD B","1 39209U 13037B   13321.32758309  .00000563  00000-0  10829-3 0  9991","2 39209 098.0521 336.9444 0004469 357.1070 003.0118 14.67287741 17647"
"2.0","GENERATED VIA SPACE-TRACK.ORG API","2013-11-17T14:24:24","18 SPCS","PAYLOAD A","2013-037A","EARTH","TEME","UTC","SGP4","2013-11-17T09:27:06.842880","14.67934281","0.00089620","98.0528","337.1745","356.2297","3.8843","0","U","39208","999","1767","0.00009506300000","0.00000496","0.0000000000000","7045.811","98.097","673.991","661.362","PAYLOAD","LARGE","PRC","2013-07-19","TSC","","1582854","94371206","0 PAYLOAD A","1 39208U 13037A   13321.39382920  .00000496  00000-0  95063-4 0  9998","2 39208 098.0528 337.1745 0008962 356.2297 003.8843 14.67934281 17677"
"2.0","GENERATED VIA SPACE-TRACK.ORG API","2013-11-17T15:21:57","18 SPCS","PAYLOAD B","2013-037B","EARTH","TEME","UTC","SGP4","2013-11-17T12:46:18.996383","14.67288175","0.00045290","98.0519","337.1460","356.5723","3.5451","0","U","39209","999","1767","0.00011316000000","0.00000590","0.0000000000000","7047.880","98.140","672.937","666.553","PAYLOAD","LARGE","PRC","2013-07-19","TSC","","1582925","94372888","0 PAYLOAD B","1 39209U 13037B   13321.53216431  .00000590  00000-0  11316-3 0  9991","2 39209 098.0519 337.1460 0004529 356.5723 003.5451 14.67288175 17670"
"2.0","GENERATED VIA SPACE-TRACK.ORG API","2013-11-17T15:23:38","18 SPCS","PAYLOAD C","2013-037C","EARTH","TEME","UTC","SGP4","2013-11-17T12:49:44.352767","14.95113095","0.00335320","97.6923","337.1800","0.9529","359.1775","0","U","39210","999","1794","0.00017333000000","0.00001863","0.0000000000000","6960.163","96.313","605.367","558.689","PAYLOAD","LARGE","PRC","2013-07-19","TSC","","1582927","94372933","0 PAYLOAD C","1 39210U 13037C   13321.53454112  .00001863  00000-0  17333-3 0  9992","2 39210 097.6923 337.1800 0033532 000.9529 359.1775 14.95113095 17942"
"2.0","GENERATED VIA SPACE-TRACK.ORG API","2013-11-17T22:31:14","18 SPCS","PAYLOAD A","2013-037A","EARTH","TEME","UTC","SGP4","2013-11-17T17:37:53.581151","14.67934255","0.00089030","98.0524","337.5094","355.2088","4.9007","0","U","39208","999","1772","0.00008737400000","0.00000452","0.0000000000000","7045.811","98.097","673.949","661.404","PAYLOAD","LARGE","PRC","2013-07-19","TSC","","1583160","94374066","0 PAYLOAD A","1 39208U 13037A   13321.73464793  .00000452  00000-0  87374-4 0  9993","2 39208 098.0524 337.5094 0008903 355.2088 004.9007 14.67934255 17727"
"2.0","GENERATED VIA SPACE-TRACK.ORG API","2013-11-17T23:57:17","18 SPCS","PAYLOAD C","2013-037C","EARTH","TEME","UTC","SGP4","2013-11-17T20:51:36.257760","14.95115459","0.00335970","97.6923","337.5085","359.8841","0.2392","0","U","39210","999","1799","0.00019155000000","0.00002065","0.0000000000000","6960.155","96.313","605.404","558.636","PAYLOAD","LARGE","PRC","2013-07-19","TSC","","1583278","94376752","0 PAYLOAD C","1 39210U 13037C   13321.86916965  .00002065  00000-0  19155-3 0  9996","2 39210 097.6923 337.5085 0033597 359.8841 000.2392 14.95115459 17995"
"2.0","GENERATED VIA SPACE-TRACK.ORG API","2013-11-17T23:55:41","18 SPCS","PAYLOAD B","2013-037B","EARTH","TEME","UTC","SGP4","2013-11-17T20:57:18.743904","14.67288393","0.00045060","98.0520","337.4813","355.5369","4.5802","0","U","39209","999","1772","0.00010948000000","0.00000570","0.0000000000000","7047.879","98.140","672.920","666.568","PAYLOAD","LARGE","PRC","2013-07-19","TSC","","1583275","94376699","0 PAYLOAD B","1 39209U 13037B   13321.87313361  .00000570  00000-0  10948-3 0  9996","2 39209 098.0520 337.4813 0004506 355.5369 004.5802 14.67288393 17726"
"2.0","GENERATED VIA SPACE-TRACK.ORG API","2013-11-18T06:43:47","18 SPCS","PAYLOAD A","2013-037A","EARTH","TEME","UTC","SGP4","2013-11-18T01:48:40.366943","14.67934501","0.00089160","98.0523","337.8446","354.0865","6.0231","0","U","39208","999","1777","0.00008526400000","0.00000440","0.0000000000000","7045.811","98.097","673.958","661.394","PAYLOAD","LARGE","PRC","2013-07-19","TSC","","1583403","94377436","0 PAYLOAD A","1 39208U 13037A   13322.07546721  .00000440  00000-0  85264-4 0  9996","2 39208 098.0523 337.8446 0008916 354.0865 006.0231 14.67934501 17775"
"2.0","GENERATED VIA SPACE-TRACK.ORG API","2013-11-18T07:20:29","18 SPCS","PAYLOAD C","2013-037C","EARTH","TEME","UTC","SGP4","2013-11-18T04:53:28.043520","14.95117524","0.00334930","97.6922","337.8367","358.6346","1.4785","0","U","39210","999","1804","0.00019988000000","0.00002157","0.0000000000000","6960.149","96.313","605.326","558.702","PAYLOAD","LARGE","PRC","2013-07-19","TSC","","1583482","94379078","0 PAYLOAD C","1 39210U 13037C   13322.20379680  .00002157  00000-0  19988-3 0  9998","2 39210 097.6922 337.8367 0033493 358.6346 001.4785 14.95117524 18043"
"2.0","GENERATED VIA SPACE-TRACK.ORG API","2013-11-18T07:19:00","18 SPCS","PAYLOAD B","2013-037B","EARTH","TEME","UTC","SGP4","2013-11-18T05:08:18.411072","14.67289255","0.00044840","98.0518","337.8164","354.2956","5.8204","0","U","39209","999","1777","0.00012110000000","0.00000635","0.0000000000000","7047.876","98.140","672.901","666.581","PAYLOAD","LARGE","PRC","2013-07-19","TSC","","1583481","94379051","0 PAYLOAD B","1 39209U 13037B   13322.21410198  .00000635  00000-0  12110-3 0  9996","2 39209 098.0518 337.8164 0004484 354.2956 005.8204 14.67289255 17772"
"2.0","GENERATED VIA SPACE-TRACK.ORG API","2013-11-18T15:28:54","18 SPCS","PAYLOAD C","2013-037C","EARTH","TEME","UTC","SGP4","2013-11-18T12:55:19.865567","14.95119868","0.00335330","97.6922","338.1648","357.6045","2.5025","0","U","39210","999","1809","0.00021180000000","0.00002290","0.0000000000000","6960.142","96.313","605.346","558.667","PAYLOAD","LARGE","PRC","2013-07-19","TSC","","1583600","94381618","0 PAYLOAD C","1 39210U 13037C   13322.53842437  .00002290  00000-0  21180-3 0  9994","2 39210 097.6922 338.1648 0033533 357.6045 002.5025 14.95119868 18096"
"2.0","GENERATED VIA SPACE-TRACK.ORG API","2013-11-18T14:33:40","18 SPCS","PAYLOAD A","2013-037A","EARTH","TEME","UTC","SGP4","2013-11-18T13:15:45.804671","14.67934850","0.00089180","98.0524","338.3138","352.6141","7.4926","0","U","39208","999","1784","0.00008264200000","0.00000425","0.0000000000000","7045.810","98.096","673.958","661.391","PAYLOAD","LARGE","PRC","2013-07-19","TSC","","1583517","94379673","0 PAYLOAD A","1 39208U 13037A   13322.55261348  .00000425  00000-0  82642-4 0  9998","2 39208 098.0524 338.3138 0008918 352.6141 007.4926 14.67934850 17844"
"2.0","GENERATED VIA SPACE-TRACK.ORG API","2013-11-18T15:27:22","18 SPCS","PAYLOAD B","2013-037B","EARTH","TEME","UTC","SGP4","2013-11-18T13:19:18.062688","14.67290044","0.00044790","98.0519","338.1518","353.7105","6.4042","0","U","39209","999","1782","0.00012844000000","0.00000676","0.0000000000000","7047.874","98.140","672.895","666.582","PAYLOAD","LARGE","PRC","2013-07-19","TSC","","1583598","94381580","0 PAYLOAD B","1 39209U 13037B   13322.55507017  .00000676  00000-0  12844-3 0  9999","2 39209 098.0519 338.1518 0004479 353.7105 006.4042 14.67290044 17825"
"2.0","GENERATED VIA SPACE-TRACK.ORG API","2013-11-19T01:13:46","18 SPCS","PAYLOAD C","2013-037C","EARTH","TEME","UTC","SGP4","2013-11-18T20:57:11.649599","14.95122234","0.00333450","97.6923","338.4928","356.7000","3.4018","0","U","39210","999","1814","0.00022666000000","0.00002454","0.0000000000000","6960.134","96.313","605.208","558.791","PAYLOAD","LARGE","PRC","2013-07-19","TSC","","1583957","94386302","0 PAYLOAD C","1 39210U 13037C   13322.87305150  .00002454  00000-0  22666-3 0  9999","2 39210 097.6923 338.4928 0033345 356.7000 003.4018 14.95122234 18142"
"2.0","GENERATED VIA SPACE-TRACK.ORG API","2013-11-18T22:43:36","18 SPCS","PAYLOAD A","2013-037A","EARTH","TEME","UTC","SGP4","2013-11-18T21:26:32.513567","14.67935452","0.00087390","98.0518","338.6495","351.5804","8.5267","0","U","39208","999","1789","0.00008787700000","0.00000455","0.0000000000000","7045.808","98.096","673.830","661.515","PAYLOAD","LARGE","PRC","2013-07-19","TSC","","1583809","94382771","0 PAYLOAD A","1 39208U 13037A   13322.89343187  .00000455  00000-0  87877-4 0  9995","2 39208 098.0518 338.6495 0008739 351.5804 008.5267 14.67935452 17895"
"2.0","GENERATED VIA SPACE-TRACK.ORG API","2013-11-19T01:10:49","18 SPCS","PAYLOAD B","2013-037B","EARTH","TEME","UTC","SGP4","2013-11-18T21:30:17.752319","14.67290732","0.00044840","98.0518","338.4869","352.4957","7.6190","0","U","39209","999","1787","0.00013674000000","0.00000723","0.0000000000000","7047.871","98.140","672.897","666.576","PAYLOAD","LARGE","PRC","2013-07-19","TSC","","1583954","94386242","0 PAYLOAD B","1 39209U 13037B   13322.89603880  .00000723  00000-0  13674-3 0  9996","2 39209 098.0518 338.4869 0004484 352.4957 007.6190 14.67290732 17879"
"2.0","GENERATED VIA SPACE-TRACK.ORG API","2013-11-19T07:22:32","18 SPCS","PAYLOAD C","2013-037C","EARTH","TEME","UTC","SGP4","2013-11-19T04:59:03.322175","14.95125066","0.00332450","97.6920","338.8213","355.5549","4.5386","0","U","39210","999","1819","0.00024763000000","0.00002687","0.0000000000000","6960.126","96.313","605.129","558.852","PAYLOAD","LARGE","PRC","2013-07-19","TSC","","1584114","94388761","0 PAYLOAD C","1 39210U 13037C   13323.20767734  .00002687  00000-0  24763-3 0  9995","2 39210 097.6920 338.8213 0033245 355.5549 004.5386 14.95125066 18195"
"2.0","GENERATED VIA SPACE-TRACK.ORG API","2013-11-19T06:29:15","18 SPCS","PAYLOAD A","2013-037A","EARTH","TEME","UTC","SGP4","2013-11-19T05:37:19.189631","14.67936053","0.00087170","98.0518","338.9847","350.3368","9.7678","0","U","39208","999","1794","0.00009200900000","0.00000478","0.0000000000000","7045.806","98.096","673.813","661.529","PAYLOAD","LARGE","PRC","2013-07-19","TSC","","1584053","94387291","0 PAYLOAD A","1 39208U 13037A   13323.23424988  .00000478  00000-0  92009-4 0  9991","2 39208 098.0518 338.9847 0008717 350.3368 009.7678 14.67936053 17940"
"2.0","GENERATED VIA SPACE-TRACK.ORG API","2013-11-19T07:22:16","18 SPCS","PAYLOAD B","2013-037B","EARTH","TEME","UTC","SGP4","2013-11-19T05:41:17.384063","14.67291455","0.00044300","98.0519","338.8219","351.1313","8.9827","0","U","39209","999","1792","0.00013976000000","0.00000740","0.0000000000000","7047.869","98.140","672.856","666.612","PAYLOAD","LARGE","PRC","2013-07-19","TSC","","1584113","94388731","0 PAYLOAD B","1 39209U 13037B   13323.23700676  .00000740  00000-0  13976-3 0  9990","2 39209 098.0519 338.8219 0004430 351.1313 008.9827 14.67291455 17926"
"2.0","GENERATED VIA SPACE-TRACK.ORG API","2013-11-19T14:25:41","18 SPCS","PAYLOAD A","2013-037A","EARTH","TEME","UTC","SGP4","2013-11-19T12:09:56.516832","14.67936793","0.00087060","98.0519","339.2528","349.5424","10.5606","0","U","39208","999","1798","0.00010390000000","0.00000546","0.0000000000000","7045.803","98.096","673.802","661.534","PAYLOAD","LARGE","PRC","2013-07-19","TSC","","1584134","94389101","0 PAYLOAD A","1 39208U 13037A   13323.50690413  .00000546  00000-0  10390-3 0  9997","2 39208 098.0519 339.2528 0008706 349.5424 010.5606 14.67936793 17988"
"2.0","GENERATED VIA SPACE-TRACK.ORG API","2013-11-19T15:26:09","18 SPCS","PAYLOAD B","2013-037B","EARTH","TEME","UTC","SGP4","2013-11-19T12:14:05.077536","14.67291781","0.00044140","98.0518","339.0896","350.3724","9.7395","0","U","39209","999","1796","0.00013565000000","0.00000717","0.0000000000000","7047.868","98.139","672.844","666.622","PAYLOAD","LARGE","PRC","2013-07-19","TSC","","1584220","94391045","0 PAYLOAD B","1 39209U 13037B   13323.50978099  .00000717  00000-0  13565-3 0  9994","2 39209 098.0518 339.0896 0004414 350.3724 009.7395 14.67291781 17963"
"2.0","GENERATED VIA SPACE-TRACK.ORG API","2013-11-19T15:27:49","18 SPCS","PAYLOAD C","2013-037C","EARTH","TEME","UTC","SGP4","2013-11-19T13:00:55.007711","14.95126912","0.00332390","97.6921","339.1496","354.4368","5.6478","0","U","39210","999","1824","0.00024770000000","0.00002688","0.0000000000000","6960.120","96.312","605.120","558.850","PAYLOAD","LARGE","PRC","2013-07-19","TSC","","1584221","94391082","0 PAYLOAD C","1 39210U 13037C   13323.54230333  .00002688  00000-0  24770-3 0  9991","2 39210 097.6921 339.1496 0033239 354.4368 005.6478 14.95126912 18244"
"2.0","GENERATED VIA SPACE-TRACK.ORG API","2013-11-19T22:27:35","18 SPCS","PAYLOAD A","2013-037A","EARTH","TEME","UTC","SGP4","2013-11-19T20:20:43.196352","14.67936520","0.00085980","98.0519","339.5881","348.5458","11.5519","0","U","39208","999","1803","0.00008686100000","0.00000449","0.0000000000000","7045.804","98.096","673.727","661.611","PAYLOAD","LARGE","PRC","2013-07-19","TSC","","1584387","94392118","0 PAYLOAD A","1 39208U 13037A   13323.84772218  .00000449  00000-0  86861-4 0  9997","2 39208 098.0519 339.5881 0008598 348.5458 011.5519 14.67936520 18037"
"2.0","GENERATED VIA SPACE-TRACK.ORG API","2013-11-19T23:31:23","18 SPCS","PAYLOAD B","2013-037B","EARTH","TEME","UTC","SGP4","2013-11-19T20:25:04.738656","14.67292145","0.00044080","98.0516","339.4247","349.1625","10.9480","0","U","39209","999","1801","0.00013504000000","0.00000714","0.0000000000000","7047.867","98.139","672.839","666.625","PAYLOAD","LARGE","PRC","2013-07-19","TSC","","1584471","94393973","0 PAYLOAD B","1 39209U 13037B   13323.85074929  .00000714  00000-0  13504-3 0  9991","2 39209 098.0516 339.4247 0004408 349.1625 010.9480 14.67292145 18015"
"2.0","GENERATED VIA SPACE-TRACK.ORG API","2013-11-19T23:32:39","18 SPCS","PAYLOAD C","2013-037C","EARTH","TEME","UTC","SGP4","2013-11-19T21:02:46.726080","14.95127655","0.00331890","97.6922","339.4777","353.2850","6.7904","0","U","39210","999","1829","0.00023125000000","0.00002505","0.0000000000000","6960.117","96.312","605.082","558.883","PAYLOAD","LARGE","PRC","2013-07-19","TSC","","1584472","94394005","0 PAYLOAD C","1 39210U 13037C   13323.87692970  .00002505  00000-0  23125-3 0  9997","2 39210 097.6922 339.4777 0033189 353.2850 006.7904 14.95127655 18293"
"2.0","GENERATED VIA SPACE-TRACK.ORG API","2013-11-20T06:19:56","18 SPCS","PAYLOAD A","2013-037A","EARTH","TEME","UTC","SGP4","2013-11-20T04:31:29.947583","14.67936834","0.00085940","98.0519","339.9233","347.4620","12.6370","0","U","39208","999","1808","0.00008618700000","0.00000445","0.0000000000000","7045.803","98.096","673.723","661.613","PAYLOAD","LARGE","PRC","2013-07-19","TSC","","1584536","94394448","0 PAYLOAD A","1 39208U 13037A   13324.18854106  .00000445  00000-0  86187-4 0  9999","2 39208 098.0519 339.9233 0008594 347.4620 012.6370 14.67936834 18087"
"2.0","GENERATED VIA SPACE-TRACK.ORG API","2013-11-20T07:42:47","18 SPCS","PAYLOAD B","2013-037B","EARTH","TEME","UTC","SGP4","2013-11-20T04:36:04.345344","14.67292992","0.00043630","98.0516","339.7595","347.9147","12.1953","0","U","39209","999","1806","0.00014400000000","0.00000764","0.0000000000000","7047.864","98.139","672.804","666.654","PAYLOAD","LARGE","PRC","2013-07-19","TSC","","1584656","94397080","0 PAYLOAD B","1 39209U 13037B   13324.19171696  .00000764  00000-0  14400-3 0  9999","2 39209 098.0516 339.7595 0004363 347.9147 012.1953 14.67292992 18063"
"2.0","GENERATED VIA SPACE-TRACK.ORG API","2013-11-20T07:44:38","18 SPCS","PAYLOAD C","2013-037C","EARTH","TEME","UTC","SGP4","2013-11-20T05:04:38.397791","14.95129971","0.00331880","97.6920","339.8059","352.1802","7.8907","0","U","39210","999","1834","0.00024178000000","0.00002622","0.0000000000000","6960.110","96.312","605.075","558.876","PAYLOAD","LARGE","PRC","2013-07-19","TSC","","1584659","94397133","0 PAYLOAD C","1 39210U 13037C   13324.21155553  .00002622  00000-0  24178-3 0  9996","2 39210 097.6920 339.8059 0033188 352.1802 007.8907 14.95129971 18346"
"2.0","GENERATED VIA SPACE-TRACK.ORG API","2013-11-20T13:31:36","18 SPCS","PAYLOAD C","2013-037C","EARTH","TEME","UTC","SGP4","2013-11-20T11:30:07.686432","14.95131012","0.00332380","97.6920","340.0681","351.2869","8.7753","0","U","39210","999","1838","0.00023609000000","0.00002559","0.0000000000000","6960.107","96.312","605.106","558.838","PAYLOAD","LARGE","PRC","2013-07-19","TSC","","1584686","94397357","0 PAYLOAD C","1 39210U 13037C   13324.47925563  .00002559  00000-0  23609-3 0  9997","2 39210 097.6920 340.0681 0033238 351.2869 008.7753 14.95131012 18382"
"2.0","GENERATED VIA SPACE-TRACK.ORG API","2013-11-20T13:30:34","18 SPCS","PAYLOAD A","2013-037A","EARTH","TEME","UTC","SGP4","2013-11-20T12:42:16.636608","14.67937535","0.00085990","98.0519","340.2582","346.5594","13.5389","0","U","39208","999","1813","0.00009737000000","0.00000509","0.0000000000000","7045.801","98.096","673.725","661.607","PAYLOAD","LARGE","PRC","2013-07-19","TSC","","1584685","94397356","0 PAYLOAD A","1 39208U 13037A   13324.52935922  .00000509  00000-0  97370-4 0  9990","2 39208 098.0519 340.2582 0008599 346.5594 013.5389 14.67937535 18139"
"2.0","GENERATED VIA SPACE-TRACK.ORG API","2013-11-20T13:32:47","18 SPCS","PAYLOAD B","2013-037B","EARTH","TEME","UTC","SGP4","2013-11-20T12:47:03.963263","14.67292944","0.00042960","98.0518","340.0943","346.6626","13.4446","0","U","39209","999","1811","0.00012663000000","0.00000666","0.0000000000000","7047.864","98.139","672.757","666.702","PAYLOAD","LARGE","PRC","2013-07-19","TSC","","1584687","94397358","0 PAYLOAD B","1 39209U 13037B   13324.53268476  .00000666  00000-0  12663-3 0  9990","2 39209 098.0518 340.0943 0004296 346.6626 013.4446 14.67292944 18114"
"2.0","GENERATED VIA SPACE-TRACK.ORG API","2013-11-20T22:18:25","18 SPCS","PAYLOAD A","2013-037A","EARTH","TEME","UTC","SGP4","2013-11-20T19:14:53.939616","14.67938056","0.00084230","98.0520","340.5268","345.2785","14.8192","0","U","39208","999","1817","0.00010088000000","0.00000529","0.0000000000000","7045.799","98.096","673.599","661.730","PAYLOAD","LARGE","PRC","2013-07-19","TSC","","1584881","94400567","0 PAYLOAD A","1 39208U 13037A   13324.80201319  .00000529  00000-0  10088-3 0  9999","2 39208 098.0520 340.5268 0008423 345.2785 014.8192 14.67938056 18178"
"2.0","GENERATED VIA SPACE-TRACK.ORG API","2013-11-20T23:35:39","18 SPCS","PAYLOAD B","2013-037B","EARTH","TEME","UTC","SGP4","2013-11-20T19:19:51.723264","14.67292898","0.00043300","98.0515","340.3625","345.3971","14.7102","0","U","39209","999","1815","0.00011798000000","0.00000618","0.0000000000000","7047.864","98.139","672.781","666.678","PAYLOAD","LARGE","PRC","2013-07-19","TSC","","1584981","94402973","0 PAYLOAD B","1 39209U 13037B   13324.80545976  .00000618  00000-0  11798-3 0  9998","2 39209 098.0515 340.3625 0004330 345.3971 014.7102 14.67292898 18154"
"2.0","GENERATED VIA SPACE-TRACK.ORG API","2013-11-20T23:37:11","18 SPCS","PAYLOAD C","2013-037C","EARTH","TEME","UTC","SGP4","2013-11-20T19:31:59.488608","14.95130138","0.00332210","97.6921","340.3964","350.0808","9.9750","0","U","39210","999","1843","0.00019565000000","0.00002110","0.0000000000000","6960.110","96.312","605.097","558.853","PAYLOAD","LARGE","PRC","2013-07-19","TSC","","1584983","94403016","0 PAYLOAD C","1 39210U 13037C   13324.81388297  .00002110  00000-0  19565-3 0  9991","2 39210 097.6921 340.3964 0033221 350.0808 009.9750 14.95130138 18436"
"2.0","GENERATED VIA SPACE-TRACK.ORG API","2013-11-21T06:16:40","18 SPCS","PAYLOAD A","2013-037A","EARTH","TEME","UTC","SGP4","2013-11-21T03:25:40.538784","14.67938725","0.00084020","98.0521","340.8617","343.9468","16.1469","0","U","39208","999","1822","0.00010645000000","0.00000561","0.0000000000000","7045.797","98.096","673.582","661.742","PAYLOAD","LARGE","PRC","2013-07-19","TSC","","1585050","94403348","0 PAYLOAD A","1 39208U 13037A   13325.14283031  .00000561  00000-0  10645-3 0  9993","2 39208 098.0521 340.8617 0008402 343.9468 016.1469 14.67938725 18221"
"2.0","GENERATED VIA SPACE-TRACK.ORG API","2013-11-21T08:18:43","18 SPCS","PAYLOAD B","2013-037B","EARTH","TEME","UTC","SGP4","2013-11-21T03:30:51.316992","14.67293570","0.00042970","98.0512","340.6977","343.9419","16.1649","0","U","39209","999","1820","0.00012136000000","0.00000637","0.0000000000000","7047.862","98.139","672.756","666.699","PAYLOAD","LARGE","PRC","2013-07-19","TSC","","1585164","94405776","0 PAYLOAD B","1 39209U 13037B   13325.14642728  .00000637  00000-0  12136-3 0  9997","2 39209 098.0512 340.6977 0004297 343.9419 016.1649 14.67293570 18203"
"2.0","GENERATED VIA SPACE-TRACK.ORG API","2013-11-21T08:20:12","18 SPCS","PAYLOAD C","2013-037C","EARTH","TEME","UTC","SGP4","2013-11-21T03:33:51.061824","14.95131900","0.00331860","97.6921","340.7245","348.9071","11.1408","0","U","39210","999","1848","0.00019929000000","0.00002151","0.0000000000000","6960.104","96.312","605.067","558.872","PAYLOAD","LARGE","PRC","2013-07-19","TSC","","1585166","94405814","0 PAYLOAD C","1 39210U 13037C   13325.14850766  .00002151  00000-0  19929-3 0  9992","2 39210 097.6921 340.7245 0033186 348.9071 011.1408 14.95131900 18488"
"2.0","GENERATED VIA SPACE-TRACK.ORG API","2013-11-21T15:58:42","18 SPCS","PAYLOAD C","2013-037C","EARTH","TEME","UTC","SGP4","2013-11-21T11:35:42.666144","14.95132917","0.00331740","97.6922","341.0528","347.7705","12.2702","0","U","39210","999","1853","0.00018984000000","0.00002046","0.0000000000000","6960.101","96.312","605.056","558.877","PAYLOAD","LARGE","PRC","2013-07-19","TSC","","1585325","94408679","0 PAYLOAD C","1 39210U 13037C   13325.48313271  .00002046  00000-0  18984-3 0  9997","2 39210 097.6922 341.0528 0033174 347.7705 012.2702 14.95132917 18539"
"2.0","GENERATED VIA SPACE-TRACK.ORG API","2013-11-21T14:16:27","18 SPCS","PAYLOAD A","2013-037A","EARTH","TEME","UTC","SGP4","2013-11-21T11:36:27.187200","14.67939357","0.00083790","98.0521","341.1969","343.0107","17.0821","0","U","39208","999","1827","0.00011279000000","0.00000597","0.0000000000000","7045.795","98.096","673.564","661.756","PAYLOAD","LARGE","PRC","2013-07-19","TSC","","1585215","94406152","0 PAYLOAD A","1 39208U 13037A   13325.48364800  .00000597  00000-0  11279-3 0  9997","2 39208 098.0521 341.1969 0008379 343.0107 017.0821 14.67939357 18278"
"2.0","GENERATED VIA SPACE-TRACK.ORG API","2013-11-21T15:57:26","18 SPCS","PAYLOAD B","2013-037B","EARTH","TEME","UTC","SGP4","2013-11-21T11:41:50.909855","14.67294208","0.00042560","98.0512","341.0327","343.0207","17.0862","0","U","39209","999","1825","0.00012298000000","0.00000646","0.0000000000000","7047.860","98.139","672.725","666.726","PAYLOAD","LARGE","PRC","2013-07-19","TSC","","1585323","94408636","0 PAYLOAD B","1 39209U 13037B   13325.48739479  .00000646  00000-0  12298-3 0  9993","2 39209 098.0512 341.0327 0004256 343.0207 017.0862 14.67294208 18259"
"2.0","GENERATED VIA SPACE-TRACK.ORG API","2013-11-21T23:53:10","18 SPCS","PAYLOAD C","2013-037C","EARTH","TEME","UTC","SGP4","2013-11-21T19:37:34.302432","14.95132712","0.00331030","97.6923","341.3813","346.6359","13.3956","0","U","39210","999","1858","0.00016472000000","0.00001767","0.0000000000000","6960.102","96.312","605.007","558.927","PAYLOAD","LARGE","PRC","2013-07-19","TSC","","1585521","94412136","0 PAYLOAD C","1 39210U 13037C   13325.81775813  .00001767  00000-0  16472-3 0  9997","2 39210 097.6923 341.3813 0033103 346.6359 013.3956 14.95132712 18586"
"2.0","GENERATED VIA SPACE-TRACK.ORG API","2013-11-21T22:17:12","18 SPCS","PAYLOAD A","2013-037A","EARTH","TEME","UTC","SGP4","2013-11-21T19:47:13.809696","14.67939825","0.00083360","98.0520","341.5321","341.7542","18.3359","0","U","39208","999","1832","0.00011479000000","0.00000609","0.0000000000000","7045.794","98.096","673.532","661.785","PAYLOAD","LARGE","PRC","2013-07-19","TSC","","1585397","94409326","0 PAYLOAD A","1 39208U 13037A   13325.82446539  .00000609  00000-0  11479-3 0  9991","2 39208 098.0520 341.5321 0008336 341.7542 018.3359 14.67939825 18320"
"2.0","GENERATED VIA SPACE-TRACK.ORG API","2013-11-21T23:49:33","18 SPCS","PAYLOAD B","2013-037B","EARTH","TEME","UTC","SGP4","2013-11-21T19:52:50.523456","14.67294181","0.00041520","98.0513","341.3678","342.0694","18.0362","0","U","39209","999","1830","0.00011045000000","0.00000575","0.0000000000000","7047.860","98.139","672.652","666.799","PAYLOAD","LARGE","PRC","2013-07-19","TSC","","1585514","94412023","0 PAYLOAD B","1 39209U 13037B   13325.82836254  .00000575  00000-0  11045-3 0  9990","2 39209 098.0513 341.3678 0004152 342.0694 018.0362 14.67294181 18308"
"2.0","GENERATED VIA SPACE-TRACK.ORG API","2013-11-22T08:09:46","18 SPCS","PAYLOAD C","2013-037C","EARTH","TEME","UTC","SGP4","2013-11-22T03:39:25.921439","14.95133647","0.00331280","97.6922","341.7097","345.5450","14.4816","0","U","39210","999","1863","0.00015771000000","0.00001690","0.0000000000000","6960.099","96.312","605.021","558.906","PAYLOAD","LARGE","PRC","2013-07-19","TSC","","1585788","94415314","0 PAYLOAD C","1 39210U 13037C   13326.15238335  .00001690  00000-0  15771-3 0  9994","2 39210 097.6922 341.7097 0033128 345.5450 014.4816 14.95133647 18631"
"2.0","GENERATED VIA SPACE-TRACK.ORG API","2013-11-22T06:19:56","18 SPCS","PAYLOAD A","2013-037A","EARTH","TEME","UTC","SGP4","2013-11-22T03:58:00.431327","14.67940341","0.00083130","98.0519","341.8673","340.4872","19.6014","0","U","39208","999","1837","0.00011559000000","0.00000613","0.0000000000000","7045.792","98.096","673.514","661.800","PAYLOAD","LARGE","PRC","2013-07-19","TSC","","1585658","94412677","0 PAYLOAD A","1 39208U 13037A   13326.16528277  .00000613  00000-0  11559-3 0  9993","2 39208 098.0519 341.8673 0008313 340.4872 019.6014 14.67940341 18370"
"2.0","GENERATED VIA SPACE-TRACK.ORG API","2013-11-22T08:08:16","18 SPCS","PAYLOAD B","2013-037B","EARTH","TEME","UTC","SGP4","2013-11-22T04:03:50.115455","14.67294463","0.00041270","98.0512","341.7029","340.5882","19.5168","0","U","39209","999","1835","0.00010216000000","0.00000528","0.0000000000000","7047.859","98.139","672.633","666.816","PAYLOAD","LARGE","PRC","2013-07-19","TSC","","1585786","94415261","0 PAYLOAD B","1 39209U 13037B   13326.16933004  .00000528  00000-0  10216-3 0  9996","2 39209 098.0512 341.7029 0004127 340.5882 019.5168 14.67294463 18353"
"2.0","GENERATED VIA SPACE-TRACK.ORG API","2013-11-22T15:36:53","18 SPCS","PAYLOAD C","2013-037C","EARTH","TEME","UTC","SGP4","2013-11-22T11:41:17.502431","14.95134002","0.00331380","97.6922","342.0381","344.3362","15.6823","0","U","39210","999","1868","0.00014197000000","0.00001515","0.0000000000000","6960.098","96.312","605.027","558.898","PAYLOAD","LARGE","PRC","2013-07-19","TSC","","1585911","94418041","0 PAYLOAD C","1 39210U 13037C   13326.48700813  .00001515  00000-0  14197-3 0  9992","2 39210 097.6922 342.0381 0033138 344.3362 015.6823 14.95134002 18683"
"2.0","GENERATED VIA SPACE-TRACK.ORG API","2013-11-22T14:16:49","18 SPCS","PAYLOAD A","2013-037A","EARTH","TEME","UTC","SGP4","2013-11-22T12:08:47.066784","14.67940437","0.00082780","98.0520","342.2026","339.3522","20.7339","0","U","39208","999","1842","0.00010611000000","0.00000559","0.0000000000000","7045.792","98.096","673.489","661.824","PAYLOAD","LARGE","PRC","2013-07-19","TSC","","1585815","94415754","0 PAYLOAD A","1 39208U 13037A   13326.50610031  .00000559  00000-0  10611-3 0  9998","2 39208 098.0520 342.2026 0008278 339.3522 020.7339 14.67940437 18423"
"2.0","GENERATED VIA SPACE-TRACK.ORG API","2013-11-22T15:35:16","18 SPCS","PAYLOAD B","2013-037B","EARTH","TEME","UTC","SGP4","2013-11-22T12:14:49.686719","14.67295296","0.00041440","98.0511","342.0379","339.6203","20.4842","0","U","39209","999","1840","0.00011666000000","0.00000610","0.0000000000000","7047.857","98.139","672.642","666.801","PAYLOAD","LARGE","PRC","2013-07-19","TSC","","1585908","94418005","0 PAYLOAD B","1 39209U 13037B   13326.51029730  .00000610  00000-0  11666-3 0  9999","2 39209 098.0511 342.0379 0004144 339.6203 020.4842 14.67295296 18400"
"2.0","GENERATED VIA SPACE-TRACK.ORG API","2013-11-22T23:43:15","18 SPCS","PAYLOAD C","2013-037C","EARTH","TEME","UTC","SGP4","2013-11-22T19:43:09.108480","14.95133613","0.00330670","97.6922","342.3664","343.2169","16.7919","0","U","39210","999","1873","0.00012120000000","0.00001285","0.0000000000000","6960.099","96.312","604.979","558.949","PAYLOAD","LARGE","PRC","2013-07-19","TSC","","1586123","94421217","0 PAYLOAD C","1 39210U 13037C   13326.82163320  .00001285  00000-0  12120-3 0  9994","2 39210 097.6922 342.3664 0033067 343.2169 016.7919 14.95133613 18735"
"2.0","GENERATED VIA SPACE-TRACK.ORG API","2013-11-22T22:29:58","18 SPCS","PAYLOAD A","2013-037A","EARTH","TEME","UTC","SGP4","2013-11-22T20:19:33.777408","14.67939624","0.00081480","98.0518","342.5374","338.4303","21.6527","0","U","39208","999","1847","0.00007798600000","0.00000398","0.0000000000000","7045.794","98.096","673.400","661.918","PAYLOAD","LARGE","PRC","2013-07-19","TSC","","1586020","94419077","0 PAYLOAD A","1 39208U 13037A   13326.84691872  .00000398  00000-0  77986-4 0  9997","2 39208 098.0518 342.5374 0008148 338.4303 021.6527 14.67939624 18472"
"2.0","GENERATED VIA SPACE-TRACK.ORG API","2013-11-22T23:41:47","18 SPCS","PAYLOAD B","2013-037B","EARTH","TEME","UTC","SGP4","2013-11-22T20:25:49.317599","14.67294735","0.00039840","98.0512","342.3730","338.7588","21.3454","0","U","39209","999","1845","0.00008642500000","0.00000440","0.0000000000000","7047.859","98.139","672.531","666.916","PAYLOAD","LARGE","PRC","2013-07-19","TSC","","1586121","94421180","0 PAYLOAD B","1 39209U 13037B   13326.85126525  .00000440  00000-0  86425-4 0  9993","2 39209 098.0512 342.3730 0003984 338.7588 021.3454 14.67294735 18453"
"2.0","GENERATED VIA SPACE-TRACK.ORG API","2013-11-23T07:22:24","18 SPCS","PAYLOAD C","2013-037C","EARTH","TEME","UTC","SGP4","2013-11-23T03:45:00.724896","14.95134105","0.00330730","97.6922","342.6948","342.1130","17.8915","0","U","39210","999","1878","0.00011193000000","0.00001182","0.0000000000000","6960.097","96.312","604.982","558.943","PAYLOAD","LARGE","PRC","2013-07-19","TSC","","1586351","94423713","0 PAYLOAD C","1 39210U 13037C   13327.15625839  .00001182  00000-0  11193-3 0  9994","2 39210 097.6922 342.6948 0033073 342.1130 017.8915 14.95134105 18786"
"2.0","GENERATED VIA SPACE-TRACK.ORG API","2013-11-23T06:18:15","18 SPCS","PAYLOAD A","2013-037A","EARTH","TEME","UTC","SGP4","2013-11-23T04:30:20.431008","14.67940139","0.00081080","98.0517","342.8727","337.0806","23.0032","0","U","39208","999","1852","0.00008301100000","0.00000427","0.0000000000000","7045.793","98.096","673.370","661.945","PAYLOAD","LARGE","PRC","2013-07-19","TSC","","1586255","94421768","0 PAYLOAD A","1 39208U 13037A   13327.18773647  .00000427  00000-0  83011-4 0  9995","2 39208 098.0517 342.8727 0008108 337.0806 023.0032 14.67940139 18521"
"2.0","GENERATED VIA SPACE-TRACK.ORG API","2013-11-23T07:21:46","18 SPCS","PAYLOAD B","2013-037B","EARTH","TEME","UTC","SGP4","2013-11-23T04:36:48.871584","14.67295793","0.00039820","98.0511","342.7078","337.3283","22.7757","0","U","39209","999","1850","0.00011165000000","0.00000582","0.0000000000000","7047.855","98.139","672.527","666.914","PAYLOAD","LARGE","PRC","2013-07-19","TSC","","1586349","94423682","0 PAYLOAD B","1 39209U 13037B   13327.19223231  .00000582  00000-0  11165-3 0  9998","2 39209 098.0511 342.7078 0003982 337.3283 022.7757 14.67295793 18508"
"2.0","GENERATED VIA SPACE-TRACK.ORG API","2013-11-23T14:17:32","18 SPCS","PAYLOAD A","2013-037A","EARTH","TEME","UTC","SGP4","2013-11-23T11:02:57.749567","14.67940382","0.00081060","98.0517","343.1408","336.2840","23.7996","0","U","39208","999","1856","0.00008095700000","0.00000415","0.0000000000000","7045.792","98.096","673.368","661.946","PAYLOAD","LARGE","PRC","2013-07-19","TSC","","1586377","94424035","0 PAYLOAD A","1 39208U 13037A   13327.46039062  .00000415  00000-0  80957-4 0  9995","2 39208 098.0517 343.1408 0008106 336.2840 023.7996 14.67940382 18568"
"2.0","GENERATED VIA SPACE-TRACK.ORG API","2013-11-23T15:29:06","18 SPCS","PAYLOAD B","2013-037B","EARTH","TEME","UTC","SGP4","2013-11-23T11:09:36.499392","14.67296217","0.00039880","98.0511","342.9758","336.4685","23.6338","0","U","39209","999","1854","0.00011361000000","0.00000593","0.0000000000000","7047.854","98.139","672.530","666.908","PAYLOAD","LARGE","PRC","2013-07-19","TSC","","1586466","94426205","0 PAYLOAD B","1 39209U 13037B   13327.46500578  .00000593  00000-0  11361-3 0  9990","2 39209 098.0511 342.9758 0003988 336.4685 023.6338 14.67296217 18548"
"2.0","GENERATED VIA SPACE-TRACK.ORG API","2013-11-23T15:31:25","18 SPCS","PAYLOAD C","2013-037C","EARTH","TEME","UTC","SGP4","2013-11-23T11:46:52.300704","14.95134142","0.00330780","97.6921","343.0229","340.9182","19.0779","0","U","39210","999","1883","0.00009814000000","0.00001029","0.0000000000000","6960.097","96.312","604.985","558.940","PAYLOAD","LARGE","PRC","2013-07-19","TSC","","1586468","94426244","0 PAYLOAD C","1 39210U 13037C   13327.49088311  .00001029  00000-0  98140-4 0  9997","2 39210 097.6921 343.0229 0033078 340.9182 019.0779 14.95134142 18839"
"2.0","GENERATED VIA SPACE-TRACK.ORG API","2013-11-23T16:06:57","18 SPCS","PAYLOAD A","2013-037A","EARTH","TEME","UTC","SGP4","2013-11-23T14:19:16.391136","14.67939885","0.00080930","98.0515","343.2743","335.7072","24.3728","0","U","39208","999","1858","0.00006214000000","0.00000307","0.0000000000000","7045.793","98.096","673.361","661.956","PAYLOAD","LARGE","PRC","2013-07-19","TSC","","1586495","94426658","0 PAYLOAD A","1 39208U 13037A   13327.59671749  .00000307  00000-0  62140-4 0  9997","2 39208 098.0515 343.2743 0008093 335.7072 024.3728 14.67939885 18583"
"2.0","GENERATED VIA SPACE-TRACK.ORG API","2013-11-23T22:31:01","18 SPCS","PAYLOAD A","2013-037A","EARTH","TEME","UTC","SGP4","2013-11-23T19:13:44.410943","14.67939631","0.00080870","98.0516","343.4760","334.9262","25.1532","0","U","39208","999","1861","0.00005075700000","0.00000242","0.0000000000000","7045.794","98.096","673.357","661.961","PAYLOAD","LARGE","PRC","2013-07-19","TSC","","1586594","94427328","0 PAYLOAD A","1 39208U 13037A   13327.80120846  .00000242  00000-0  50757-4 0  9997","2 39208 098.0516 343.4760 0008087 334.9262 025.1532 14.67939631 18615"
"2.0","GENERATED VIA SPACE-TRACK.ORG API","2013-11-24T00:00:02","18 SPCS","PAYLOAD C","2013-037C","EARTH","TEME","UTC","SGP4","2013-11-23T19:48:43.930943","14.95134011","0.00330220","97.6920","343.3511","339.7113","20.2782","0","U","39210","999","1888","0.00008880300000","0.00000925","0.0000000000000","6960.098","96.312","604.946","558.979","PAYLOAD","LARGE","PRC","2013-07-19","TSC","","1586734","94429786","0 PAYLOAD C","1 39210U 13037C   13327.82550846  .00000925  00000-0  88803-4 0  9990","2 39210 097.6920 343.3511 0033022 339.7113 020.2782 14.95134011 18882"
"2.0","GENERATED VIA SPACE-TRACK.ORG API","2013-11-23T23:58:19","18 SPCS","PAYLOAD B","2013-037B","EARTH","TEME","UTC","SGP4","2013-11-23T20:58:48.019296","14.67295888","0.00039450","98.0510","343.3775","334.9364","25.1644","0","U","39209","999","1860","0.00009067400000","0.00000464","0.0000000000000","7047.855","98.139","672.500","666.940","PAYLOAD","LARGE","PRC","2013-07-19","TSC","","1586732","94429740","0 PAYLOAD B","1 39209U 13037B   13327.87416689  .00000464  00000-0  90674-4 0  9996","2 39209 098.0510 343.3775 0003945 334.9364 025.1644 14.67295888 18608"
"2.0","GENERATED VIA SPACE-TRACK.ORG API","2013-11-24T06:30:01","18 SPCS","PAYLOAD A","2013-037A","EARTH","TEME","UTC","SGP4","2013-11-24T03:24:31.083551","14.67939801","0.00080920","98.0516","343.8112","333.9021","26.1774","0","U","39208","999","1866","0.00005002800000","0.00000238","0.0000000000000","7045.794","98.096","673.360","661.957","PAYLOAD","LARGE","PRC","2013-07-19","TSC","","1586805","94430653","0 PAYLOAD A","1 39208U 13037A   13328.14202643  .00000238  00000-0  50028-4 0  9997","2 39208 098.0516 343.8112 0008092 333.9021 026.1774 14.67939801 18661"
"2.0","GENERATED VIA SPACE-TRACK.ORG API","2013-11-24T07:40:22","18 SPCS","PAYLOAD B","2013-037B","EARTH","TEME","UTC","SGP4","2013-11-24T03:31:35.627232","14.67296615","0.00039520","98.0510","343.6456","333.5212","26.5791","0","U","39209","999","1864","0.00010095000000","0.00000522","0.0000000000000","7047.853","98.139","672.503","666.932","PAYLOAD","LARGE","PRC","2013-07-19","TSC","","1586895","94432870","0 PAYLOAD B","1 39209U 13037B   13328.14694013  .00000522  00000-0  10095-3 0  9999","2 39209 098.0510 343.6456 0003952 333.5212 026.5791 14.67296615 18643"
"2.0","GENERATED VIA SPACE-TRACK.ORG API","2013-11-24T07:42:25","18 SPCS","PAYLOAD C","2013-037C","EARTH","TEME","UTC","SGP4","2013-11-24T03:50:35.497247","14.95134359","0.00330630","97.6918","343.6793","338.5313","21.4508","0","U","39210","999","1893","0.00008224500000","0.00000853","0.0000000000000","6960.097","96.312","604.974","558.950","PAYLOAD","LARGE","PRC","2013-07-19","TSC","","1586897","94432912","0 PAYLOAD C","1 39210U 13037C   13328.16013307  .00000853  00000-0  82245-4 0  9998","2 39210 097.6918 343.6793 0033063 338.5313 021.4508 14.95134359 18938"
"2.0","GENERATED VIA SPACE-TRACK.ORG API","2013-11-24T15:29:02","18 SPCS","PAYLOAD B","2013-037B","EARTH","TEME","UTC","SGP4","2013-11-24T11:42:35.155295","14.67297511","0.00039580","98.0509","343.9805","332.7429","27.3574","0","U","39209","999","1869","0.00011659000000","0.00000610","0.0000000000000","7047.850","98.139","672.504","666.925","PAYLOAD","LARGE","PRC","2013-07-19","TSC","","1587017","94435431","0 PAYLOAD B","1 39209U 13037B   13328.48790689  .00000610  00000-0  11659-3 0  9997","2 39209 098.0509 343.9805 0003958 332.7429 027.3574 14.67297511 18698"
"2.0","GENERATED VIA SPACE-TRACK.ORG API","2013-11-24T15:30:40","18 SPCS","PAYLOAD C","2013-037C","EARTH","TEME","UTC","SGP4","2013-11-24T11:52:27.090335","14.95133941","0.00330690","97.6918","344.0074","337.4279","22.5471","0","U","39210","999","1898","0.00006076900000","0.00000615","0.0000000000000","6960.098","96.312","604.979","558.947","PAYLOAD","LARGE","PRC","2013-07-19","TSC","","1587019","94435480","0 PAYLOAD C","1 39210U 13037C   13328.49475799  .00000615  00000-0  60769-4 0  9994","2 39210 097.6918 344.0074 0033069 337.4279 022.5471 14.95133941 18982"
"2.0","GENERATED VIA SPACE-TRACK.ORG API","2013-11-24T14:26:55","18 SPCS","PAYLOAD A","2013-037A","EARTH","TEME","UTC","SGP4","2013-11-24T13:13:27.049727","14.67940025","0.00080920","98.0516","344.2134","332.6172","27.4605","0","U","39208","999","1872","0.00004974000000","0.00000236","0.0000000000000","7045.793","98.096","673.359","661.957","PAYLOAD","LARGE","PRC","2013-07-19","TSC","","1586944","94433629","0 PAYLOAD A","1 39208U 13037A   13328.55100752  .00000236  00000-0  49740-4 0  9997","2 39208 098.0516 344.2134 0008092 332.6172 027.4605 14.67940025 18727"
"2.0","GENERATED VIA SPACE-TRACK.ORG API","2013-11-24T23:55:14","18 SPCS","PAYLOAD B","2013-037B","EARTH","TEME","UTC","SGP4","2013-11-24T19:53:34.721375","14.67297150","0.00039060","98.0511","344.3154","331.5488","28.5492","0","U","39209","999","1874","0.00009557600000","0.00000491","0.0000000000000","7047.851","98.139","672.469","666.963","PAYLOAD","LARGE","PRC","2013-07-19","TSC","","1587238","94439093","0 PAYLOAD B","1 39209U 13037B   13328.82887409  .00000491  00000-0  95576-4 0  9990","2 39209 098.0511 344.3154 0003906 331.5488 028.5492 14.67297150 18745"
"2.0","GENERATED VIA SPACE-TRACK.ORG API","2013-11-24T23:57:49","18 SPCS","PAYLOAD C","2013-037C","EARTH","TEME","UTC","SGP4","2013-11-24T19:54:18.712799","14.95133597","0.00330350","97.6918","344.3358","336.2581","23.7106","0","U","39210","999","1903","0.00004872800000","0.00000481","0.0000000000000","6960.099","96.312","604.957","558.971","PAYLOAD","LARGE","PRC","2013-07-19","TSC","","1587243","94439200","0 PAYLOAD C","1 39210U 13037C   13328.82938325  .00000481  00000-0  48728-4 0  9992","2 39210 097.6918 344.3358 0033035 336.2581 023.7106 14.95133597 19038"
"2.0","GENERATED VIA SPACE-TRACK.ORG API","2013-11-24T22:08:27","18 SPCS","PAYLOAD A","2013-037A","EARTH","TEME","UTC","SGP4","2013-11-24T21:24:13.617791","14.67940928","0.00080370","98.0514","344.5482","331.4010","28.6756","0","U","39208","999","1877","0.00006805600000","0.00000341","0.0000000000000","7045.790","98.096","673.318","661.992","PAYLOAD","LARGE","PRC","2013-07-19","TSC","","1587092","94435930","0 PAYLOAD A","1 39208U 13037A   13328.89182428  .00000341  00000-0  68056-4 0  9992","2 39208 098.0514 344.5482 0008037 331.4010 028.6756 14.67940928 18778"
"2.0","GENERATED VIA SPACE-TRACK.ORG API","2013-11-25T07:36:01","18 SPCS","PAYLOAD C","2013-037C","EARTH","TEME","UTC","SGP4","2013-11-25T03:56:10.271328","14.95133904","0.00330180","97.6917","344.6641","335.1093","24.8530","0","U","39210","999","1908","0.00004440200000","0.00000433","0.0000000000000","6960.098","96.312","604.944","558.982","PAYLOAD","LARGE","PRC","2013-07-19","TSC","","1587418","94442185","0 PAYLOAD C","1 39210U 13037C   13329.16400777  .00000433  00000-0  44402-4 0  9997","2 39210 097.6917 344.6641 0033018 335.1093 024.8530 14.95133904 19082"
"2.0","GENERATED VIA SPACE-TRACK.ORG API","2013-11-25T07:33:41","18 SPCS","PAYLOAD B","2013-037B","EARTH","TEME","UTC","SGP4","2013-11-25T04:04:34.270175","14.67297412","0.00038930","98.0509","344.6503","329.9227","30.1759","0","U","39209","999","1879","0.00008845800000","0.00000451","0.0000000000000","7047.850","98.139","672.459","666.971","PAYLOAD","LARGE","PRC","2013-07-19","TSC","","1587415","94442143","0 PAYLOAD B","1 39209U 13037B   13329.16984109  .00000451  00000-0  88458-4 0  9990","2 39209 098.0509 344.6503 0003893 329.9227 030.1759 14.67297412 18791"
"2.0","GENERATED VIA SPACE-TRACK.ORG API","2013-11-25T06:27:34","18 SPCS","PAYLOAD A","2013-037A","EARTH","TEME","UTC","SGP4","2013-11-25T05:35:00.209184","14.67941395","0.00080360","98.0513","344.8838","330.0905","29.9849","0","U","39208","999","1882","0.00006994600000","0.00000352","0.0000000000000","7045.789","98.096","673.316","661.992","PAYLOAD","LARGE","PRC","2013-07-19","TSC","","1587326","94440047","0 PAYLOAD A","1 39208U 13037A   13329.23264131  .00000352  00000-0  69946-4 0  9994","2 39208 098.0513 344.8838 0008036 330.0905 029.9849 14.67941395 18824"
"2.0","GENERATED VIA SPACE-TRACK.ORG API","2013-11-25T15:18:15","18 SPCS","PAYLOAD C","2013-037C","EARTH","TEME","UTC","SGP4","2013-11-25T11:58:01.841951","14.95134160","0.00330060","97.6917","344.9922","333.9504","26.0062","0","U","39210","999","1913","0.00004054600000","0.00000390","0.0000000000000","6960.097","96.312","604.935","558.990","PAYLOAD","LARGE","PRC","2013-07-19","TSC","","1587516","94444282","0 PAYLOAD C","1 39210U 13037C   13329.49863243  .00000390  00000-0  40546-4 0  9991","2 39210 097.6917 344.9922 0033006 333.9504 026.0062 14.95134160 19132"
"2.0","GENERATED VIA SPACE-TRACK.ORG API","2013-11-25T14:31:27","18 SPCS","PAYLOAD A","2013-037A","EARTH","TEME","UTC","SGP4","2013-11-25T12:07:37.474175","14.67941617","0.00080300","98.0513","345.1519","329.1313","30.9425","0","U","39208","999","1886","0.00006688100000","0.00000335","0.0000000000000","7045.788","98.096","673.311","661.995","PAYLOAD","LARGE","PRC","2013-07-19","TSC","","1587459","94442881","0 PAYLOAD A","1 39208U 13037A   13329.50529484  .00000335  00000-0  66881-4 0  9995","2 39208 098.0513 345.1519 0008030 329.1313 030.9425 14.67941617 18863"
"2.0","GENERATED VIA SPACE-TRACK.ORG API","2013-11-25T15:13:02","18 SPCS","PAYLOAD B","2013-037B","EARTH","TEME","UTC","SGP4","2013-11-25T12:15:33.787008","14.67298109","0.00038950","98.0510","344.9852","328.9790","31.1190","0","U","39209","999","1884","0.00010057000000","0.00000519","0.0000000000000","7047.848","98.139","672.458","666.968","PAYLOAD","LARGE","PRC","2013-07-19","TSC","","1587511","94444155","0 PAYLOAD B","1 39209U 13037B   13329.51080772  .00000519  00000-0  10057-3 0  9996","2 39209 098.0510 344.9852 0003895 328.9790 031.1190 14.67298109 18849"
"2.0","GENERATED VIA SPACE-TRACK.ORG API","2013-11-25T23:50:45","18 SPCS","PAYLOAD C","2013-037C","EARTH","TEME","UTC","SGP4","2013-11-25T19:59:53.414303","14.95134577","0.00329320","97.6916","345.3207","332.8569","27.0936","0","U","39210","999","1918","0.00004643200000","0.00000456","0.0000000000000","6960.096","96.312","604.882","559.040","PAYLOAD","LARGE","PRC","2013-07-19","TSC","","1587742","94447463","0 PAYLOAD C","1 39210U 13037C   13329.83325711  .00000456  00000-0  46432-4 0  9995","2 39210 097.6916 345.3207 0032932 332.8569 027.0936 14.95134577 19186"
"2.0","GENERATED VIA SPACE-TRACK.ORG API","2013-11-25T22:30:56","18 SPCS","PAYLOAD A","2013-037A","EARTH","TEME","UTC","SGP4","2013-11-25T20:18:24.115680","14.67941486","0.00080300","98.0515","345.4870","328.2771","31.7943","0","U","39208","999","1891","0.00005999800000","0.00000295","0.0000000000000","7045.788","98.096","673.311","661.996","PAYLOAD","LARGE","PRC","2013-07-19","TSC","","1587624","94445154","0 PAYLOAD A","1 39208U 13037A   13329.84611245  .00000295  00000-0  59998-4 0  9995","2 39208 098.0515 345.4870 0008030 328.2771 031.7943 14.67941486 18910"
"2.0","GENERATED VIA SPACE-TRACK.ORG API","2013-11-25T23:48:57","18 SPCS","PAYLOAD B","2013-037B","EARTH","TEME","UTC","SGP4","2013-11-25T20:26:33.318527","14.67297608","0.00038820","98.0510","345.3203","327.8786","32.2154","0","U","39209","999","1889","0.00007604000000","0.00000381","0.0000000000000","7047.849","98.139","672.450","666.978","PAYLOAD","LARGE","PRC","2013-07-19","TSC","","1587739","94447406","0 PAYLOAD B","1 39209U 13037B   13329.85177452  .00000381  00000-0  76040-4 0  9997","2 39209 098.0510 345.3203 0003882 327.8786 032.2154 14.67297608 18893"
"2.0","GENERATED VIA SPACE-TRACK.ORG API","2013-11-26T06:28:51","18 SPCS","PAYLOAD A","2013-037A","EARTH","TEME","UTC","SGP4","2013-11-26T01:12:52.089695","14.67941608","0.00080280","98.0516","345.6881","327.6260","32.4450","0","U","39208","999","1894","0.00005956700000","0.00000293","0.0000000000000","7045.788","98.096","673.309","661.997","PAYLOAD","LARGE","PRC","2013-07-19","TSC","","1587794","94448264","0 PAYLOAD A","1 39208U 13037A   13330.05060289  .00000293  00000-0  59567-4 0  9996","2 39208 098.0516 345.6881 0008028 327.6260 032.4450 14.67941608 18948"
"2.0","GENERATED VIA SPACE-TRACK.ORG API","2013-11-26T07:51:55","18 SPCS","PAYLOAD C","2013-037C","EARTH","TEME","UTC","SGP4","2013-11-26T04:01:44.934816","14.95134965","0.00329170","97.6916","345.6491","331.5797","28.3638","0","U","39210","999","1923","0.00004316600000","0.00000419","0.0000000000000","6960.095","96.312","604.870","559.049","PAYLOAD","LARGE","PRC","2013-07-19","TSC","","1587889","94450445","0 PAYLOAD C","1 39210U 13037C   13330.16788119  .00000419  00000-0  43166-4 0  9998","2 39210 097.6916 345.6491 0032917 331.5797 028.3638 14.95134965 19236"
"2.0","GENERATED VIA SPACE-TRACK.ORG API","2013-11-26T07:50:40","18 SPCS","PAYLOAD B","2013-037B","EARTH","TEME","UTC","SGP4","2013-11-26T04:37:32.870784","14.67297802","0.00038880","98.0510","345.6554","326.5606","33.5344","0","U","39209","999","1894","0.00007021100000","0.00000348","0.0000000000000","7047.849","98.139","672.454","666.974","PAYLOAD","LARGE","PRC","2013-07-19","TSC","","1587888","94450407","0 PAYLOAD B","1 39209U 13037B   13330.19274156  .00000348  00000-0  70211-4 0  9992","2 39209 098.0510 345.6554 0003888 326.5606 033.5344 14.67297802 18945"
"2.0","GENERATED VIA SPACE-TRACK.ORG API","2013-11-26T13:29:18","18 SPCS","PAYLOAD C","2013-037C","EARTH","TEME","UTC","SGP4","2013-11-26T07:14:29.539392","14.95135203","0.00329260","97.6916","345.7803","331.1371","28.8029","0","U","39210","999","1925","0.00004553600000","0.00000446","0.0000000000000","6960.094","96.312","604.876","559.042","PAYLOAD","LARGE","PRC","2013-07-19","TSC","","1587978","94452379","0 PAYLOAD C","1 39210U 13037C   13330.30173078  .00000446  00000-0  45536-4 0  9999","2 39210 097.6916 345.7803 0032926 331.1371 028.8029 14.95135203 19255"
"2.0","GENERATED VIA SPACE-TRACK.ORG API","2013-11-26T12:14:53","18 SPCS","PAYLOAD A","2013-037A","EARTH","TEME","UTC","SGP4","2013-11-26T07:45:29.371967","14.67941814","0.00080270","98.0516","345.9562","326.7582","33.3118","0","U","39208","999","1898","0.00005991500000","0.00000295","0.0000000000000","7045.787","98.096","673.308","661.997","PAYLOAD","LARGE","PRC","2013-07-19","TSC","","1587919","94450964","0 PAYLOAD A","1 39208U 13037A   13330.32325662  .00000295  00000-0  59915-4 0  9994","2 39208 098.0516 345.9562 0008027 326.7582 033.3118 14.67941814 18987"
"2.0","GENERATED VIA SPACE-TRACK.ORG API","2013-11-26T13:29:18","18 SPCS","PAYLOAD B","2013-037B","EARTH","TEME","UTC","SGP4","2013-11-26T07:53:56.695488","14.67297927","0.00038850","98.0510","345.7893","326.1310","33.9646","0","U","39209","999","1896","0.00007063900000","0.00000351","0.0000000000000","7047.848","98.139","672.451","666.975","PAYLOAD","LARGE","PRC","2013-07-19","TSC","","1587978","94452355","0 PAYLOAD B","1 39209U 13037B   13330.32912842  .00000351  00000-0  70639-4 0  9996","2 39209 098.0510 345.7893 0003885 326.1310 033.9646 14.67297927 18966"
"2.0","GENERATED VIA SPACE-TRACK.ORG API","2013-11-27T00:05:45","18 SPCS","PAYLOAD C","2013-037C","EARTH","TEME","UTC","SGP4","2013-11-26T20:05:27.981023","14.95136140","0.00329080","97.6916","346.3055","329.2497","30.6793","0","U","39210","999","1933","0.00005500000000","0.00000551","0.0000000000000","6960.091","96.312","604.860","559.052","PAYLOAD","LARGE","PRC","2013-07-19","TSC","","1588434","94457460","0 PAYLOAD C","1 39210U 13037C   13330.83712941  .00000551  00000-0  55000-4 0  9999","2 39210 097.6916 346.3055 0032908 329.2497 030.6793 14.95136140 19337"
"2.0","GENERATED VIA SPACE-TRACK.ORG API","2013-11-26T22:36:05","18 SPCS","PAYLOAD A","2013-037A","EARTH","TEME","UTC","SGP4","2013-11-26T20:50:43.852704","14.67942893","0.00079220","98.0514","346.4929","324.7699","35.2984","0","U","39208","999","1906","0.00007665400000","0.00000390","0.0000000000000","7045.784","98.096","673.230","662.067","PAYLOAD","LARGE","PRC","2013-07-19","TSC","","1588288","94454769","0 PAYLOAD A","1 39208U 13037A   13330.86856311  .00000390  00000-0  76654-4 0  9998","2 39208 098.0514 346.4929 0007922 324.7699 035.2984 14.67942893 19068"
"2.0","GENERATED VIA SPACE-TRACK.ORG API","2013-11-27T00:04:50","18 SPCS","PAYLOAD B","2013-037B","EARTH","TEME","UTC","SGP4","2013-11-26T20:59:31.926911","14.67298463","0.00038330","98.0510","346.3254","323.8985","36.1957","0","U","39209","999","1904","0.00007793100000","0.00000392","0.0000000000000","7047.847","98.139","672.413","667.010","PAYLOAD","LARGE","PRC","2013-07-19","TSC","","1588431","94457394","0 PAYLOAD B","1 39209U 13037B   13330.87467508  .00000392  00000-0  77931-4 0  9997","2 39209 098.0510 346.3254 0003833 323.8985 036.1957 14.67298463 19045"
"2.0","GENERATED VIA SPACE-TRACK.ORG API","2013-11-27T07:29:24","18 SPCS","PAYLOAD B","2013-037B","EARTH","TEME","UTC","SGP4","2013-11-27T03:32:19.530527","14.67298681","0.00037980","98.0512","346.5930","323.3500","36.7440","0","U","39209","999","1908","0.00007450300000","0.00000372","0.0000000000000","7047.846","98.139","672.388","667.034","PAYLOAD","LARGE","PRC","2013-07-19","TSC","","1588609","94460062","0 PAYLOAD B","1 39209U 13037B   13331.14744827  .00000372  00000-0  74503-4 0  9990","2 39209 098.0512 346.5930 0003798 323.3500 036.7440 14.67298681 19087"
"2.0","GENERATED VIA SPACE-TRACK.ORG API","2013-11-27T07:29:42","18 SPCS","PAYLOAD C","2013-037C","EARTH","TEME","UTC","SGP4","2013-11-27T04:07:19.491167","14.95136495","0.00328770","97.6916","346.6337","328.0151","31.9076","0","U","39210","999","1938","0.00005118700000","0.00000508","0.0000000000000","6960.090","96.312","604.838","559.072","PAYLOAD","LARGE","PRC","2013-07-19","TSC","","1588610","94460094","0 PAYLOAD C","1 39210U 13037C   13331.17175337  .00000508  00000-0  51187-4 0  9993","2 39210 097.6916 346.6337 0032877 328.0151 031.9076 14.95136495 19388"
"2.0","GENERATED VIA SPACE-TRACK.ORG API","2013-11-27T06:26:36","18 SPCS","PAYLOAD A","2013-037A","EARTH","TEME","UTC","SGP4","2013-11-27T05:01:30.392255","14.67943707","0.00079310","98.0513","346.8282","323.5055","36.5610","0","U","39208","999","1911","0.00009311900000","0.00000485","0.0000000000000","7045.781","98.096","673.234","662.058","PAYLOAD","LARGE","PRC","2013-07-19","TSC","","1588530","94458227","0 PAYLOAD A","1 39208U 13037A   13331.20937954  .00000485  00000-0  93119-4 0  9990","2 39208 098.0513 346.8282 0007931 323.5055 036.5610 14.67943707 19117"
"2.0","GENERATED VIA SPACE-TRACK.ORG API","2013-11-27T15:39:30","18 SPCS","PAYLOAD B","2013-037B","EARTH","TEME","UTC","SGP4","2013-11-27T11:43:19.034400","14.67299212","0.00037800","98.0512","346.9280","321.8130","38.2819","0","U","39209","999","1913","0.00007922600000","0.00000399","0.0000000000000","7047.844","98.139","672.373","667.045","PAYLOAD","LARGE","PRC","2013-07-19","TSC","","1588748","94462921","0 PAYLOAD B","1 39209U 13037B   13331.48841475  .00000399  00000-0  79226-4 0  9990","2 39209 098.0512 346.9280 0003780 321.8130 038.2819 14.67299212 19136"
"2.0","GENERATED VIA SPACE-TRACK.ORG API","2013-11-27T15:44:03","18 SPCS","PAYLOAD C","2013-037C","EARTH","TEME","UTC","SGP4","2013-11-27T12:09:11.003039","14.95137591","0.00328650","97.6915","346.9618","326.8938","33.0243","0","U","39210","999","1943","0.00006616100000","0.00000674","0.0000000000000","6960.087","96.312","604.826","559.077","PAYLOAD","LARGE","PRC","2013-07-19","TSC","","1588751","94462966","0 PAYLOAD C","1 39210U 13037C   13331.50637735  .00000674  00000-0  66161-4 0  9997","2 39210 097.6915 346.9618 0032865 326.8938 033.0243 14.95137591 19431"
"2.0","GENERATED VIA SPACE-TRACK.ORG API","2013-11-27T14:31:17","18 SPCS","PAYLOAD A","2013-037A","EARTH","TEME","UTC","SGP4","2013-11-27T13:12:16.942175","14.67944265","0.00079410","98.0514","347.1631","322.5541","37.5106","0","U","39208","999","1916","0.00010048000000","0.00000527","0.0000000000000","7045.779","98.096","673.239","662.049","PAYLOAD","LARGE","PRC","2013-07-19","TSC","","1588656","94460850","0 PAYLOAD A","1 39208U 13037A   13331.55019609  .00000527  00000-0  10048-3 0  9992","2 39208 098.0514 347.1631 0007941 322.5541 037.5106 14.67944265 19166"
"2.0","GENERATED VIA SPACE-TRACK.ORG API","2013-11-27T23:36:45","18 SPCS","PAYLOAD B","2013-037B","EARTH","TEME","UTC","SGP4","2013-11-27T19:54:18.543456","14.67299072","0.00037470","98.0512","347.2630","320.1511","39.9417","0","U","39209","999","1918","0.00006881300000","0.00000340","0.0000000000000","7047.845","98.139","672.351","667.069","PAYLOAD","LARGE","PRC","2013-07-19","TSC","","1588963","94465989","0 PAYLOAD B","1 39209U 13037B   13331.82938129  .00000340  00000-0  68813-4 0  9997","2 39209 098.0512 347.2630 0003747 320.1511 039.9417 14.67299072 19188"
"2.0","GENERATED VIA SPACE-TRACK.ORG API","2013-11-27T23:38:14","18 SPCS","PAYLOAD C","2013-037C","EARTH","TEME","UTC","SGP4","2013-11-27T20:11:02.501088","14.95137164","0.00328260","97.6914","347.2900","325.7618","34.1462","0","U","39210","999","1948","0.00005149600000","0.00000512","0.0000000000000","6960.088","96.312","604.800","559.106","PAYLOAD","LARGE","PRC","2013-07-19","TSC","","1588965","94466032","0 PAYLOAD C","1 39210U 13037C   13331.84100117  .00000512  00000-0  51496-4 0  9999","2 39210 097.6914 347.2900 0032826 325.7618 034.1462 14.95137164 19484"
"2.0","GENERATED VIA SPACE-TRACK.ORG API","2013-11-27T22:37:43","18 SPCS","PAYLOAD A","2013-037A","EARTH","TEME","UTC","SGP4","2013-11-27T21:23:03.652799","14.67942587","0.00078810","98.0516","347.4985","321.3831","38.6807","0","U","39208","999","1921","0.00004252700000","0.00000195","0.0000000000000","7045.785","98.096","673.203","662.097","PAYLOAD","LARGE","PRC","2013-07-19","TSC","","1588883","94464247","0 PAYLOAD A","1 39208U 13037A   13331.89101450  .00000195  00000-0  42527-4 0  9994","2 39208 098.0516 347.4985 0007881 321.3831 038.6807 14.67942587 19216"
"2.0","GENERATED VIA SPACE-TRACK.ORG API","2013-11-28T02:31:15","18 SPCS","PAYLOAD A","2013-037A","EARTH","TEME","UTC","SGP4","2013-11-28T00:39:22.291776","14.67942695","0.00078830","98.0516","347.6326","320.9670","39.0967","0","U","39208","999","1923","0.00004371800000","0.00000202","0.0000000000000","7045.784","98.096","673.204","662.095","PAYLOAD","LARGE","PRC","2013-07-19","TSC","","1588987","94466523","0 PAYLOAD A","1 39208U 13037A   13332.02734134  .00000202  00000-0  43718-4 0  9993","2 39208 098.0516 347.6326 0007883 320.9670 039.0967 14.67942695 19239"
"2.0","GENERATED VIA SPACE-TRACK.ORG API","2013-11-28T03:11:12","18 SPCS","PAYLOAD B","2013-037B","EARTH","TEME","UTC","SGP4","2013-11-28T00:48:54.246816","14.67299225","0.00037220","98.0513","347.4640","319.1872","40.9061","0","U","39209","999","1921","0.00006629600000","0.00000326","0.0000000000000","7047.844","98.139","672.332","667.086","PAYLOAD","LARGE","PRC","2013-07-19","TSC","","1589041","94467809","0 PAYLOAD B","1 39209U 13037B   13332.03396119  .00000326  00000-0  66296-4 0  9995","2 39209 098.0513 347.4640 0003722 319.1872 040.9061 14.67299225 19214"
"2.0","GENERATED VIA SPACE-TRACK.ORG API","2013-11-28T03:12:25","18 SPCS","PAYLOAD C","2013-037C","EARTH","TEME","UTC","SGP4","2013-11-28T01:00:09.446400","14.95137404","0.00328070","97.6915","347.4868","325.0539","34.8534","0","U","39210","999","1951","0.00005079900000","0.00000504","0.0000000000000","6960.087","96.312","604.786","559.118","PAYLOAD","LARGE","PRC","2013-07-19","TSC","","1589043","94467865","0 PAYLOAD C","1 39210U 13037C   13332.04177600  .00000504  00000-0  50799-4 0  9999","2 39210 097.6915 347.4868 0032807 325.0539 034.8534 14.95137404 19512"
"2.0","GENERATED VIA SPACE-TRACK.ORG API","2013-11-28T11:42:30","18 SPCS","PAYLOAD A","2013-037A","EARTH","TEME","UTC","SGP4","2013-11-28T05:33:50.240735","14.67942868","0.00078830","98.0517","347.8337","320.3002","39.7628","0","U","39208","999","1926","0.00004625700000","0.00000216","0.0000000000000","7045.784","98.096","673.203","662.095","PAYLOAD","LARGE","PRC","2013-07-19","TSC","","1589185","94470160","0 PAYLOAD A","1 39208U 13037A   13332.23183149  .00000216  00000-0  46257-4 0  9996","2 39208 098.0517 347.8337 0007883 320.3002 039.7628 14.67942868 19263"
"2.0","GENERATED VIA SPACE-TRACK.ORG API","2013-11-28T12:54:22","18 SPCS","PAYLOAD B","2013-037B","EARTH","TEME","UTC","SGP4","2013-11-28T07:21:41.833151","14.67299356","0.00036910","98.0513","347.7322","318.0761","42.0164","0","U","39209","999","1925","0.00006255400000","0.00000305","0.0000000000000","7047.844","98.139","672.310","667.107","PAYLOAD","LARGE","PRC","2013-07-19","TSC","","1589281","94472372","0 PAYLOAD B","1 39209U 13037B   13332.30673418  .00000305  00000-0  62554-4 0  9995","2 39209 098.0513 347.7322 0003691 318.0761 042.0164 14.67299356 19250"
"2.0","GENERATED VIA SPACE-TRACK.ORG API","2013-11-28T12:56:08","18 SPCS","PAYLOAD C","2013-037C","EARTH","TEME","UTC","SGP4","2013-11-28T07:25:38.629631","14.95137762","0.00327960","97.6915","347.7494","324.1297","35.7724","0","U","39210","999","1955","0.00004925200000","0.00000487","0.0000000000000","6960.086","96.312","604.777","559.125","PAYLOAD","LARGE","PRC","2013-07-19","TSC","","1589283","94472417","0 PAYLOAD C","1 39210U 13037C   13332.30947488  .00000487  00000-0  49252-4 0  9999","2 39210 097.6915 347.7494 0032796 324.1297 035.7724 14.95137762 19550"
"2.0","GENERATED VIA SPACE-TRACK.ORG API","2013-11-28T22:32:01","18 SPCS","PAYLOAD A","2013-037A","EARTH","TEME","UTC","SGP4","2013-11-28T18:39:04.730975","14.67943260","0.00078850","98.0518","348.3704","318.3742","41.6858","0","U","39208","999","1934","0.00004633400000","0.00000217","0.0000000000000","7045.783","98.096","673.203","662.092","PAYLOAD","LARGE","PRC","2013-07-19","TSC","","1589427","94473918","0 PAYLOAD A","1 39208U 13037A   13332.77713809  .00000217  00000-0  46334-4 0  9994","2 39208 098.0518 348.3704 0007885 318.3742 041.6858 14.67943260 19341"
"2.0","GENERATED VIA SPACE-TRACK.ORG API","2013-11-28T23:51:15","18 SPCS","PAYLOAD C","2013-037C","EARTH","TEME","UTC","SGP4","2013-11-28T18:40:14.733119","14.95138096","0.00327640","97.6916","348.2089","322.5518","37.3406","0","U","39210","999","1962","0.00004956700000","0.00000490","0.0000000000000","6960.085","96.312","604.754","559.146","PAYLOAD","LARGE","PRC","2013-07-19","TSC","","1589526","94476311","0 PAYLOAD C","1 39210U 13037C   13332.77794830  .00000490  00000-0  49567-4 0  9994","2 39210 097.6916 348.2089 0032764 322.5518 037.3406 14.95138096 19624"
"2.0","GENERATED VIA SPACE-TRACK.ORG API","2013-11-28T23:50:24","18 SPCS","PAYLOAD B","2013-037B","EARTH","TEME","UTC","SGP4","2013-11-28T18:49:05.140127","14.67299291","0.00037030","98.0515","348.2014","316.1021","43.9875","0","U","39209","999","1932","0.00005605500000","0.00000268","0.0000000000000","7047.844","98.139","672.319","667.099","PAYLOAD","LARGE","PRC","2013-07-19","TSC","","1589525","94476269","0 PAYLOAD B","1 39209U 13037B   13332.78408727  .00000268  00000-0  56055-4 0  9993","2 39209 098.0515 348.2014 0003703 316.1021 043.9875 14.67299291 19323"
"2.0","GENERATED VIA SPACE-TRACK.ORG API","2013-11-29T07:21:21","18 SPCS","PAYLOAD C","2013-037C","EARTH","TEME","UTC","SGP4","2013-11-29T02:42:06.241536","14.95138599","0.00326870","97.6915","348.5370","321.2981","38.5914","0","U","39210","999","1967","0.00004938500000","0.00000488","0.0000000000000","6960.084","96.312","604.699","559.198","PAYLOAD","LARGE","PRC","2013-07-19","TSC","","1589713","94478798","0 PAYLOAD C","1 39210U 13037C   13333.11257224  .00000488  00000-0  49385-4 0  9999","2 39210 097.6915 348.5370 0032687 321.2981 038.5914 14.95138599 19673"
"2.0","GENERATED VIA SPACE-TRACK.ORG API","2013-11-29T06:28:38","18 SPCS","PAYLOAD A","2013-037A","EARTH","TEME","UTC","SGP4","2013-11-29T02:49:51.313728","14.67943485","0.00078570","98.0519","348.7055","316.9162","43.1444","0","U","39208","999","1939","0.00004460800000","0.00000207","0.0000000000000","7045.782","98.096","673.183","662.111","PAYLOAD","LARGE","PRC","2013-07-19","TSC","","1589646","94477177","0 PAYLOAD A","1 39208U 13037A   13333.11795502  .00000207  00000-0  44608-4 0  9994","2 39208 098.0519 348.7055 0007857 316.9162 043.1444 14.67943485 19396"
"2.0","GENERATED VIA SPACE-TRACK.ORG API","2013-11-29T07:21:04","18 SPCS","PAYLOAD B","2013-037B","EARTH","TEME","UTC","SGP4","2013-11-29T03:00:04.659551","14.67299536","0.00036770","98.0516","348.5365","314.4691","45.6223","0","U","39209","999","1937","0.00005444800000","0.00000259","0.0000000000000","7047.843","98.139","672.300","667.117","PAYLOAD","LARGE","PRC","2013-07-19","TSC","","1589712","94478769","0 PAYLOAD B","1 39209U 13037B   13333.12505393  .00000259  00000-0  54448-4 0  9993","2 39209 098.0516 348.5365 0003677 314.4691 045.6223 14.67299536 19373"
"2.0","GENERATED VIA SPACE-TRACK.ORG API","2013-11-29T15:55:43","18 SPCS","PAYLOAD C","2013-037C","EARTH","TEME","UTC","SGP4","2013-11-29T10:43:57.695520","14.95139229","0.00326450","97.6916","348.8652","320.1702","39.7134","0","U","39210","999","1972","0.00005161800000","0.00000513","0.0000000000000","6960.082","96.312","604.668","559.225","PAYLOAD","LARGE","PRC","2013-07-19","TSC","","1589861","94482107","0 PAYLOAD C","1 39210U 13037C   13333.44719555  .00000513  00000-0  51618-4 0  9996","2 39210 097.6916 348.8652 0032645 320.1702 039.7134 14.95139229 19727"
"2.0","GENERATED VIA SPACE-TRACK.ORG API","2013-11-29T14:31:42","18 SPCS","PAYLOAD A","2013-037A","EARTH","TEME","UTC","SGP4","2013-11-29T11:00:37.859328","14.67943680","0.00078460","98.0521","349.0408","315.8228","44.2358","0","U","39208","999","1944","0.00004341600000","0.00000200","0.0000000000000","7045.781","98.096","673.174","662.118","PAYLOAD","LARGE","PRC","2013-07-19","TSC","","1589757","94479632","0 PAYLOAD A","1 39208U 13037A   13333.45877152  .00000200  00000-0  43416-4 0  9992","2 39208 098.0521 349.0408 0007846 315.8228 044.2358 14.67943680 19443"
"2.0","GENERATED VIA SPACE-TRACK.ORG API","2013-11-29T15:53:38","18 SPCS","PAYLOAD B","2013-037B","EARTH","TEME","UTC","SGP4","2013-11-29T11:11:04.134048","14.67299829","0.00036370","98.0517","348.8716","313.2554","46.8353","0","U","39209","999","1942","0.00005553000000","0.00000265","0.0000000000000","7047.842","98.139","672.271","667.144","PAYLOAD","LARGE","PRC","2013-07-19","TSC","","1589858","94482051","0 PAYLOAD B","1 39209U 13037B   13333.46602007  .00000265  00000-0  55530-4 0  9990","2 39209 098.0517 348.8716 0003637 313.2554 046.8353 14.67299829 19426"
"2.0","GENERATED VIA SPACE-TRACK.ORG API","2013-11-29T22:45:40","18 SPCS","PAYLOAD A","2013-037A","EARTH","TEME","UTC","SGP4","2013-11-29T17:33:15.100991","14.67943840","0.00078480","98.0521","349.3090","314.9640","45.0929","0","U","39208","999","1948","0.00004419500000","0.00000205","0.0000000000000","7045.781","98.096","673.175","662.116","PAYLOAD","LARGE","PRC","2013-07-19","TSC","","1589954","94483183","0 PAYLOAD A","1 39208U 13037A   13333.73142478  .00000205  00000-0  44195-4 0  9999","2 39208 098.0521 349.3090 0007848 314.9640 045.0929 14.67943840 19488"
"2.0","GENERATED VIA SPACE-TRACK.ORG API","2013-11-30T00:52:52","18 SPCS","PAYLOAD C","2013-037C","EARTH","TEME","UTC","SGP4","2013-11-29T18:45:49.163328","14.95139757","0.00326160","97.6915","349.1933","319.0382","40.8387","0","U","39210","999","1977","0.00005743600000","0.00000577","0.0000000000000","6960.080","96.312","604.646","559.244","PAYLOAD","LARGE","PRC","2013-07-19","TSC","","1590072","94485266","0 PAYLOAD C","1 39210U 13037C   13333.78181902  .00000577  00000-0  57436-4 0  9996","2 39210 097.6915 349.1933 0032616 319.0382 040.8387 14.95139757 19775"
"2.0","GENERATED VIA SPACE-TRACK.ORG API","2013-11-30T00:52:35","18 SPCS","PAYLOAD B","2013-037B","EARTH","TEME","UTC","SGP4","2013-11-29T19:22:03.621503","14.67299776","0.00036010","98.0519","349.2066","312.2363","47.8523","0","U","39209","999","1947","0.00005070800000","0.00000238","0.0000000000000","7047.842","98.139","672.245","667.170","PAYLOAD","LARGE","PRC","2013-07-19","TSC","","1590071","94485220","0 PAYLOAD B","1 39209U 13037B   13333.80698636  .00000238  00000-0  50708-4 0  9993","2 39209 098.0519 349.2066 0003601 312.2363 047.8523 14.67299776 19475"
"2.0","GENERATED VIA SPACE-TRACK.ORG API","2013-11-30T06:43:15","18 SPCS","PAYLOAD A","2013-037A","EARTH","TEME","UTC","SGP4","2013-11-30T01:44:01.796927","14.67942588","0.00077510","98.0523","349.6440","313.5113","46.5447","0","U","39208","999","1953","0.00001020200000","0.00000010","0.0000000000000","7045.785","98.096","673.111","662.189","PAYLOAD","LARGE","PRC","2013-07-19","TSC","","1590247","94486026","0 PAYLOAD A","1 39208U 13037A   13334.07224302  .00000010  00000-0  10202-4 0  9990","2 39208 098.0523 349.6440 0007751 313.5113 046.5447 14.67942588 19530"
"2.0","GENERATED VIA SPACE-TRACK.ORG API","2013-11-30T08:33:48","18 SPCS","PAYLOAD B","2013-037B","EARTH","TEME","UTC","SGP4","2013-11-30T03:33:03.126240","14.67300164","0.00035880","98.0518","349.5414","310.3375","49.7534","0","U","39209","999","1952","0.00005256900000","0.00000249","0.0000000000000","7047.841","98.139","672.235","667.177","PAYLOAD","LARGE","PRC","2013-07-19","TSC","","1590327","94487926","0 PAYLOAD B","1 39209U 13037B   13334.14795285  .00000249  00000-0  52569-4 0  9998","2 39209 098.0518 349.5414 0003588 310.3375 049.7534 14.67300164 19523"
"2.0","GENERATED VIA SPACE-TRACK.ORG API","2013-11-30T08:34:06","18 SPCS","PAYLOAD C","2013-037C","EARTH","TEME","UTC","SGP4","2013-11-30T04:24:02.890655","14.95141027","0.00325740","97.6913","349.5871","317.6838","42.1886","0","U","39210","999","1983","0.00006749500000","0.00000689","0.0000000000000","6960.076","96.311","604.613","559.269","PAYLOAD","LARGE","PRC","2013-07-19","TSC","","1590328","94487955","0 PAYLOAD C","1 39210U 13037C   13334.18336679  .00000689  00000-0  67495-4 0  9994","2 39210 097.6913 349.5871 0032574 317.6838 042.1886 14.95141027 19830"
"2.0","GENERATED VIA SPACE-TRACK.ORG API","2013-11-30T14:32:27","18 SPCS","PAYLOAD A","2013-037A","EARTH","TEME","UTC","SGP4","2013-11-30T11:32:57.693120","14.67942870","0.00077500","98.0524","350.0464","312.3116","47.7433","0","U","39208","999","1959","0.00001727700000","0.00000051","0.0000000000000","7045.784","98.096","673.109","662.188","PAYLOAD","LARGE","PRC","2013-07-19","TSC","","1590364","94488675","0 PAYLOAD A","1 39208U 13037A   13334.48122330  .00000051  00000-0  17277-4 0  9997","2 39208 098.0524 350.0464 0007750 312.3116 047.7433 14.67942870 19590"
"2.0","GENERATED VIA SPACE-TRACK.ORG API","2013-11-30T15:44:26","18 SPCS","PAYLOAD B","2013-037B","EARTH","TEME","UTC","SGP4","2013-11-30T11:44:02.561855","14.67300666","0.00035760","98.0518","349.8767","309.3381","50.7512","0","U","39209","999","1957","0.00006025800000","0.00000292","0.0000000000000","7047.840","98.139","672.225","667.184","PAYLOAD","LARGE","PRC","2013-07-19","TSC","","1590441","94490577","0 PAYLOAD B","1 39209U 13037B   13334.48891854  .00000292  00000-0  60258-4 0  9996","2 39209 098.0518 349.8767 0003576 309.3381 050.7512 14.67300666 19579"
"2.0","GENERATED VIA SPACE-TRACK.ORG API","2013-11-30T15:46:07","18 SPCS","PAYLOAD C","2013-037C","EARTH","TEME","UTC","SGP4","2013-11-30T12:25:54.299712","14.95141732","0.00325470","97.6913","349.9154","316.5116","43.3548","0","U","39210","999","1988","0.00006891400000","0.00000705","0.0000000000000","6960.074","96.311","604.592","559.286","PAYLOAD","LARGE","PRC","2013-07-19","TSC","","1590444","94490617","0 PAYLOAD C","1 39210U 13037C   13334.51798958  .00000705  00000-0  68914-4 0  9999","2 39210 097.6913 349.9154 0032547 316.5116 043.3548 14.95141732 19881"
"2.0","GENERATED VIA SPACE-TRACK.ORG API","2013-11-30T22:30:01","18 SPCS","PAYLOAD A","2013-037A","EARTH","TEME","UTC","SGP4","2013-11-30T19:43:44.293152","14.67943179","0.00077340","98.0519","350.3813","310.6571","49.3996","0","U","39208","999","1964","0.00002192400000","0.00000077","0.0000000000000","7045.783","98.096","673.097","662.199","PAYLOAD","LARGE","PRC","2013-07-19","TSC","","1590516","94491617","0 PAYLOAD A","1 39208U 13037A   13334.82204043  .00000077  00000-0  21924-4 0  9999","2 39208 098.0519 350.3813 0007734 310.6571 049.3996 14.67943179 19644"
"2.0","GENERATED VIA SPACE-TRACK.ORG API","2013-11-30T23:37:22","18 SPCS","PAYLOAD B","2013-037B","EARTH","TEME","UTC","SGP4","2013-11-30T19:55:02.032895","14.67300722","0.00035960","98.0517","350.2115","307.7091","52.3780","0","U","39209","999","1962","0.00005856700000","0.00000283","0.0000000000000","7047.839","98.139","672.239","667.170","PAYLOAD","LARGE","PRC","2013-07-19","TSC","","1590616","94493682","0 PAYLOAD B","1 39209U 13037B   13334.82988464  .00000283  00000-0  58567-4 0  9998","2 39209 098.0517 350.2115 0003596 307.7091 052.3780 14.67300722 19627"
"2.0","GENERATED VIA SPACE-TRACK.ORG API","2013-11-30T23:39:01","18 SPCS","PAYLOAD C","2013-037C","EARTH","TEME","UTC","SGP4","2013-11-30T20:27:45.733823","14.95142185","0.00325380","97.6913","350.2435","315.4402","44.4197","0","U","39210","999","1993","0.00007022600000","0.00000719","0.0000000000000","6960.072","96.311","604.584","559.291","PAYLOAD","LARGE","PRC","2013-07-19","TSC","","1590620","94493728","0 PAYLOAD C","1 39210U 13037C   13334.85261266  .00000719  00000-0  70226-4 0  9997","2 39210 097.6913 350.2435 0032538 315.4402 044.4197 14.95142185 19935"
"2.0","GENERATED VIA SPACE-TRACK.ORG API","2013-12-01T07:13:33","18 SPCS","PAYLOAD B","2013-037B","EARTH","TEME","UTC","SGP4","2013-12-01T02:27:49.608000","14.67301167","0.00036140","98.0517","350.4794","306.7488","53.3396","0","U","39209","999","1966","0.00006323400000","0.00000309","0.0000000000000","7047.838","98.139","672.250","667.156","PAYLOAD","LARGE","PRC","2013-07-19","TSC","","1590848","94495987","0 PAYLOAD B","1 39209U 13037B   13335.10265750  .00000309  00000-0  63234-4 0  9992","2 39209 098.0517 350.4794 0003614 306.7488 053.3396 14.67301167 19664"
"2.0","GENERATED VIA SPACE-TRACK.ORG API","2013-12-01T06:23:29","18 SPCS","PAYLOAD A","2013-037A","EARTH","TEME","UTC","SGP4","2013-12-01T03:54:30.805920","14.67944117","0.00078010","98.0518","350.7169","309.4312","50.6244","0","U","39208","999","1969","0.00004385900000","0.00000203","0.0000000000000","7045.780","98.096","673.141","662.148","PAYLOAD","LARGE","PRC","2013-07-19","TSC","","1590784","94494483","0 PAYLOAD A","1 39208U 13037A   13335.16285655  .00000203  00000-0  43859-4 0  9997","2 39208 098.0518 350.7169 0007801 309.4312 050.6244 14.67944117 19694"
"2.0","GENERATED VIA SPACE-TRACK.ORG API","2013-12-01T07:14:12","18 SPCS","PAYLOAD C","2013-037C","EARTH","TEME","UTC","SGP4","2013-12-01T04:29:37.137696","14.95143517","0.00324760","97.6911","350.5719","314.3053","45.5521","0","U","39210","999","1998","0.00008292500000","0.00000860","0.0000000000000","6960.068","96.311","604.537","559.330","PAYLOAD","LARGE","PRC","2013-07-19","TSC","","1590849","94496006","0 PAYLOAD C","1 39210U 13037C   13335.18723539  .00000860  00000-0  82925-4 0  9996","2 39210 097.6911 350.5719 0032476 314.3053 045.5521 14.95143517 19980"
"2.0","GENERATED VIA SPACE-TRACK.ORG API","2013-12-01T14:32:56","18 SPCS","PAYLOAD A","2013-037A","EARTH","TEME","UTC","SGP4","2013-12-01T10:27:07.949951","14.67945279","0.00077380","98.0518","350.9850","308.8627","51.1907","0","U","39208","999","1973","0.00007364900000","0.00000373","0.0000000000000","7045.776","98.096","673.093","662.189","PAYLOAD","LARGE","PRC","2013-07-19","TSC","","1590900","94496639","0 PAYLOAD A","1 39208U 13037A   13335.43550868  .00000373  00000-0  73649-4 0  9996","2 39208 098.0518 350.9850 0007738 308.8627 051.1907 14.67945279 19731"
"2.0","GENERATED VIA SPACE-TRACK.ORG API","2013-12-01T16:06:35","18 SPCS","PAYLOAD B","2013-037B","EARTH","TEME","UTC","SGP4","2013-12-01T10:38:49.045343","14.67301496","0.00035940","98.0518","350.8143","305.7121","54.3754","0","U","39209","999","1971","0.00006304200000","0.00000308","0.0000000000000","7047.837","98.139","672.235","667.169","PAYLOAD","LARGE","PRC","2013-07-19","TSC","","1590996","94498947","0 PAYLOAD B","1 39209U 13037B   13335.44362321  .00000308  00000-0  63042-4 0  9997","2 39209 098.0518 350.8143 0003594 305.7121 054.3754 14.67301496 19717"
"2.0","GENERATED VIA SPACE-TRACK.ORG API","2013-12-01T16:07:19","18 SPCS","PAYLOAD C","2013-037C","EARTH","TEME","UTC","SGP4","2013-12-01T12:31:28.515647","14.95144895","0.00324640","97.6908","350.8993","313.2732","46.5815","0","U","39210","999","2003","0.00009264400000","0.00000968","0.0000000000000","6960.064","96.311","604.524","559.334","PAYLOAD","LARGE","PRC","2013-07-19","TSC","","1590997","94498974","0 PAYLOAD C","1 39210U 13037C   13335.52185782  .00000968  00000-0  92644-4 0  9994","2 39210 097.6908 350.8993 0032464 313.2732 046.5815 14.95144895 20037"
"2.0","GENERATED VIA SPACE-TRACK.ORG API","2013-12-01T22:31:07","18 SPCS","PAYLOAD A","2013-037A","EARTH","TEME","UTC","SGP4","2013-12-01T18:37:54.452352","14.67945104","0.00077280","98.0516","351.3198","307.3476","52.7002","0","U","39208","999","1978","0.00006317900000","0.00000313","0.0000000000000","7045.777","98.096","673.087","662.197","PAYLOAD","LARGE","PRC","2013-07-19","TSC","","1591126","94500118","0 PAYLOAD A","1 39208U 13037A   13335.77632468  .00000313  00000-0  63179-4 0  9991","2 39208 098.0516 351.3198 0007728 307.3476 052.7002 14.67945104 19789"
"2.0","GENERATED VIA SPACE-TRACK.ORG API","2013-12-01T23:55:54","18 SPCS","PAYLOAD B","2013-037B","EARTH","TEME","UTC","SGP4","2013-12-01T18:49:48.518976","14.67301236","0.00035530","98.0516","351.1491","304.1029","55.9822","0","U","39209","999","1976","0.00005364800000","0.00000255","0.0000000000000","7047.838","98.139","672.207","667.199","PAYLOAD","LARGE","PRC","2013-07-19","TSC","","1591242","94502665","0 PAYLOAD B","1 39209U 13037B   13335.78458934  .00000255  00000-0  53648-4 0  9992","2 39209 098.0516 351.1491 0003553 304.1029 055.9822 14.67301236 19760"
"2.0","GENERATED VIA SPACE-TRACK.ORG API","2013-12-01T23:56:15","18 SPCS","PAYLOAD C","2013-037C","EARTH","TEME","UTC","SGP4","2013-12-01T20:33:19.903103","14.95145011","0.00323100","97.6909","351.2275","312.0727","47.7745","0","U","39210","999","2008","0.00008866400000","0.00000924","0.0000000000000","6960.064","96.311","604.417","559.441","PAYLOAD","LARGE","PRC","2013-07-19","TSC","","1591243","94502703","0 PAYLOAD C","1 39210U 13037C   13335.85648036  .00000924  00000-0  88664-4 0  9995","2 39210 097.6909 351.2275 0032310 312.0727 047.7745 14.95145011 20088"
"2.0","GENERATED VIA SPACE-TRACK.ORG API","2013-12-02T06:26:20","18 SPCS","PAYLOAD A","2013-037A","EARTH","TEME","UTC","SGP4","2013-12-02T02:48:41.036831","14.67945126","0.00077070","98.0517","351.6550","306.2568","53.7920","0","U","39208","999","1983","0.00005587100000","0.00000271","0.0000000000000","7045.777","98.096","673.072","662.212","PAYLOAD","LARGE","PRC","2013-07-19","TSC","","1591363","94503491","0 PAYLOAD A","1 39208U 13037A   13336.11714163  .00000271  00000-0  55871-4 0  9996","2 39208 098.0517 351.6550 0007707 306.2568 053.7920 14.67945126 19832"
"2.0","GENERATED VIA SPACE-TRACK.ORG API","2013-12-02T07:21:29","18 SPCS","PAYLOAD B","2013-037B","EARTH","TEME","UTC","SGP4","2013-12-02T03:00:47.965823","14.67301975","0.00035690","98.0515","351.4843","302.3673","57.7193","0","U","39209","999","1981","0.00006795200000","0.00000335","0.0000000000000","7047.835","98.139","672.216","667.185","PAYLOAD","LARGE","PRC","2013-07-19","TSC","","1591434","94505143","0 PAYLOAD B","1 39209U 13037B   13336.12555516  .00000335  00000-0  67952-4 0  9997","2 39209 098.0515 351.4843 0003569 302.3673 057.7193 14.67301975 19812"
"2.0","GENERATED VIA SPACE-TRACK.ORG API","2013-12-02T07:23:54","18 SPCS","PAYLOAD C","2013-037C","EARTH","TEME","UTC","SGP4","2013-12-02T04:35:11.225760","14.95146354","0.00323490","97.6909","351.5555","310.9275","48.9145","0","U","39210","999","2013","0.00009834100000","0.00001031","0.0000000000000","6960.059","96.311","604.440","559.409","PAYLOAD","LARGE","PRC","2013-07-19","TSC","","1591435","94505169","0 PAYLOAD C","1 39210U 13037C   13336.19110215  .00001031  00000-0  98341-4 0  9999","2 39210 097.6909 351.5555 0032349 310.9275 048.9145 14.95146354 20133"
"2.0","GENERATED VIA SPACE-TRACK.ORG API","2013-12-02T14:28:29","18 SPCS","PAYLOAD A","2013-037A","EARTH","TEME","UTC","SGP4","2013-12-02T10:59:27.584160","14.67946314","0.00077090","98.0516","351.9902","305.0590","54.9935","0","U","39208","999","1988","0.00008438600000","0.00000435","0.0000000000000","7045.773","98.096","673.069","662.206","PAYLOAD","LARGE","PRC","2013-07-19","TSC","","1591469","94505847","0 PAYLOAD A","1 39208U 13037A   13336.45795815  .00000435  00000-0  84386-4 0  9991","2 39208 098.0516 351.9902 0007709 305.0590 054.9935 14.67946314 19883"
"2.0","GENERATED VIA SPACE-TRACK.ORG API","2013-12-02T15:40:40","18 SPCS","PAYLOAD C","2013-037C","EARTH","TEME","UTC","SGP4","2013-12-02T11:00:40.302720","14.95147241","0.00323250","97.6908","351.8179","310.0466","49.7927","0","U","39210","999","2017","0.00010246000000","0.00001077","0.0000000000000","6960.057","96.311","604.420","559.423","PAYLOAD","LARGE","PRC","2013-07-19","TSC","","1591562","94507970","0 PAYLOAD C","1 39210U 13037C   13336.45879980  .00001077  00000-0  10246-3 0  9996","2 39210 097.6908 351.8179 0032325 310.0466 049.7927 14.95147241 20171"
"2.0","GENERATED VIA SPACE-TRACK.ORG API","2013-12-02T15:39:09","18 SPCS","PAYLOAD B","2013-037B","EARTH","TEME","UTC","SGP4","2013-12-02T11:11:47.386751","14.67302854","0.00035350","98.0515","351.8192","301.3946","58.6925","0","U","39209","999","1986","0.00008794800000","0.00000448","0.0000000000000","7047.833","98.139","672.189","667.206","PAYLOAD","LARGE","PRC","2013-07-19","TSC","","1591560","94507921","0 PAYLOAD B","1 39209U 13037B   13336.46652068  .00000448  00000-0  87948-4 0  9996","2 39209 098.0515 351.8192 0003535 301.3946 058.6925 14.67302854 19863"
"2.0","GENERATED VIA SPACE-TRACK.ORG API","2013-12-02T22:29:17","18 SPCS","PAYLOAD A","2013-037A","EARTH","TEME","UTC","SGP4","2013-12-02T19:10:14.054591","14.67945608","0.00076870","98.0509","352.3252","304.0398","56.0040","0","U","39208","999","1993","0.00005599500000","0.00000272","0.0000000000000","7045.775","98.096","673.056","662.224","PAYLOAD","LARGE","PRC","2013-07-19","TSC","","1591713","94509073","0 PAYLOAD A","1 39208U 13037A   13336.79877378  .00000272  00000-0  55995-4 0  9996","2 39208 098.0509 352.3252 0007687 304.0398 056.0040 14.67945608 19939"
"2.0","GENERATED VIA SPACE-TRACK.ORG API","2013-12-02T23:44:54","18 SPCS","PAYLOAD B","2013-037B","EARTH","TEME","UTC","SGP4","2013-12-02T19:22:46.826687","14.67302654","0.00035210","98.0513","352.1545","299.6950","60.3900","0","U","39209","999","1991","0.00007372400000","0.00000368","0.0000000000000","7047.833","98.139","672.180","667.217","PAYLOAD","LARGE","PRC","2013-07-19","TSC","","1591809","94511363","0 PAYLOAD B","1 39209U 13037B   13336.80748642  .00000368  00000-0  73724-4 0  9996","2 39209 098.0513 352.1545 0003521 299.6950 060.3900 14.67302654 19913"
"2.0","GENERATED VIA SPACE-TRACK.ORG API","2013-12-02T23:46:22","18 SPCS","PAYLOAD C","2013-037C","EARTH","TEME","UTC","SGP4","2013-12-02T20:38:53.929823","14.95147879","0.00322590","97.6908","352.2118","308.6079","51.2259","0","U","39210","999","2023","0.00010160000000","0.00001067","0.0000000000000","6960.055","96.311","604.372","559.467","PAYLOAD","LARGE","PRC","2013-07-19","TSC","","1591810","94511379","0 PAYLOAD C","1 39210U 13037C   13336.86034641  .00001067  00000-0  10160-3 0  9992","2 39210 097.6908 352.2118 0032259 308.6079 051.2259 14.95147879 20238"
"2.0","GENERATED VIA SPACE-TRACK.ORG API","2013-12-03T06:27:07","18 SPCS","PAYLOAD A","2013-037A","EARTH","TEME","UTC","SGP4","2013-12-03T03:21:00.650303","14.67945680","0.00076770","98.0510","352.6603","302.9461","57.1002","0","U","39208","999","1998","0.00005019200000","0.00000239","0.0000000000000","7045.775","98.096","673.049","662.231","PAYLOAD","LARGE","PRC","2013-07-19","TSC","","1591934","94512182","0 PAYLOAD A","1 39208U 13037A   13337.13959086  .00000239  00000-0  50192-4 0  9999","2 39208 098.0510 352.6603 0007677 302.9461 057.1002 14.67945680 19986"
"2.0","GENERATED VIA SPACE-TRACK.ORG API","2013-12-03T07:22:48","18 SPCS","PAYLOAD B","2013-037B","EARTH","TEME","UTC","SGP4","2013-12-03T03:33:46.253664","14.67303345","0.00035480","98.0511","352.4896","298.1727","61.9138","0","U","39209","999","1996","0.00008385600000","0.00000425","0.0000000000000","7047.831","98.139","672.197","667.195","PAYLOAD","LARGE","PRC","2013-07-19","TSC","","1592004","94513830","0 PAYLOAD B","1 39209U 13037B   13337.14845201  .00000425  00000-0  83856-4 0  9994","2 39209 098.0511 352.4896 0003548 298.1727 061.9138 14.67303345 19961"
"2.0","GENERATED VIA SPACE-TRACK.ORG API","2013-12-03T07:24:11","18 SPCS","PAYLOAD C","2013-037C","EARTH","TEME","UTC","SGP4","2013-12-03T04:40:45.204960","14.95149129","0.00322470","97.6906","352.5401","307.5005","52.3283","0","U","39210","999","2028","0.00010724000000","0.00001130","0.0000000000000","6960.051","96.311","604.360","559.472","PAYLOAD","LARGE","PRC","2013-07-19","TSC","","1592007","94513856","0 PAYLOAD C","1 39210U 13037C   13337.19496765  .00001130  00000-0  10724-3 0  9995","2 39210 097.6906 352.5401 0032247 307.5005 052.3283 14.95149129 20282"
"2.0","GENERATED VIA SPACE-TRACK.ORG API","2013-12-03T15:34:54","18 SPCS","PAYLOAD B","2013-037B","EARTH","TEME","UTC","SGP4","2013-12-03T10:06:33.744096","14.67303871","0.00035240","98.0512","352.7578","297.3276","62.7570","0","U","39209","999","2000","0.00009269600000","0.00000475","0.0000000000000","7047.829","98.139","672.178","667.211","PAYLOAD","LARGE","PRC","2013-07-19","TSC","","1592123","94516582","0 PAYLOAD B","1 39209U 13037B   13337.42122389  .00000475  00000-0  92696-4 0  9997","2 39209 098.0512 352.7578 0003524 297.3276 062.7570 14.67303871 20006"
"2.0","GENERATED VIA SPACE-TRACK.ORG API","2013-12-03T15:36:23","18 SPCS","PAYLOAD C","2013-037C","EARTH","TEME","UTC","SGP4","2013-12-03T11:06:14.228351","14.95150576","0.00321270","97.6904","352.8023","306.5706","53.2581","0","U","39210","999","2032","0.00011857000000","0.00001255","0.0000000000000","6960.046","96.311","604.272","559.551","PAYLOAD","LARGE","PRC","2013-07-19","TSC","","1592126","94516654","0 PAYLOAD C","1 39210U 13037C   13337.46266468  .00001255  00000-0  11857-3 0  9996","2 39210 097.6904 352.8023 0032127 306.5706 053.2581 14.95150576 20321"
"2.0","GENERATED VIA SPACE-TRACK.ORG API","2013-12-03T14:26:35","18 SPCS","PAYLOAD A","2013-037A","EARTH","TEME","UTC","SGP4","2013-12-03T11:31:47.183808","14.67946419","0.00076740","98.0509","352.9954","301.8894","58.1585","0","U","39208","999","2003","0.00006725800000","0.00000337","0.0000000000000","7045.773","98.096","673.044","662.231","PAYLOAD","LARGE","PRC","2013-07-19","TSC","","1592038","94514534","0 PAYLOAD A","1 39208U 13037A   13337.48040722  .00000337  00000-0  67258-4 0  9995","2 39208 098.0509 352.9954 0007674 301.8894 058.1585 14.67946419 20037"
"2.0","GENERATED VIA SPACE-TRACK.ORG API","2013-12-03T15:00:03","18 SPCS","PAYLOAD A","2013-037A","EARTH","TEME","UTC","SGP4","2013-12-03T13:09:56.453183","14.67946369","0.00076690","98.0510","353.0625","301.8542","58.1905","0","U","39208","999","2004","0.00006622600000","0.00000331","0.0000000000000","7045.773","98.096","673.041","662.234","PAYLOAD","LARGE","PRC","2013-07-19","TSC","","1592082","94515587","0 PAYLOAD A","1 39208U 13037A   13337.54857006  .00000331  00000-0  66226-4 0  9991","2 39208 098.0510 353.0625 0007669 301.8542 058.1905 14.67946369 20041"
"2.0","GENERATED VIA SPACE-TRACK.ORG API","2013-12-03T23:38:07","18 SPCS","PAYLOAD B","2013-037B","EARTH","TEME","UTC","SGP4","2013-12-03T18:17:33.194400","14.67303373","0.00035580","98.0509","353.0920","295.6442","64.4389","0","U","39209","999","2005","0.00006634100000","0.00000326","0.0000000000000","7047.831","98.139","672.204","667.188","PAYLOAD","LARGE","PRC","2013-07-19","TSC","","1592345","94519696","0 PAYLOAD B","1 39209U 13037B   13337.76218975  .00000326  00000-0  66341-4 0  9994","2 39209 098.0509 353.0920 0003558 295.6442 064.4389 14.67303373 20059"
"2.0","GENERATED VIA SPACE-TRACK.ORG API","2013-12-03T23:39:19","18 SPCS","PAYLOAD C","2013-037C","EARTH","TEME","UTC","SGP4","2013-12-03T20:44:27.738816","14.95151807","0.00321260","97.6900","353.1959","305.2397","54.5817","0","U","39210","999","2038","0.00012637000000","0.00001342","0.0000000000000","6960.043","96.311","604.267","559.548","PAYLOAD","LARGE","PRC","2013-07-19","TSC","","1592347","94519740","0 PAYLOAD C","1 39210U 13037C   13337.86420994  .00001342  00000-0  12637-3 0  9990","2 39210 097.6900 353.1959 0032126 305.2397 054.5817 14.95151807 20380"
"2.0","GENERATED VIA SPACE-TRACK.ORG API","2013-12-03T22:26:48","18 SPCS","PAYLOAD A","2013-037A","EARTH","TEME","UTC","SGP4","2013-12-03T21:20:43.016927","14.67945751","0.00076640","98.0507","353.3975","300.5389","59.5050","0","U","39208","999","2009","0.00003406800000","0.00000147","0.0000000000000","7045.775","98.096","673.040","662.240","PAYLOAD","LARGE","PRC","2013-07-19","TSC","","1592250","94517660","0 PAYLOAD A","1 39208U 13037A   13337.88938677  .00000147  00000-0  34068-4 0  9996","2 39208 098.0507 353.3975 0007664 300.5389 059.5050 14.67945751 20093"
"2.0","GENERATED VIA SPACE-TRACK.ORG API","2013-12-04T07:31:36","18 SPCS","PAYLOAD C","2013-037C","EARTH","TEME","UTC","SGP4","2013-12-04T03:09:56.710368","14.95153075","0.00321380","97.6899","353.4583","304.3613","55.4570","0","U","39210","999","2042","0.00013312000000","0.00001417","0.0000000000000","6960.039","96.311","604.272","559.535","PAYLOAD","LARGE","PRC","2013-07-19","TSC","","1592544","94522529","0 PAYLOAD C","1 39210U 13037C   13338.13190637  .00001417  00000-0  13312-3 0  9993","2 39210 097.6899 353.4583 0032138 304.3613 055.4570 14.95153075 20427"
"2.0","GENERATED VIA SPACE-TRACK.ORG API","2013-12-04T06:28:15","18 SPCS","PAYLOAD A","2013-037A","EARTH","TEME","UTC","SGP4","2013-12-04T03:53:20.258592","14.67945766","0.00076580","98.0507","353.6656","299.6693","60.3747","0","U","39208","999","2013","0.00003024600000","0.00000125","0.0000000000000","7045.775","98.096","673.035","662.244","PAYLOAD","LARGE","PRC","2013-07-19","TSC","","1592462","94520539","0 PAYLOAD A","1 39208U 13037A   13338.16204003  .00000125  00000-0  30246-4 0  9997","2 39208 098.0507 353.6656 0007658 299.6693 060.3747 14.67945766 20135"
"2.0","GENERATED VIA SPACE-TRACK.ORG API","2013-12-04T07:29:56","18 SPCS","PAYLOAD B","2013-037B","EARTH","TEME","UTC","SGP4","2013-12-04T04:06:44.473248","14.67304409","0.00035770","98.0504","353.4936","294.3207","65.7633","0","U","39209","999","2011","0.00008857700000","0.00000452","0.0000000000000","7047.828","98.139","672.214","667.172","PAYLOAD","LARGE","PRC","2013-07-19","TSC","","1592542","94522490","0 PAYLOAD B","1 39209U 13037B   13338.17134807  .00000452  00000-0  88577-4 0  9996","2 39209 098.0504 353.4936 0003577 294.3207 065.7633 14.67304409 20115"
"2.0","GENERATED VIA SPACE-TRACK.ORG API","2013-12-04T15:32:38","18 SPCS","PAYLOAD C","2013-037C","EARTH","TEME","UTC","SGP4","2013-12-04T11:11:47.925887","14.95154691","0.00320620","97.6899","353.7865","303.2184","56.5981","0","U","39210","999","2047","0.00014349000000","0.00001532","0.0000000000000","6960.034","96.311","604.214","559.583","PAYLOAD","LARGE","PRC","2013-07-19","TSC","","1592677","94525227","0 PAYLOAD C","1 39210U 13037C   13338.46652692  .00001532  00000-0  14349-3 0  9992","2 39210 097.6899 353.7865 0032062 303.2184 056.5981 14.95154691 20478"
"2.0","GENERATED VIA SPACE-TRACK.ORG API","2013-12-04T14:26:19","18 SPCS","PAYLOAD A","2013-037A","EARTH","TEME","UTC","SGP4","2013-12-04T12:04:06.792959","14.67946139","0.00076310","98.0506","354.0007","298.3228","61.7227","0","U","39208","999","2018","0.00003331100000","0.00000142","0.0000000000000","7045.773","98.096","673.015","662.262","PAYLOAD","LARGE","PRC","2013-07-19","TSC","","1592594","94523225","0 PAYLOAD A","1 39208U 13037A   13338.50285640  .00000142  00000-0  33311-4 0  9996","2 39208 098.0506 354.0007 0007631 298.3228 061.7227 14.67946139 20188"
"2.0","GENERATED VIA SPACE-TRACK.ORG API","2013-12-04T15:31:04","18 SPCS","PAYLOAD B","2013-037B","EARTH","TEME","UTC","SGP4","2013-12-04T12:17:43.851839","14.67304913","0.00035590","98.0503","353.8287","293.3734","66.7098","0","U","39209","999","2016","0.00009353900000","0.00000480","0.0000000000000","7047.826","98.139","672.199","667.183","PAYLOAD","LARGE","PRC","2013-07-19","TSC","","1592675","94525155","0 PAYLOAD B","1 39209U 13037B   13338.51231310  .00000480  00000-0  93539-4 0  9996","2 39209 098.0503 353.8287 0003559 293.3734 066.7098 14.67304913 20162"
"2.0","GENERATED VIA SPACE-TRACK.ORG API","2013-12-04T14:58:21","18 SPCS","PAYLOAD A","2013-037A","EARTH","TEME","UTC","SGP4","2013-12-04T13:42:16.065791","14.67946149","0.00076630","98.0508","354.0678","298.5329","61.5097","0","U","39208","999","2019","0.00003336500000","0.00000143","0.0000000000000","7045.773","98.096","673.038","662.239","PAYLOAD","LARGE","PRC","2013-07-19","TSC","","1592637","94524235","0 PAYLOAD A","1 39208U 13037A   13338.57101928  .00000143  00000-0  33365-4 0  9999","2 39208 098.0508 354.0678 0007663 298.5329 061.5097 14.67946149 20198"
"2.0","GENERATED VIA SPACE-TRACK.ORG API","2013-12-04T23:51:37","18 SPCS","PAYLOAD C","2013-037C","EARTH","TEME","UTC","SGP4","2013-12-04T19:13:39.103391","14.95155721","0.00320680","97.6899","354.1149","302.1222","57.6874","0","U","39210","999","2052","0.00014776000000","0.00001579","0.0000000000000","6960.030","96.311","604.215","559.576","PAYLOAD","LARGE","PRC","2013-07-19","TSC","","1592872","94528726","0 PAYLOAD C","1 39210U 13037C   13338.80114703  .00001579  00000-0  14776-3 0  9991","2 39210 097.6899 354.1149 0032068 302.1222 057.6874 14.95155721 20529"
"2.0","GENERATED VIA SPACE-TRACK.ORG API","2013-12-04T22:31:02","18 SPCS","PAYLOAD A","2013-037A","EARTH","TEME","UTC","SGP4","2013-12-04T20:14:53.228832","14.67946330","0.00076480","98.0506","354.3364","296.6318","63.4104","0","U","39208","999","2023","0.00002283400000","0.00000082","0.0000000000000","7045.773","98.096","673.026","662.249","PAYLOAD","LARGE","PRC","2013-07-19","TSC","","1592768","94526321","0 PAYLOAD A","1 39208U 13037A   13338.84367163  .00000082  00000-0  22834-4 0  9995","2 39208 098.0506 354.3364 0007648 296.6318 063.4104 14.67946330 20238"
"2.0","GENERATED VIA SPACE-TRACK.ORG API","2013-12-04T23:50:04","18 SPCS","PAYLOAD B","2013-037B","EARTH","TEME","UTC","SGP4","2013-12-04T20:28:43.270176","14.67304451","0.00035440","98.0503","354.1635","291.4862","68.5950","0","U","39209","999","2021","0.00007074400000","0.00000351","0.0000000000000","7047.827","98.139","672.190","667.195","PAYLOAD","LARGE","PRC","2013-07-19","TSC","","1592870","94528672","0 PAYLOAD B","1 39209U 13037B   13338.85327859  .00000351  00000-0  70744-4 0  9997","2 39209 098.0503 354.1635 0003544 291.4862 068.5950 14.67304451 20218"
"2.0","GENERATED VIA SPACE-TRACK.ORG API","2013-12-05T07:24:18","18 SPCS","PAYLOAD C","2013-037C","EARTH","TEME","UTC","SGP4","2013-12-05T03:15:30.279168","14.95157118","0.00320290","97.6899","354.4428","300.9317","58.8759","0","U","39210","999","2057","0.00015062000000","0.00001611","0.0000000000000","6960.026","96.310","604.183","559.599","PAYLOAD","LARGE","PRC","2013-07-19","TSC","","1593053","94531255","0 PAYLOAD C","1 39210U 13037C   13339.13576712  .00001611  00000-0  15062-3 0  9996","2 39210 097.6899 354.4428 0032029 300.9317 058.8759 14.95157118 20572"
"2.0","GENERATED VIA SPACE-TRACK.ORG API","2013-12-05T06:25:28","18 SPCS","PAYLOAD A","2013-037A","EARTH","TEME","UTC","SGP4","2013-12-05T04:25:39.699264","14.67947850","0.00075860","98.0506","354.6719","295.8403","64.2022","0","U","39208","999","2028","0.00008258600000","0.00000424","0.0000000000000","7045.768","98.096","672.978","662.288","PAYLOAD","LARGE","PRC","2013-07-19","TSC","","1592979","94529473","0 PAYLOAD A","1 39208U 13037A   13339.18448726  .00000424  00000-0  82586-4 0  9998","2 39208 098.0506 354.6719 0007586 295.8403 064.2022 14.67947850 20283"
"2.0","GENERATED VIA SPACE-TRACK.ORG API","2013-12-05T07:22:40","18 SPCS","PAYLOAD B","2013-037B","EARTH","TEME","UTC","SGP4","2013-12-05T04:39:42.672960","14.67305208","0.00035670","98.0501","354.4982","290.1886","69.8942","0","U","39209","999","2026","0.00008696400000","0.00000443","0.0000000000000","7047.825","98.139","672.204","667.176","PAYLOAD","LARGE","PRC","2013-07-19","TSC","","1593051","94531219","0 PAYLOAD B","1 39209U 13037B   13339.19424390  .00000443  00000-0  86964-4 0  9996","2 39209 098.0501 354.4982 0003567 290.1886 069.8942 14.67305208 20262"
"2.0","GENERATED VIA SPACE-TRACK.ORG API","2013-12-05T10:55:33","18 SPCS","PAYLOAD B","2013-037B","EARTH","TEME","UTC","SGP4","2013-12-05T07:56:06.414719","14.67305415","0.00035770","98.0501","354.6323","290.3963","69.6854","0","U","39209","999","2028","0.00009017600000","0.00000461","0.0000000000000","7047.824","98.139","672.210","667.168","PAYLOAD","LARGE","PRC","2013-07-19","TSC","","1593065","94531430","0 PAYLOAD B","1 39209U 13037B   13339.33062980  .00000461  00000-0  90176-4 0  9995","2 39209 098.0501 354.6323 0003577 290.3963 069.6854 14.67305415 20284"
"2.0","GENERATED VIA SPACE-TRACK.ORG API","2013-12-05T10:55:33","18 SPCS","PAYLOAD C","2013-037C","EARTH","TEME","UTC","SGP4","2013-12-05T08:04:36.973055","14.95158473","0.00320250","97.6899","354.6397","300.2906","59.5164","0","U","39210","999","2060","0.00016541000000","0.00001775","0.0000000000000","6960.022","96.310","604.176","559.597","PAYLOAD","LARGE","PRC","2013-07-19","TSC","","1593065","94531431","0 PAYLOAD C","1 39210U 13037C   13339.33653904  .00001775  00000-0  16541-3 0  9991","2 39210 097.6899 354.6397 0032025 300.2906 059.5164 14.95158473 20609"
"2.0","GENERATED VIA SPACE-TRACK.ORG API","2013-12-05T10:55:33","18 SPCS","PAYLOAD A","2013-037A","EARTH","TEME","UTC","SGP4","2013-12-05T09:20:07.590335","14.67948223","0.00075790","98.0506","354.8730","295.2317","64.8108","0","U","39208","999","2031","0.00008807900000","0.00000456","0.0000000000000","7045.767","98.096","672.972","662.292","PAYLOAD","LARGE","PRC","2013-07-19","TSC","","1593065","94531429","0 PAYLOAD A","1 39208U 13037A   13339.38897674  .00000456  00000-0  88079-4 0  9998","2 39208 098.0506 354.8730 0007579 295.2317 064.8108 14.67948223 20318"
"2.0","GENERATED VIA SPACE-TRACK.ORG API","2013-12-05T15:35:02","18 SPCS","PAYLOAD B","2013-037B","EARTH","TEME","UTC","SGP4","2013-12-05T11:12:30.172032","14.67305721","0.00035430","98.0499","354.7659","289.0653","71.0182","0","U","39209","999","2030","0.00009369600000","0.00000481","0.0000000000000","7047.823","98.139","672.185","667.191","PAYLOAD","LARGE","PRC","2013-07-19","TSC","","1593184","94533973","0 PAYLOAD B","1 39209U 13037B   13339.46701588  .00000481  00000-0  93696-4 0  9995","2 39209 098.0499 354.7659 0003543 289.0653 071.0182 14.67305721 20301"
"2.0","GENERATED VIA SPACE-TRACK.ORG API","2013-12-05T15:36:24","18 SPCS","PAYLOAD C","2013-037C","EARTH","TEME","UTC","SGP4","2013-12-05T11:17:21.401375","14.95159307","0.00320100","97.6900","354.7711","299.8678","59.9376","0","U","39210","999","2062","0.00017098000000","0.00001837","0.0000000000000","6960.019","96.310","604.163","559.605","PAYLOAD","LARGE","PRC","2013-07-19","TSC","","1593185","94534004","0 PAYLOAD C","1 39210U 13037C   13339.47038659  .00001837  00000-0  17098-3 0  9997","2 39210 097.6900 354.7711 0032010 299.8678 059.9376 14.95159307 20624"
"2.0","GENERATED VIA SPACE-TRACK.ORG API","2013-12-05T14:28:00","18 SPCS","PAYLOAD A","2013-037A","EARTH","TEME","UTC","SGP4","2013-12-05T12:36:26.173152","14.67948409","0.00075820","98.0506","355.0070","294.8128","65.2290","0","U","39208","999","2033","0.00008970100000","0.00000465","0.0000000000000","7045.766","98.096","672.973","662.289","PAYLOAD","LARGE","PRC","2013-07-19","TSC","","1593101","94531946","0 PAYLOAD A","1 39208U 13037A   13339.52530293  .00000465  00000-0  89701-4 0  9998","2 39208 098.0506 355.0070 0007582 294.8128 065.2290 14.67948409 20332"
"2.0","GENERATED VIA SPACE-TRACK.ORG API","2013-12-05T18:09:00","18 SPCS","PAYLOAD C","2013-037C","EARTH","TEME","UTC","SGP4","2013-12-05T16:06:28.054656","14.95159690","0.00319910","97.6901","354.9680","299.1760","60.6246","0","U","39210","999","2065","0.00016457000000","0.00001765","0.0000000000000","6960.018","96.310","604.149","559.617","PAYLOAD","LARGE","PRC","2013-07-19","TSC","","1593297","94536291","0 PAYLOAD C","1 39210U 13037C   13339.67115804  .00001765  00000-0  16457-3 0  9995","2 39210 097.6901 354.9680 0031991 299.1760 060.6246 14.95159690 20657"
"2.0","GENERATED VIA SPACE-TRACK.ORG API","2013-12-05T18:08:42","18 SPCS","PAYLOAD B","2013-037B","EARTH","TEME","UTC","SGP4","2013-12-05T16:07:05.774303","14.67305309","0.00035090","98.0498","354.9669","287.7184","72.3613","0","U","39209","999","2033","0.00007422000000","0.00000371","0.0000000000000","7047.825","98.139","672.163","667.217","PAYLOAD","LARGE","PRC","2013-07-19","TSC","","1593296","94536268","0 PAYLOAD B","1 39209U 13037B   13339.67159461  .00000371  00000-0  74220-4 0  9995","2 39209 098.0498 354.9669 0003509 287.7184 072.3613 14.67305309 20337"
"2.0","GENERATED VIA SPACE-TRACK.ORG API","2013-12-05T20:06:37","18 SPCS","PAYLOAD A","2013-037A","EARTH","TEME","UTC","SGP4","2013-12-05T17:30:54.058176","14.67947591","0.00075630","98.0507","355.2078","293.8792","66.1576","0","U","39208","999","2036","0.00005975600000","0.00000294","0.0000000000000","7045.769","98.096","672.963","662.305","PAYLOAD","LARGE","PRC","2013-07-19","TSC","","1593325","94536669","0 PAYLOAD A","1 39208U 13037A   13339.72979234  .00000294  00000-0  59756-4 0  9999","2 39208 098.0507 355.2078 0007563 293.8792 066.1576 14.67947591 20369"
"2.0","GENERATED VIA SPACE-TRACK.ORG API","2013-12-06T08:20:27","18 SPCS","PAYLOAD C","2013-037C","EARTH","TEME","UTC","SGP4","2013-12-06T03:21:03.594815","14.95161807","0.00319920","97.6901","355.4282","297.5497","62.2477","0","U","39210","999","2072","0.00017069000000","0.00001834","0.0000000000000","6960.012","96.310","604.143","559.610","PAYLOAD","LARGE","PRC","2013-07-19","TSC","","1593621","94540630","0 PAYLOAD C","1 39210U 13037C   13340.13962494  .00001834  00000-0  17069-3 0  9990","2 39210 097.6901 355.4282 0031992 297.5497 062.2477 14.95161807 20726"
"2.0","GENERATED VIA SPACE-TRACK.ORG API","2013-12-06T08:17:25","18 SPCS","PAYLOAD B","2013-037B","EARTH","TEME","UTC","SGP4","2013-12-06T03:34:28.907616","14.67306210","0.00035070","98.0496","355.4359","284.9932","75.0890","0","U","39209","999","2040","0.00008898400000","0.00000454","0.0000000000000","7047.822","98.139","672.159","667.215","PAYLOAD","LARGE","PRC","2013-07-19","TSC","","1593618","94540570","0 PAYLOAD B","1 39209U 13037B   13340.14894569  .00000454  00000-0  88984-4 0  9998","2 39209 098.0496 355.4359 0003507 284.9932 075.0890 14.67306210 20402"
"2.0","GENERATED VIA SPACE-TRACK.ORG API","2013-12-06T06:30:01","18 SPCS","PAYLOAD A","2013-037A","EARTH","TEME","UTC","SGP4","2013-12-06T04:57:59.242752","14.67947624","0.00075460","98.0508","355.6771","292.2120","67.8282","0","U","39208","999","2043","0.00005023600000","0.00000239","0.0000000000000","7045.769","98.096","672.950","662.317","PAYLOAD","LARGE","PRC","2013-07-19","TSC","","1593522","94538326","0 PAYLOAD A","1 39208U 13037A   13340.20693568  .00000239  00000-0  50236-4 0  9990","2 39208 098.0508 355.6771 0007546 292.2120 067.8282 14.67947624 20430"
"2.0","GENERATED VIA SPACE-TRACK.ORG API","2013-12-06T15:55:56","18 SPCS","PAYLOAD C","2013-037C","EARTH","TEME","UTC","SGP4","2013-12-06T11:22:54.644447","14.95163861","0.00319700","97.6900","355.7561","296.4784","63.3164","0","U","39210","999","2077","0.00018753000000","0.00002020","0.0000000000000","6960.005","96.310","604.121","559.619","PAYLOAD","LARGE","PRC","2013-07-19","TSC","","1593773","94543936","0 PAYLOAD C","1 39210U 13037C   13340.47424357  .00002020  00000-0  18753-3 0  9997","2 39210 097.6900 355.7561 0031970 296.4784 063.3164 14.95163861 20773"
"2.0","GENERATED VIA SPACE-TRACK.ORG API","2013-12-06T15:54:07","18 SPCS","PAYLOAD B","2013-037B","EARTH","TEME","UTC","SGP4","2013-12-06T11:45:28.263743","14.67306595","0.00034810","98.0496","355.7709","283.8228","76.2594","0","U","39209","999","2045","0.00008829100000","0.00000450","0.0000000000000","7047.821","98.138","672.139","667.232","PAYLOAD","LARGE","PRC","2013-07-19","TSC","","1593770","94543892","0 PAYLOAD B","1 39209U 13037B   13340.48991046  .00000450  00000-0  88291-4 0  9990","2 39209 098.0496 355.7709 0003481 283.8228 076.2594 14.67306595 20456"
"2.0","GENERATED VIA SPACE-TRACK.ORG API","2013-12-06T14:32:48","18 SPCS","PAYLOAD A","2013-037A","EARTH","TEME","UTC","SGP4","2013-12-06T13:08:45.736512","14.67947499","0.00075400","98.0507","356.0122","290.9381","69.1005","0","U","39208","999","2048","0.00003826900000","0.00000171","0.0000000000000","7045.769","98.096","672.947","662.322","PAYLOAD","LARGE","PRC","2013-07-19","TSC","","1593672","94541581","0 PAYLOAD A","1 39208U 13037A   13340.54775158  .00000171  00000-0  38269-4 0  9990","2 39208 098.0507 356.0122 0007540 290.9381 069.1005 14.67947499 20485"
"2.0","GENERATED VIA SPACE-TRACK.ORG API","2013-12-06T23:42:47","18 SPCS","PAYLOAD C","2013-037C","EARTH","TEME","UTC","SGP4","2013-12-06T19:24:45.693216","14.95163995","0.00319550","97.6900","356.0844","295.3368","64.4506","0","U","39210","999","2082","0.00016701000000","0.00001793","0.0000000000000","6960.005","96.310","604.110","559.629","PAYLOAD","LARGE","PRC","2013-07-19","TSC","","1594071","94547213","0 PAYLOAD C","1 39210U 13037C   13340.80886219  .00001793  00000-0  16701-3 0  9990","2 39210 097.6900 356.0844 0031955 295.3368 064.4506 14.95163995 20826"
"2.0","GENERATED VIA SPACE-TRACK.ORG API","2013-12-06T23:41:46","18 SPCS","PAYLOAD B","2013-037B","EARTH","TEME","UTC","SGP4","2013-12-06T19:56:27.650111","14.67306372","0.00034660","98.0495","356.1058","282.0545","78.0271","0","U","39209","999","2050","0.00007158000000","0.00000356","0.0000000000000","7047.821","98.139","672.129","667.244","PAYLOAD","LARGE","PRC","2013-07-19","TSC","","1594070","94547173","0 PAYLOAD B","1 39209U 13037B   13340.83087558  .00000356  00000-0  71580-4 0  9991","2 39209 098.0495 356.1058 0003466 282.0545 078.0271 14.67306372 20504"
"2.0","GENERATED VIA SPACE-TRACK.ORG API","2013-12-06T22:32:29","18 SPCS","PAYLOAD A","2013-037A","EARTH","TEME","UTC","SGP4","2013-12-06T21:19:32.210399","14.67948432","0.00075050","98.0507","356.3475","289.2785","70.7630","0","U","39208","999","2053","0.00005947500000","0.00000292","0.0000000000000","7045.766","98.096","672.919","662.343","PAYLOAD","LARGE","PRC","2013-07-19","TSC","","1593974","94545155","0 PAYLOAD A","1 39208U 13037A   13340.88856725  .00000292  00000-0  59475-4 0  9993","2 39208 098.0507 356.3475 0007505 289.2785 070.7630 14.67948432 20535"
"2.0","GENERATED VIA SPACE-TRACK.ORG API","2013-12-07T07:21:24","18 SPCS","PAYLOAD C","2013-037C","EARTH","TEME","UTC","SGP4","2013-12-07T03:26:36.758400","14.95165320","0.00319350","97.6901","356.4125","294.1704","65.6169","0","U","39210","999","2087","0.00016724000000","0.00001795","0.0000000000000","6960.001","96.310","604.092","559.639","PAYLOAD","LARGE","PRC","2013-07-19","TSC","","1594255","94549573","0 PAYLOAD C","1 39210U 13037C   13341.14348100  .00001795  00000-0  16724-3 0  9997","2 39210 097.6901 356.4125 0031935 294.1704 065.6169 14.95165320 20879"
"2.0","GENERATED VIA SPACE-TRACK.ORG API","2013-12-07T07:20:58","18 SPCS","PAYLOAD B","2013-037B","EARTH","TEME","UTC","SGP4","2013-12-07T04:07:26.994144","14.67307099","0.00035040","98.0493","356.4405","281.7241","78.3581","0","U","39209","999","2055","0.00008236000000","0.00000417","0.0000000000000","7047.819","98.138","672.154","667.214","PAYLOAD","LARGE","PRC","2013-07-19","TSC","","1594254","94549541","0 PAYLOAD B","1 39209U 13037B   13341.17184021  .00000417  00000-0  82360-4 0  9998","2 39209 098.0493 356.4405 0003504 281.7241 078.3581 14.67307099 20552"
"2.0","GENERATED VIA SPACE-TRACK.ORG API","2013-12-07T06:26:47","18 SPCS","PAYLOAD A","2013-037A","EARTH","TEME","UTC","SGP4","2013-12-07T05:30:18.572831","14.67949627","0.00075440","98.0507","356.6827","288.3555","71.6832","0","U","39208","999","2058","0.00008357200000","0.00000430","0.0000000000000","7045.762","98.096","672.943","662.312","PAYLOAD","LARGE","PRC","2013-07-19","TSC","","1594182","94547951","0 PAYLOAD A","1 39208U 13037A   13341.22938163  .00000430  00000-0  83572-4 0  9998","2 39208 098.0507 356.6827 0007544 288.3555 071.6832 14.67949627 20583"
"2.0","GENERATED VIA SPACE-TRACK.ORG API","2013-12-07T15:44:16","18 SPCS","PAYLOAD C","2013-037C","EARTH","TEME","UTC","SGP4","2013-12-07T11:28:27.780384","14.95166597","0.00319100","97.6902","356.7408","293.0407","66.7452","0","U","39210","999","2092","0.00016642000000","0.00001786","0.0000000000000","6959.997","96.310","604.071","559.652","PAYLOAD","LARGE","PRC","2013-07-19","TSC","","1594382","94552580","0 PAYLOAD C","1 39210U 13037C   13341.47809931  .00001786  00000-0  16642-3 0  9996","2 39210 097.6902 356.7408 0031910 293.0407 066.7452 14.95166597 20928"
"2.0","GENERATED VIA SPACE-TRACK.ORG API","2013-12-07T14:28:07","18 SPCS","PAYLOAD A","2013-037A","EARTH","TEME","UTC","SGP4","2013-12-07T12:02:55.733279","14.67950009","0.00075320","98.0507","356.9508","287.4049","72.6336","0","U","39208","999","2062","0.00008702300000","0.00000450","0.0000000000000","7045.761","98.095","672.933","662.319","PAYLOAD","LARGE","PRC","2013-07-19","TSC","","1594288","94550260","0 PAYLOAD A","1 39208U 13037A   13341.50203395  .00000450  00000-0  87023-4 0  9998","2 39208 098.0507 356.9508 0007532 287.4049 072.6336 14.67950009 20628"
"2.0","GENERATED VIA SPACE-TRACK.ORG API","2013-12-07T15:42:28","18 SPCS","PAYLOAD B","2013-037B","EARTH","TEME","UTC","SGP4","2013-12-07T12:18:26.300159","14.67307996","0.00035000","98.0493","356.7754","281.2016","78.8796","0","U","39209","999","2060","0.00010194000000","0.00000527","0.0000000000000","7047.816","98.138","672.148","667.214","PAYLOAD","LARGE","PRC","2013-07-19","TSC","","1594380","94552533","0 PAYLOAD B","1 39209U 13037B   13341.51280440  .00000527  00000-0  10194-3 0  9995","2 39209 098.0493 356.7754 0003500 281.2016 078.8796 14.67307996 20608"
"2.0","GENERATED VIA SPACE-TRACK.ORG API","2013-12-07T23:45:51","18 SPCS","PAYLOAD C","2013-037C","EARTH","TEME","UTC","SGP4","2013-12-07T19:30:18.840384","14.95167104","0.00319410","97.6904","357.0692","291.8909","67.8919","0","U","39210","999","2097","0.00015933000000","0.00001708","0.0000000000000","6959.995","96.310","604.091","559.629","PAYLOAD","LARGE","PRC","2013-07-19","TSC","","1594632","94556026","0 PAYLOAD C","1 39210U 13037C   13341.81271806  .00001708  00000-0  15933-3 0  9994","2 39210 097.6904 357.0692 0031941 291.8909 067.8919 14.95167104 20976"
"2.0","GENERATED VIA SPACE-TRACK.ORG API","2013-12-07T22:27:50","18 SPCS","PAYLOAD A","2013-037A","EARTH","TEME","UTC","SGP4","2013-12-07T20:13:42.269375","14.67949062","0.00075050","98.0504","357.2858","285.7221","74.3151","0","U","39208","999","2067","0.00005349300000","0.00000258","0.0000000000000","7045.764","98.096","672.917","662.341","PAYLOAD","LARGE","PRC","2013-07-19","TSC","","1594529","94553720","0 PAYLOAD A","1 39208U 13037A   13341.84285034  .00000258  00000-0  53493-4 0  9995","2 39208 098.0504 357.2858 0007505 285.7221 074.3151 14.67949062 20676"
"2.0","GENERATED VIA SPACE-TRACK.ORG API","2013-12-07T23:45:26","18 SPCS","PAYLOAD B","2013-037B","EARTH","TEME","UTC","SGP4","2013-12-07T20:29:25.651103","14.67307645","0.00034670","98.0494","357.1103","277.8335","82.2461","0","U","39209","999","2065","0.00008337300000","0.00000423","0.0000000000000","7047.817","98.138","672.126","667.239","PAYLOAD","LARGE","PRC","2013-07-19","TSC","","1594631","94555983","0 PAYLOAD B","1 39209U 13037B   13341.85376911  .00000423  00000-0  83373-4 0  9996","2 39209 098.0494 357.1103 0003467 277.8335 082.2461 14.67307645 20653"
"2.0","GENERATED VIA SPACE-TRACK.ORG API","2013-12-08T07:12:52","18 SPCS","PAYLOAD C","2013-037C","EARTH","TEME","UTC","SGP4","2013-12-08T03:32:09.791519","14.95168387","0.00319340","97.6906","357.3971","290.7495","69.0303","0","U","39210","999","2102","0.00015822000000","0.00001695","0.0000000000000","6959.991","96.310","604.082","559.630","PAYLOAD","LARGE","PRC","2013-07-19","TSC","","1594808","94558292","0 PAYLOAD C","1 39210U 13037C   13342.14733555  .00001695  00000-0  15822-3 0  9997","2 39210 097.6906 357.3971 0031934 290.7495 069.0303 14.95168387 21023"
"2.0","GENERATED VIA SPACE-TRACK.ORG API","2013-12-08T06:25:27","18 SPCS","PAYLOAD A","2013-037A","EARTH","TEME","UTC","SGP4","2013-12-08T04:24:28.754496","14.67949187","0.00075050","98.0504","357.6208","284.5530","75.4845","0","U","39208","999","2072","0.00005013100000","0.00000239","0.0000000000000","7045.764","98.096","672.917","662.341","PAYLOAD","LARGE","PRC","2013-07-19","TSC","","1594736","94556551","0 PAYLOAD A","1 39208U 13037A   13342.18366614  .00000239  00000-0  50131-4 0  9992","2 39208 098.0504 357.6208 0007505 284.5530 075.4845 14.67949187 20725"
"2.0","GENERATED VIA SPACE-TRACK.ORG API","2013-12-08T07:12:28","18 SPCS","PAYLOAD B","2013-037B","EARTH","TEME","UTC","SGP4","2013-12-08T04:40:25.003776","14.67308056","0.00034630","98.0493","357.4451","277.4781","82.6026","0","U","39209","999","2070","0.00008448700000","0.00000429","0.0000000000000","7047.816","98.138","672.122","667.240","PAYLOAD","LARGE","PRC","2013-07-19","TSC","","1594807","94558267","0 PAYLOAD B","1 39209U 13037B   13342.19473384  .00000429  00000-0  84487-4 0  9999","2 39209 098.0493 357.4451 0003463 277.4781 082.6026 14.67308056 20702"
"2.0","GENERATED VIA SPACE-TRACK.ORG API","2013-12-08T15:41:58","18 SPCS","PAYLOAD B","2013-037B","EARTH","TEME","UTC","SGP4","2013-12-08T11:13:12.458783","14.67309057","0.00034320","98.0492","357.7128","275.2237","84.8602","0","U","39209","999","2074","0.00010702000000","0.00000556","0.0000000000000","7047.813","98.138","672.097","667.259","PAYLOAD","LARGE","PRC","2013-07-19","TSC","","1594928","94561093","0 PAYLOAD B","1 39209U 13037B   13342.46750531  .00000556  00000-0  10702-3 0  9990","2 39209 098.0492 357.7128 0003432 275.2237 084.8602 14.67309057 20743"
"2.0","GENERATED VIA SPACE-TRACK.ORG API","2013-12-08T15:43:05","18 SPCS","PAYLOAD C","2013-037C","EARTH","TEME","UTC","SGP4","2013-12-08T11:34:00.750432","14.95169425","0.00319200","97.6908","357.7257","289.5752","70.2025","0","U","39210","999","2107","0.00015402000000","0.00001649","0.0000000000000","6959.988","96.310","604.069","559.637","PAYLOAD","LARGE","PRC","2013-07-19","TSC","","1594929","94561136","0 PAYLOAD C","1 39210U 13037C   13342.48195313  .00001649  00000-0  15402-3 0  9991","2 39210 097.6908 357.7257 0031920 289.5752 070.2025 14.95169425 21077"
"2.0","GENERATED VIA SPACE-TRACK.ORG API","2013-12-08T14:29:04","18 SPCS","PAYLOAD A","2013-037A","EARTH","TEME","UTC","SGP4","2013-12-08T12:35:15.214559","14.67949251","0.00074900","98.0504","357.9559","283.3062","76.7302","0","U","39208","999","2077","0.00004515800000","0.00000210","0.0000000000000","7045.763","98.096","672.906","662.351","PAYLOAD","LARGE","PRC","2013-07-19","TSC","","1594843","94559000","0 PAYLOAD A","1 39208U 13037A   13342.52448165  .00000210  00000-0  45158-4 0  9994","2 39208 098.0504 357.9559 0007490 283.3062 076.7302 14.67949251 20776"
"2.0","GENERATED VIA SPACE-TRACK.ORG API","2013-12-08T23:48:57","18 SPCS","PAYLOAD B","2013-037B","EARTH","TEME","UTC","SGP4","2013-12-08T19:24:11.763071","14.67308785","0.00034080","98.0495","358.0479","273.4688","86.6119","0","U","39209","999","2079","0.00008862100000","0.00000452","0.0000000000000","7047.814","98.138","672.080","667.277","PAYLOAD","LARGE","PRC","2013-07-19","TSC","","1595124","94564767","0 PAYLOAD B","1 39209U 13037B   13342.80846948  .00000452  00000-0  88621-4 0  9997","2 39209 098.0495 358.0479 0003408 273.4688 086.6119 14.67308785 20797"
"2.0","GENERATED VIA SPACE-TRACK.ORG API","2013-12-08T23:50:25","18 SPCS","PAYLOAD C","2013-037C","EARTH","TEME","UTC","SGP4","2013-12-08T19:35:51.734400","14.95169955","0.00319150","97.6908","358.0540","288.3928","71.3821","0","U","39210","999","2112","0.00014719000000","0.00001573","0.0000000000000","6959.986","96.310","604.064","559.638","PAYLOAD","LARGE","PRC","2013-07-19","TSC","","1595127","94564815","0 PAYLOAD C","1 39210U 13037C   13342.81657100  .00001573  00000-0  14719-3 0  9991","2 39210 097.6908 358.0540 0031915 288.3928 071.3821 14.95169955 21122"
"2.0","GENERATED VIA SPACE-TRACK.ORG API","2013-12-08T22:31:31","18 SPCS","PAYLOAD A","2013-037A","EARTH","TEME","UTC","SGP4","2013-12-08T20:46:01.711776","14.67949918","0.00074580","98.0508","358.2916","281.9456","78.0957","0","U","39208","999","2082","0.00005700200000","0.00000278","0.0000000000000","7045.761","98.095","672.881","662.372","PAYLOAD","LARGE","PRC","2013-07-19","TSC","","1595028","94562416","0 PAYLOAD A","1 39208U 13037A   13342.86529759  .00000278  00000-0  57002-4 0  9995","2 39208 098.0508 358.2916 0007458 281.9456 078.0957 14.67949918 20823"
"2.0","GENERATED VIA SPACE-TRACK.ORG API","2013-12-09T07:25:25","18 SPCS","PAYLOAD B","2013-037B","EARTH","TEME","UTC","SGP4","2013-12-09T03:35:11.049215","14.67309328","0.00034390","98.0493","358.3821","272.1488","87.9319","0","U","39209","999","2084","0.00008970900000","0.00000458","0.0000000000000","7047.812","98.138","672.101","667.253","PAYLOAD","LARGE","PRC","2013-07-19","TSC","","1595343","94567446","0 PAYLOAD B","1 39209U 13037B   13343.14943344  .00000458  00000-0  89709-4 0  9997","2 39209 098.0493 358.3821 0003439 272.1488 087.9319 14.67309328 20843"
"2.0","GENERATED VIA SPACE-TRACK.ORG API","2013-12-09T07:27:08","18 SPCS","PAYLOAD C","2013-037C","EARTH","TEME","UTC","SGP4","2013-12-09T03:37:42.643199","14.95171127","0.00319180","97.6909","358.3823","287.2555","72.5167","0","U","39210","999","2117","0.00014655000000","0.00001566","0.0000000000000","6959.983","96.310","604.062","559.633","PAYLOAD","LARGE","PRC","2013-07-19","TSC","","1595345","94567478","0 PAYLOAD C","1 39210U 13037C   13343.15118800  .00001566  00000-0  14655-3 0  9999","2 39210 097.6909 358.3823 0031918 287.2555 072.5167 14.95171127 21172"
"2.0","GENERATED VIA SPACE-TRACK.ORG API","2013-12-09T06:28:16","18 SPCS","PAYLOAD A","2013-037A","EARTH","TEME","UTC","SGP4","2013-12-09T04:56:48.050016","14.67950567","0.00074500","98.0509","358.6266","280.5121","79.5248","0","U","39208","999","2087","0.00006556700000","0.00000327","0.0000000000000","7045.759","98.095","672.873","662.375","PAYLOAD","LARGE","PRC","2013-07-19","TSC","","1595271","94565660","0 PAYLOAD A","1 39208U 13037A   13343.20611169  .00000327  00000-0  65567-4 0  9991","2 39208 098.0509 358.6266 0007450 280.5121 079.5248 14.67950567 20878"
"2.0","GENERATED VIA SPACE-TRACK.ORG API","2013-12-09T14:34:26","18 SPCS","PAYLOAD A","2013-037A","EARTH","TEME","UTC","SGP4","2013-12-09T11:29:25.161216","14.67951680","0.00074020","98.0512","358.8948","279.4054","80.6326","0","U","39208","999","2091","0.00009361400000","0.00000488","0.0000000000000","7045.756","98.095","672.836","662.405","PAYLOAD","LARGE","PRC","2013-07-19","TSC","","1595383","94568247","0 PAYLOAD A","1 39208U 13037A   13343.47876344  .00000488  00000-0  93614-4 0  9990","2 39208 098.0512 358.8948 0007402 279.4054 080.6326 14.67951680 20912"
"2.0","GENERATED VIA SPACE-TRACK.ORG API","2013-12-09T15:49:28","18 SPCS","PAYLOAD C","2013-037C","EARTH","TEME","UTC","SGP4","2013-12-09T11:39:33.561504","14.95172250","0.00319070","97.6911","358.7106","286.1124","73.6586","0","U","39210","999","2122","0.00014628000000","0.00001563","0.0000000000000","6959.979","96.309","604.051","559.637","PAYLOAD","LARGE","PRC","2013-07-19","TSC","","1595482","94570519","0 PAYLOAD C","1 39210U 13037C   13343.48580511  .00001563  00000-0  14628-3 0  9994","2 39210 097.6911 358.7106 0031907 286.1124 073.6586 14.95172250 21222"
"2.0","GENERATED VIA SPACE-TRACK.ORG API","2013-12-09T15:47:17","18 SPCS","PAYLOAD B","2013-037B","EARTH","TEME","UTC","SGP4","2013-12-09T11:46:10.335360","14.67310345","0.00033840","98.0495","358.7178","270.2864","89.7963","0","U","39209","999","2089","0.00011058000000","0.00000576","0.0000000000000","7047.809","98.138","672.059","667.289","PAYLOAD","LARGE","PRC","2013-07-19","TSC","","1595479","94570465","0 PAYLOAD B","1 39209U 13037B   13343.49039740  .00000576  00000-0  11058-3 0  9993","2 39209 098.0495 358.7178 0003384 270.2864 089.7963 14.67310345 20891"
"2.0","GENERATED VIA SPACE-TRACK.ORG API","2013-12-09T21:22:14","18 SPCS","PAYLOAD A","2013-037A","EARTH","TEME","UTC","SGP4","2013-12-09T18:02:02.324256","14.67951049","0.00073020","98.0511","359.1627","278.2327","81.8034","0","U","39208","999","2095","0.00006660400000","0.00000333","0.0000000000000","7045.758","98.095","672.768","662.478","PAYLOAD","LARGE","PRC","2013-07-19","TSC","","1595596","94571031","0 PAYLOAD A","1 39208U 13037A   13343.75141579  .00000333  00000-0  66604-4 0  9994","2 39208 098.0511 359.1627 0007302 278.2327 081.8034 14.67951049 20950"
"2.0","GENERATED VIA SPACE-TRACK.ORG API","2013-12-09T23:47:59","18 SPCS","PAYLOAD C","2013-037C","EARTH","TEME","UTC","SGP4","2013-12-09T19:41:24.575711","14.95171863","0.00319260","97.6913","359.0388","284.8171","74.9526","0","U","39210","999","2127","0.00012692000000","0.00001348","0.0000000000000","6959.980","96.309","604.066","559.625","PAYLOAD","LARGE","PRC","2013-07-19","TSC","","1595723","94573497","0 PAYLOAD C","1 39210U 13037C   13343.82042333  .00001348  00000-0  12692-3 0  9997","2 39210 097.6913 359.0388 0031926 284.8171 074.9526 14.95171863 21270"
"2.0","GENERATED VIA SPACE-TRACK.ORG API","2013-12-09T23:45:44","18 SPCS","PAYLOAD B","2013-037B","EARTH","TEME","UTC","SGP4","2013-12-09T19:57:09.616320","14.67310500","0.00033970","98.0494","359.0525","269.1072","90.9736","0","U","39209","999","2094","0.00010484000000","0.00000544","0.0000000000000","7047.808","98.138","672.067","667.279","PAYLOAD","LARGE","PRC","2013-07-19","TSC","","1595718","94573420","0 PAYLOAD B","1 39209U 13037B   13343.83136130  .00000544  00000-0  10484-3 0  9999","2 39209 098.0494 359.0525 0003397 269.1072 090.9736 14.67310500 20943"
"2.0","GENERATED VIA SPACE-TRACK.ORG API","2013-12-10T09:50:47","18 SPCS","PAYLOAD C","2013-037C","EARTH","TEME","UTC","SGP4","2013-12-10T03:43:15.438719","14.95172955","0.00319480","97.6911","359.3671","283.6364","76.1305","0","U","39210","999","2132","0.00012701000000","0.00001349","0.0000000000000","6959.977","96.309","604.078","559.606","PAYLOAD","LARGE","PRC","2013-07-19","TSC","","1595923","94576385","0 PAYLOAD C","1 39210U 13037C   13344.15503980  .00001349  00000-0  12701-3 0  9996","2 39210 097.6911 359.3671 0031948 283.6364 076.1305 14.95172955 21329"
"2.0","GENERATED VIA SPACE-TRACK.ORG API","2013-12-10T06:56:29","18 SPCS","PAYLOAD A","2013-037A","EARTH","TEME","UTC","SGP4","2013-12-10T03:50:58.061472","14.67951254","0.00073420","98.0510","359.5648","276.7846","83.2521","0","U","39208","999","2101","0.00006129100000","0.00000303","0.0000000000000","7045.757","98.095","672.795","662.449","PAYLOAD","LARGE","PRC","2013-07-19","TSC","","1595831","94574335","0 PAYLOAD A","1 39208U 13037A   13344.16039423  .00000303  00000-0  61291-4 0  9998","2 39208 098.0510 359.5648 0007342 276.7846 083.2521 14.67951254 21012"
"2.0","GENERATED VIA SPACE-TRACK.ORG API","2013-12-10T09:49:32","18 SPCS","PAYLOAD B","2013-037B","EARTH","TEME","UTC","SGP4","2013-12-10T04:08:08.883455","14.67311226","0.00034210","98.0494","359.3872","267.7562","92.3258","0","U","39209","999","2099","0.00011148000000","0.00000581","0.0000000000000","7047.806","98.138","672.082","667.260","PAYLOAD","LARGE","PRC","2013-07-19","TSC","","1595921","94576338","0 PAYLOAD B","1 39209U 13037B   13344.17232504  .00000581  00000-0  11148-3 0  9998","2 39209 098.0494 359.3872 0003421 267.7562 092.3258 14.67311226 20993"
"2.0","GENERATED VIA SPACE-TRACK.ORG API","2013-12-10T15:41:35","18 SPCS","PAYLOAD C","2013-037C","EARTH","TEME","UTC","SGP4","2013-12-10T11:45:06.312960","14.95173809","0.00319450","97.6911","359.6952","282.4633","77.3015","0","U","39210","999","2137","0.00012401000000","0.00001316","0.0000000000000","6959.974","96.309","604.073","559.606","PAYLOAD","LARGE","PRC","2013-07-19","TSC","","1596053","94579289","0 PAYLOAD C","1 39210U 13037C   13344.48965640  .00001316  00000-0  12401-3 0  9998","2 39210 097.6911 359.6952 0031945 282.4633 077.3015 14.95173809 21372"
"2.0","GENERATED VIA SPACE-TRACK.ORG API","2013-12-10T14:28:22","18 SPCS","PAYLOAD A","2013-037A","EARTH","TEME","UTC","SGP4","2013-12-10T12:01:44.496479","14.67951465","0.00073250","98.0511","359.8999","275.7322","84.3042","0","U","39208","999","2106","0.00006106300000","0.00000301","0.0000000000000","7045.756","98.095","672.782","662.460","PAYLOAD","LARGE","PRC","2013-07-19","TSC","","1595966","94577115","0 PAYLOAD A","1 39208U 13037A   13344.50120945  .00000301  00000-0  61063-4 0  9991","2 39208 098.0511 359.8999 0007325 275.7322 084.3042 14.67951465 21063"
"2.0","GENERATED VIA SPACE-TRACK.ORG API","2013-12-10T15:40:15","18 SPCS","PAYLOAD B","2013-037B","EARTH","TEME","UTC","SGP4","2013-12-10T12:19:08.138495","14.67311692","0.00034260","98.0494","359.7222","266.6542","93.4275","0","U","39209","999","2104","0.00011139000000","0.00000581","0.0000000000000","7047.804","98.138","672.084","667.255","PAYLOAD","LARGE","PRC","2013-07-19","TSC","","1596052","94579254","0 PAYLOAD B","1 39209U 13037B   13344.51328864  .00000581  00000-0  11139-3 0  9991","2 39209 098.0494 359.7222 0003426 266.6542 093.4275 14.67311692 21042"
"2.0","GENERATED VIA SPACE-TRACK.ORG API","2013-12-10T23:32:01","18 SPCS","PAYLOAD C","2013-037C","EARTH","TEME","UTC","SGP4","2013-12-10T19:46:57.227807","14.95173959","0.00319520","97.6910","0.0235","281.2632","78.4996","0","U","39210","999","2142","0.00011237000000","0.00001187","0.0000000000000","6959.974","96.309","604.077","559.600","PAYLOAD","LARGE","PRC","2013-07-19","TSC","","1596217","94582161","0 PAYLOAD C","1 39210U 13037C   13344.82427347  .00001187  00000-0  11237-3 0  9995","2 39210 097.6910 000.0235 0031952 281.2632 078.4996 14.95173959 21428"
"2.0","GENERATED VIA SPACE-TRACK.ORG API","2013-12-10T22:26:49","18 SPCS","PAYLOAD A","2013-037A","EARTH","TEME","UTC","SGP4","2013-12-10T20:12:30.801023","14.67952773","0.00073590","98.0508","0.2351","273.9491","86.0874","0","U","39208","999","2111","0.00008193000000","0.00000421","0.0000000000000","7045.752","98.095","672.802","662.432","PAYLOAD","LARGE","PRC","2013-07-19","TSC","","1596128","94580251","0 PAYLOAD A","1 39208U 13037A   13344.84202316  .00000421  00000-0  81930-4 0  9999","2 39208 098.0508 000.2351 0007359 273.9491 086.0874 14.67952773 21113"
"2.0","GENERATED VIA SPACE-TRACK.ORG API","2013-12-10T23:30:20","18 SPCS","PAYLOAD B","2013-037B","EARTH","TEME","UTC","SGP4","2013-12-10T20:30:07.418591","14.67312017","0.00034250","98.0494","0.0573","265.1556","94.9260","0","U","39209","999","2109","0.00011331000000","0.00000591","0.0000000000000","7047.803","98.138","672.082","667.254","PAYLOAD","LARGE","PRC","2013-07-19","TSC","","1596216","94582121","0 PAYLOAD B","1 39209U 13037B   13344.85425253  .00000591  00000-0  11331-3 0  9993","2 39209 098.0494 000.0573 0003425 265.1556 094.9260 14.67312017 21092"
"2.0","GENERATED VIA SPACE-TRACK.ORG API","2013-12-11T07:57:47","18 SPCS","PAYLOAD C","2013-037C","EARTH","TEME","UTC","SGP4","2013-12-11T03:48:48.076991","14.95174695","0.00319430","97.6912","0.3517","280.0821","79.6782","0","U","39210","999","2147","0.00010973000000","0.00001158","0.0000000000000","6959.972","96.309","604.069","559.604","PAYLOAD","LARGE","PRC","2013-07-19","TSC","","1596440","94584991","0 PAYLOAD C","1 39210U 13037C   13345.15888978  .00001158  00000-0  10973-3 0  9997","2 39210 097.6912 000.3517 0031943 280.0821 079.6782 14.95174695 21472"
"2.0","GENERATED VIA SPACE-TRACK.ORG API","2013-12-11T06:28:38","18 SPCS","PAYLOAD A","2013-037A","EARTH","TEME","UTC","SGP4","2013-12-11T04:23:17.163455","14.67953853","0.00073550","98.0507","0.5700","272.8577","87.1788","0","U","39208","999","2116","0.00010971000000","0.00000580","0.0000000000000","7045.749","98.095","672.796","662.432","PAYLOAD","LARGE","PRC","2013-07-19","TSC","","1596352","94582978","0 PAYLOAD A","1 39208U 13037A   13345.18283754  .00000580  00000-0  10971-3 0  9994","2 39208 098.0507 000.5700 0007355 272.8577 087.1788 14.67953853 21163"
"2.0","GENERATED VIA SPACE-TRACK.ORG API","2013-12-11T07:56:14","18 SPCS","PAYLOAD B","2013-037B","EARTH","TEME","UTC","SGP4","2013-12-11T04:41:06.643392","14.67312670","0.00034360","98.0494","0.3922","263.5952","96.4864","0","U","39209","999","2114","0.00011809000000","0.00000618","0.0000000000000","7047.801","98.138","672.088","667.245","PAYLOAD","LARGE","PRC","2013-07-19","TSC","","1596438","94584948","0 PAYLOAD B","1 39209U 13037B   13345.19521578  .00000618  00000-0  11809-3 0  9998","2 39209 098.0494 000.3922 0003436 263.5952 096.4864 14.67312670 21145"
"2.0","GENERATED VIA SPACE-TRACK.ORG API","2013-12-11T14:27:27","18 SPCS","PAYLOAD A","2013-037A","EARTH","TEME","UTC","SGP4","2013-12-11T10:55:54.273791","14.67954135","0.00073340","98.0509","0.8385","271.8109","88.2261","0","U","39208","999","2120","0.00010695000000","0.00000564","0.0000000000000","7045.748","98.095","672.780","662.446","PAYLOAD","LARGE","PRC","2013-07-19","TSC","","1596494","94585739","0 PAYLOAD A","1 39208U 13037A   13345.45548928  .00000564  00000-0  10695-3 0  9996","2 39208 098.0509 000.8385 0007334 271.8109 088.2261 14.67954135 21201"
"2.0","GENERATED VIA SPACE-TRACK.ORG API","2013-12-11T15:34:44","18 SPCS","PAYLOAD B","2013-037B","EARTH","TEME","UTC","SGP4","2013-12-11T11:13:54.022368","14.67313344","0.00034140","98.0496","0.6602","263.2042","96.8781","0","U","39209","999","2118","0.00012581000000","0.00000662","0.0000000000000","7047.799","98.138","672.070","667.258","PAYLOAD","LARGE","PRC","2013-07-19","TSC","","1596583","94587870","0 PAYLOAD B","1 39209U 13037B   13345.46798637  .00000662  00000-0  12581-3 0  9997","2 39209 098.0496 000.6602 0003414 263.2042 096.8781 14.67313344 21183"
"2.0","GENERATED VIA SPACE-TRACK.ORG API","2013-12-11T15:36:28","18 SPCS","PAYLOAD C","2013-037C","EARTH","TEME","UTC","SGP4","2013-12-11T11:50:38.959872","14.95175249","0.00319480","97.6912","0.6798","278.9300","80.8299","0","U","39210","999","2152","0.00010426000000","0.00001097","0.0000000000000","6959.970","96.309","604.071","559.599","PAYLOAD","LARGE","PRC","2013-07-19","TSC","","1596585","94587909","0 PAYLOAD C","1 39210U 13037C   13345.49350648  .00001097  00000-0  10426-3 0  9997","2 39210 097.6912 000.6798 0031948 278.9300 080.8299 14.95175249 21528"
"2.0","GENERATED VIA SPACE-TRACK.ORG API","2013-12-11T23:37:32","18 SPCS","PAYLOAD B","2013-037B","EARTH","TEME","UTC","SGP4","2013-12-11T19:24:53.233344","14.67313815","0.00034020","98.0497","0.9955","261.1162","98.9649","0","U","39209","999","2123","0.00013020000000","0.00000687","0.0000000000000","7047.797","98.138","672.060","667.265","PAYLOAD","LARGE","PRC","2013-07-19","TSC","","1596745","94590923","0 PAYLOAD B","1 39209U 13037B   13345.80894946  .00000687  00000-0  13020-3 0  9991","2 39209 098.0497 000.9955 0003402 261.1162 098.9649 14.67313815 21230"
"2.0","GENERATED VIA SPACE-TRACK.ORG API","2013-12-11T23:37:41","18 SPCS","PAYLOAD C","2013-037C","EARTH","TEME","UTC","SGP4","2013-12-11T19:52:29.846208","14.95174899","0.00319480","97.6909","1.0079","277.6697","82.0864","0","U","39210","999","2157","0.00008830700000","0.00000920","0.0000000000000","6959.971","96.309","604.072","559.600","PAYLOAD","LARGE","PRC","2013-07-19","TSC","","1596746","94590954","0 PAYLOAD C","1 39210U 13037C   13345.82812322  .00000920  00000-0  88307-4 0  9994","2 39210 097.6909 001.0079 0031948 277.6697 082.0864 14.95174899 21573"
"2.0","GENERATED VIA SPACE-TRACK.ORG API","2013-12-11T22:30:40","18 SPCS","PAYLOAD A","2013-037A","EARTH","TEME","UTC","SGP4","2013-12-11T20:44:49.919424","14.67952850","0.00072590","98.0509","1.2406","269.8246","90.2050","0","U","39208","999","2126","0.00004946900000","0.00000235","0.0000000000000","7045.752","98.095","672.731","662.502","PAYLOAD","LARGE","PRC","2013-07-19","TSC","","1596660","94589006","0 PAYLOAD A","1 39208U 13037A   13345.86446666  .00000235  00000-0  49469-4 0  9994","2 39208 098.0509 001.2406 0007259 269.8246 090.2050 14.67952850 21262"
"2.0","GENERATED VIA SPACE-TRACK.ORG API","2013-12-12T07:39:54","18 SPCS","PAYLOAD B","2013-037B","EARTH","TEME","UTC","SGP4","2013-12-12T03:35:52.418399","14.67314460","0.00034210","98.0500","1.3303","259.5512","100.5301","0","U","39209","999","2128","0.00012978000000","0.00000684","0.0000000000000","7047.795","98.138","672.071","667.249","PAYLOAD","LARGE","PRC","2013-07-19","TSC","","1596929","94593618","0 PAYLOAD B","1 39209U 13037B   13346.14991225  .00000684  00000-0  12978-3 0  9995","2 39209 098.0500 001.3303 0003421 259.5512 100.5301 14.67314460 21285"
"2.0","GENERATED VIA SPACE-TRACK.ORG API","2013-12-12T07:44:09","18 SPCS","PAYLOAD C","2013-037C","EARTH","TEME","UTC","SGP4","2013-12-12T03:54:20.737728","14.95175639","0.00319400","97.6909","1.3365","276.4523","83.3063","0","U","39210","999","2162","0.00008724300000","0.00000908","0.0000000000000","6959.969","96.309","604.064","559.603","PAYLOAD","LARGE","PRC","2013-07-19","TSC","","1596931","94593660","0 PAYLOAD C","1 39210U 13037C   13346.16274002  .00000908  00000-0  87243-4 0  9993","2 39210 097.6909 001.3365 0031940 276.4523 083.3063 14.95175639 21625"
"2.0","GENERATED VIA SPACE-TRACK.ORG API","2013-12-12T06:26:09","18 SPCS","PAYLOAD A","2013-037A","EARTH","TEME","UTC","SGP4","2013-12-12T04:55:36.453791","14.67952802","0.00072830","98.0509","1.5757","268.6842","91.3530","0","U","39208","999","2131","0.00003798100000","0.00000169","0.0000000000000","7045.752","98.095","672.749","662.486","PAYLOAD","LARGE","PRC","2013-07-19","TSC","","1596846","94591645","0 PAYLOAD A","1 39208U 13037A   13346.20528303  .00000169  00000-0  37981-4 0  9994","2 39208 098.0509 001.5757 0007283 268.6842 091.3530 14.67952802 21318"
"2.0","GENERATED VIA SPACE-TRACK.ORG API","2013-12-12T13:09:56","18 SPCS","PAYLOAD C","2013-037C","EARTH","TEME","UTC","SGP4","2013-12-12T07:07:05.077056","14.95175642","0.00319610","97.6908","1.4677","275.9750","83.7827","0","U","39210","999","2164","0.00008124900000","0.00000842","0.0000000000000","6959.969","96.309","604.078","559.589","PAYLOAD","LARGE","PRC","2013-07-19","TSC","","1597029","94595961","0 PAYLOAD C","1 39210U 13037C   13346.29658654  .00000842  00000-0  81249-4 0  9993","2 39210 097.6908 001.4677 0031961 275.9750 083.7827 14.95175642 21648"
"2.0","GENERATED VIA SPACE-TRACK.ORG API","2013-12-12T12:17:37","18 SPCS","PAYLOAD A","2013-037A","EARTH","TEME","UTC","SGP4","2013-12-12T08:11:55.013280","14.67953088","0.00072820","98.0509","1.7099","268.1398","91.8984","0","U","39208","999","2133","0.00004461300000","0.00000207","0.0000000000000","7045.751","98.095","672.747","662.485","PAYLOAD","LARGE","PRC","2013-07-19","TSC","","1596964","94594377","0 PAYLOAD A","1 39208U 13037A   13346.34160895  .00000207  00000-0  44613-4 0  9990","2 39208 098.0509 001.7099 0007282 268.1398 091.8984 14.67953088 21336"
"2.0","GENERATED VIA SPACE-TRACK.ORG API","2013-12-12T13:08:57","18 SPCS","PAYLOAD B","2013-037B","EARTH","TEME","UTC","SGP4","2013-12-12T08:30:27.951552","14.67315186","0.00033930","98.0503","1.5317","259.3213","100.7621","0","U","39209","999","2131","0.00014434000000","0.00000767","0.0000000000000","7047.793","98.138","672.049","667.267","PAYLOAD","LARGE","PRC","2013-07-19","TSC","","1597028","94595926","0 PAYLOAD B","1 39209U 13037B   13346.35449018  .00000767  00000-0  14434-3 0  9997","2 39209 098.0503 001.5317 0003393 259.3213 100.7621 14.67315186 21316"
"2.0","GENERATED VIA SPACE-TRACK.ORG API","2013-12-12T14:50:33","18 SPCS","PAYLOAD A","2013-037A","EARTH","TEME","UTC","SGP4","2013-12-12T13:06:23.580863","14.67954511","0.00072030","98.0519","1.9118","268.4502","91.6381","0","U","39208","999","2136","0.00008457000000","0.00000484","0.0000000000000","7045.747","98.095","672.687","662.537","PAYLOAD","LARGE","PRC","2013-07-19","TSC","","1597055","94596349","0 PAYLOAD A","1 39208U 13037A   13346.54610626  .00000484  00000-0  84570-4 0  9997","2 39208 098.0519 001.9118 0007203 268.4502 091.6381 14.67954511 21368"
"2.0","GENERATED VIA SPACE-TRACK.ORG API","2013-12-12T22:12:43","18 SPCS","PAYLOAD A","2013-037A","EARTH","TEME","UTC","SGP4","2013-12-12T19:38:59.946431","14.67953746","0.00072950","98.0509","2.1793","267.3099","92.7274","0","U","39208","999","2140","0.00006035800000","0.00000297","0.0000000000000","7045.749","98.095","672.754","662.474","PAYLOAD","LARGE","PRC","2013-07-19","TSC","","1597176","94598169","0 PAYLOAD A","1 39208U 13037A   13346.81874938  .00000297  00000-0  60358-4 0  9995","2 39208 098.0509 002.1793 0007295 267.3099 092.7274 14.67953746 21406"
"2.0","GENERATED VIA SPACE-TRACK.ORG API","2013-12-12T23:36:18","18 SPCS","PAYLOAD B","2013-037B","EARTH","TEME","UTC","SGP4","2013-12-12T19:57:50.867999","14.67314796","0.00034180","98.0503","2.0005","256.9941","103.0879","0","U","39209","999","2138","0.00011029000000","0.00000575","0.0000000000000","7047.794","98.138","672.068","667.250","PAYLOAD","LARGE","PRC","2013-07-19","TSC","","1597303","94600678","0 PAYLOAD B","1 39209U 13037B   13346.83183875  .00000575  00000-0  11029-3 0  9990","2 39209 098.0503 002.0005 0003418 256.9941 103.0879 14.67314796 21389"
"2.0","GENERATED VIA SPACE-TRACK.ORG API","2013-12-12T23:39:40","18 SPCS","PAYLOAD C","2013-037C","EARTH","TEME","UTC","SGP4","2013-12-12T19:58:02.463743","14.95176445","0.00319160","97.6906","1.9928","274.0473","85.7099","0","U","39210","999","2172","0.00008228500000","0.00000853","0.0000000000000","6959.966","96.309","604.045","559.618","PAYLOAD","LARGE","PRC","2013-07-19","TSC","","1597307","94600761","0 PAYLOAD C","1 39210U 13037C   13346.83197296  .00000853  00000-0  82285-4 0  9996","2 39210 097.6906 001.9928 0031916 274.0473 085.7099 14.95176445 21726"
"2.0","GENERATED VIA SPACE-TRACK.ORG API","2013-12-13T02:16:53","18 SPCS","PAYLOAD A","2013-037A","EARTH","TEME","UTC","SGP4","2013-12-13T00:33:27.771840","14.67954407","0.00073140","98.0506","2.3803","266.1162","93.9253","0","U","39208","999","2143","0.00006541300000","0.00000326","0.0000000000000","7045.747","98.095","672.765","662.459","PAYLOAD","LARGE","PRC","2013-07-19","TSC","","1597348","94601031","0 PAYLOAD A","1 39208U 13037A   13347.02323810  .00000326  00000-0  65413-4 0  9997","2 39208 098.0506 002.3803 0007314 266.1162 093.9253 14.67954407 21435"
"2.0","GENERATED VIA SPACE-TRACK.ORG API","2013-12-13T07:39:37","18 SPCS","PAYLOAD C","2013-037C","EARTH","TEME","UTC","SGP4","2013-12-13T03:59:53.277503","14.95177332","0.00319310","97.6906","2.3215","272.9178","86.8392","0","U","39210","999","2177","0.00008454800000","0.00000878","0.0000000000000","6959.963","96.309","604.052","559.604","PAYLOAD","LARGE","PRC","2013-07-19","TSC","","1597511","94603732","0 PAYLOAD C","1 39210U 13037C   13347.16658886  .00000878  00000-0  84548-4 0  9991","2 39210 097.6906 002.3215 0031931 272.9178 086.8392 14.95177332 21775"
"2.0","GENERATED VIA SPACE-TRACK.ORG API","2013-12-13T07:32:48","18 SPCS","PAYLOAD B","2013-037B","EARTH","TEME","UTC","SGP4","2013-12-13T04:08:50.047871","14.67315764","0.00034310","98.0502","2.3355","256.2392","103.8441","0","U","39209","999","2143","0.00012680000000","0.00000668","0.0000000000000","7047.791","98.138","672.074","667.238","PAYLOAD","LARGE","PRC","2013-07-19","TSC","","1597509","94603684","0 PAYLOAD B","1 39209U 13037B   13347.17280148  .00000668  00000-0  12680-3 0  9996","2 39209 098.0502 002.3355 0003431 256.2392 103.8441 14.67315764 21432"
"2.0","GENERATED VIA SPACE-TRACK.ORG API","2013-12-13T06:28:31","18 SPCS","PAYLOAD A","2013-037A","EARTH","TEME","UTC","SGP4","2013-12-13T05:27:55.520352","14.67955571","0.00073550","98.0505","2.5817","265.1371","94.9035","0","U","39208","999","2146","0.00010554000000","0.00000556","0.0000000000000","7045.743","98.095","672.790","662.426","PAYLOAD","LARGE","PRC","2013-07-19","TSC","","1597422","94601629","0 PAYLOAD A","1 39208U 13037A   13347.22772593  .00000556  00000-0  10554-3 0  9995","2 39208 098.0505 002.5817 0007355 265.1371 094.9035 14.67955571 21462"
"2.0","GENERATED VIA SPACE-TRACK.ORG API","2013-12-13T14:04:53","18 SPCS","PAYLOAD A","2013-037A","EARTH","TEME","UTC","SGP4","2013-12-13T12:00:32.498496","14.67955959","0.00072820","98.0504","2.8494","265.6205","94.4141","0","U","39208","999","2150","0.00010196000000","0.00000536","0.0000000000000","7045.742","98.095","672.738","662.476","PAYLOAD","LARGE","PRC","2013-07-19","TSC","","1597530","94603949","0 PAYLOAD A","1 39208U 13037A   13347.50037614  .00000536  00000-0  10196-3 0  9994","2 39208 098.0504 002.8494 0007282 265.6205 094.4141 14.67955959 21503"
"2.0","GENERATED VIA SPACE-TRACK.ORG API","2013-12-13T15:23:09","18 SPCS","PAYLOAD C","2013-037C","EARTH","TEME","UTC","SGP4","2013-12-13T12:01:44.090399","14.95178065","0.00319240","97.6904","2.6495","271.7278","88.0292","0","U","39210","999","2182","0.00008529100000","0.00000887","0.0000000000000","6959.961","96.309","604.045","559.607","PAYLOAD","LARGE","PRC","2013-07-19","TSC","","1597622","94606169","0 PAYLOAD C","1 39210U 13037C   13347.50120475  .00000887  00000-0  85291-4 0  9993","2 39210 097.6904 002.6495 0031924 271.7278 088.0292 14.95178065 21829"
"2.0","GENERATED VIA SPACE-TRACK.ORG API","2013-12-13T15:22:01","18 SPCS","PAYLOAD B","2013-037B","EARTH","TEME","UTC","SGP4","2013-12-13T12:19:49.190591","14.67316463","0.00034170","98.0503","2.6704","254.6410","105.4414","0","U","39209","999","2148","0.00013361000000","0.00000706","0.0000000000000","7047.789","98.138","672.062","667.246","PAYLOAD","LARGE","PRC","2013-07-19","TSC","","1597621","94606140","0 PAYLOAD B","1 39209U 13037B   13347.51376378  .00000706  00000-0  13361-3 0  9995","2 39209 098.0503 002.6704 0003417 254.6410 105.4414 14.67316463 21481"
"2.0","GENERATED VIA SPACE-TRACK.ORG API","2013-12-13T15:45:13","18 SPCS","PAYLOAD A","2013-037A","EARTH","TEME","UTC","SGP4","2013-12-13T13:38:41.810208","14.67956579","0.00072770","98.0507","2.9171","264.0381","96.0013","0","U","39208","999","2151","0.00012653000000","0.00000676","0.0000000000000","7045.740","98.095","672.732","662.478","PAYLOAD","LARGE","PRC","2013-07-19","TSC","","1597645","94606519","0 PAYLOAD A","1 39208U 13037A   13347.56853947  .00000676  00000-0  12653-3 0  9990","2 39208 098.0507 002.9171 0007277 264.0381 096.0013 14.67956579 21517"
"2.0","GENERATED VIA SPACE-TRACK.ORG API","2013-12-13T22:30:27","18 SPCS","PAYLOAD A","2013-037A","EARTH","TEME","UTC","SGP4","2013-12-13T18:33:09.577728","14.67956313","0.00073170","98.0505","3.1182","262.6195","97.4167","0","U","39208","999","2154","0.00010824000000","0.00000571","0.0000000000000","7045.741","98.095","672.761","662.451","PAYLOAD","LARGE","PRC","2013-07-19","TSC","","1597723","94607178","0 PAYLOAD A","1 39208U 13037A   13347.77302752  .00000571  00000-0  10824-3 0  9998","2 39208 098.0505 003.1182 0007317 262.6195 097.4167 14.67956313 21546"
"2.0","GENERATED VIA SPACE-TRACK.ORG API","2013-12-13T23:40:36","18 SPCS","PAYLOAD C","2013-037C","EARTH","TEME","UTC","SGP4","2013-12-13T20:03:34.939584","14.95178313","0.00319400","97.6902","2.9777","270.5819","89.1750","0","U","39210","999","2187","0.00008073700000","0.00000836","0.0000000000000","6959.960","96.309","604.055","559.595","PAYLOAD","LARGE","PRC","2013-07-19","TSC","","1597824","94609377","0 PAYLOAD C","1 39210U 13037C   13347.83582106  .00000836  00000-0  80737-4 0  9996","2 39210 097.6902 002.9777 0031940 270.5819 089.1750 14.95178313 21871"
"2.0","GENERATED VIA SPACE-TRACK.ORG API","2013-12-13T23:38:57","18 SPCS","PAYLOAD B","2013-037B","EARTH","TEME","UTC","SGP4","2013-12-13T20:30:48.425759","14.67316136","0.00034190","98.0499","3.0051","251.7013","108.3825","0","U","39209","999","2153","0.00010966000000","0.00000571","0.0000000000000","7047.790","98.138","672.065","667.245","PAYLOAD","LARGE","PRC","2013-07-19","TSC","","1597822","94609331","0 PAYLOAD B","1 39209U 13037B   13347.85472715  .00000571  00000-0  10966-3 0  9992","2 39209 098.0499 003.0051 0003419 251.7013 108.3825 14.67316136 21535"
"2.0","GENERATED VIA SPACE-TRACK.ORG API","2013-12-14T06:29:00","18 SPCS","PAYLOAD A","2013-037A","EARTH","TEME","UTC","SGP4","2013-12-14T02:43:55.936703","14.67956487","0.00073250","98.0504","3.4532","261.4066","98.6307","0","U","39208","999","2159","0.00009849600000","0.00000516","0.0000000000000","7045.740","98.095","672.766","662.444","PAYLOAD","LARGE","PRC","2013-07-19","TSC","","1597939","94610244","0 PAYLOAD A","1 39208U 13037A   13348.11384186  .00000516  00000-0  98496-4 0  9999","2 39208 098.0504 003.4532 0007325 261.4066 098.6307 14.67956487 21596"
"2.0","GENERATED VIA SPACE-TRACK.ORG API","2013-12-14T07:36:25","18 SPCS","PAYLOAD C","2013-037C","EARTH","TEME","UTC","SGP4","2013-12-14T04:05:25.715328","14.95179348","0.00319350","97.6901","3.3060","269.4478","90.3091","0","U","39210","999","2192","0.00008638000000","0.00000899","0.0000000000000","6959.957","96.309","604.049","559.595","PAYLOAD","LARGE","PRC","2013-07-19","TSC","","1598025","94612362","0 PAYLOAD C","1 39210U 13037C   13348.17043652  .00000899  00000-0  86380-4 0  9991","2 39210 097.6901 003.3060 0031935 269.4478 090.3091 14.95179348 21929"
"2.0","GENERATED VIA SPACE-TRACK.ORG API","2013-12-14T07:34:50","18 SPCS","PAYLOAD B","2013-037B","EARTH","TEME","UTC","SGP4","2013-12-14T04:41:47.572800","14.67316941","0.00034340","98.0499","3.3402","250.5909","109.4935","0","U","39209","999","2158","0.00012040000000","0.00000632","0.0000000000000","7047.787","98.138","672.073","667.232","PAYLOAD","LARGE","PRC","2013-07-19","TSC","","1598023","94612321","0 PAYLOAD B","1 39209U 13037B   13348.19568950  .00000632  00000-0  12040-3 0  9990","2 39209 098.0499 003.3402 0003434 250.5909 109.4935 14.67316941 21589"
"2.0","GENERATED VIA SPACE-TRACK.ORG API","2013-12-14T15:33:10","18 SPCS","PAYLOAD B","2013-037B","EARTH","TEME","UTC","SGP4","2013-12-14T11:14:34.866240","14.67317980","0.00034120","98.0500","3.6087","249.3343","110.7515","0","U","39209","999","2162","0.00014098000000","0.00000748","0.0000000000000","7047.784","98.138","672.054","667.244","PAYLOAD","LARGE","PRC","2013-07-19","TSC","","1598146","94615032","0 PAYLOAD B","1 39209U 13037B   13348.46845910  .00000748  00000-0  14098-3 0  9997","2 39209 098.0500 003.6087 0003412 249.3343 110.7515 14.67317980 21626"
"2.0","GENERATED VIA SPACE-TRACK.ORG API","2013-12-14T15:33:28","18 SPCS","PAYLOAD C","2013-037C","EARTH","TEME","UTC","SGP4","2013-12-14T12:07:16.483296","14.95179969","0.00318990","97.6900","3.6341","268.2227","91.5339","0","U","39210","999","2197","0.00008413500000","0.00000874","0.0000000000000","6959.955","96.309","604.022","559.619","PAYLOAD","LARGE","PRC","2013-07-19","TSC","","1598147","94615062","0 PAYLOAD C","1 39210U 13037C   13348.50505189  .00000874  00000-0  84135-4 0  9995","2 39210 097.6900 003.6341 0031899 268.2227 091.5339 14.95179969 21973"
"2.0","GENERATED VIA SPACE-TRACK.ORG API","2013-12-14T14:28:05","18 SPCS","PAYLOAD A","2013-037A","EARTH","TEME","UTC","SGP4","2013-12-14T12:32:51.547776","14.67956800","0.00073370","98.0504","3.8553","260.1739","99.8637","0","U","39208","999","2165","0.00009412800000","0.00000491","0.0000000000000","7045.739","98.095","672.774","662.435","PAYLOAD","LARGE","PRC","2013-07-19","TSC","","1598064","94613104","0 PAYLOAD A","1 39208U 13037A   13348.52281884  .00000491  00000-0  94128-4 0  9995","2 39208 098.0504 003.8553 0007337 260.1739 099.8637 14.67956800 21654"
"2.0","GENERATED VIA SPACE-TRACK.ORG API","2013-12-14T14:56:55","18 SPCS","PAYLOAD A","2013-037A","EARTH","TEME","UTC","SGP4","2013-12-14T14:11:00.814560","14.67956469","0.00072930","98.0503","3.9223","260.2993","99.7359","0","U","39208","999","2166","0.00008288900000","0.00000426","0.0000000000000","7045.740","98.095","672.744","662.467","PAYLOAD","LARGE","PRC","2013-07-19","TSC","","1598101","94613976","0 PAYLOAD A","1 39208U 13037A   13348.59098165  .00000426  00000-0  82889-4 0  9999","2 39208 098.0503 003.9223 0007293 260.2993 099.7359 14.67956469 21664"
"2.0","GENERATED VIA SPACE-TRACK.ORG API","2013-12-14T23:37:01","18 SPCS","PAYLOAD B","2013-037B","EARTH","TEME","UTC","SGP4","2013-12-14T19:25:34.015008","14.67317927","0.00034000","98.0499","3.9436","247.7568","112.3276","0","U","39209","999","2167","0.00012333000000","0.00000648","0.0000000000000","7047.784","98.138","672.046","667.253","PAYLOAD","LARGE","PRC","2013-07-19","TSC","","1598345","94618146","0 PAYLOAD B","1 39209U 13037B   13348.80942147  .00000648  00000-0  12333-3 0  9994","2 39209 098.0499 003.9436 0003400 247.7568 112.3276 14.67317927 21670"
"2.0","GENERATED VIA SPACE-TRACK.ORG API","2013-12-14T23:37:18","18 SPCS","PAYLOAD C","2013-037C","EARTH","TEME","UTC","SGP4","2013-12-14T20:09:07.294463","14.95180628","0.00319120","97.6900","3.9623","267.0384","92.7201","0","U","39210","999","2202","0.00008527800000","0.00000887","0.0000000000000","6959.953","96.309","604.029","559.608","PAYLOAD","LARGE","PRC","2013-07-19","TSC","","1598346","94618186","0 PAYLOAD C","1 39210U 13037C   13348.83966776  .00000887  00000-0  85278-4 0  9997","2 39210 097.6900 003.9623 0031912 267.0384 092.7201 14.95180628 22028"
"2.0","GENERATED VIA SPACE-TRACK.ORG API","2013-12-14T22:28:29","18 SPCS","PAYLOAD A","2013-037A","EARTH","TEME","UTC","SGP4","2013-12-14T20:43:37.892064","14.67957078","0.00073190","98.0504","4.1906","258.9174","101.1208","0","U","39208","999","2170","0.00009569300000","0.00000500","0.0000000000000","7045.738","98.095","672.760","662.447","PAYLOAD","LARGE","PRC","2013-07-19","TSC","","1598256","94616022","0 PAYLOAD A","1 39208U 13037A   13348.86363301  .00000500  00000-0  95693-4 0  9996","2 39208 098.0504 004.1906 0007319 258.9174 101.1208 14.67957078 21703"
"2.0","GENERATED VIA SPACE-TRACK.ORG API","2013-12-15T07:34:12","18 SPCS","PAYLOAD B","2013-037B","EARTH","TEME","UTC","SGP4","2013-12-15T03:36:33.103295","14.67319070","0.00033930","98.0500","4.2787","246.0447","114.0406","0","U","39209","999","2172","0.00014232000000","0.00000755","0.0000000000000","7047.781","98.138","672.037","667.254","PAYLOAD","LARGE","PRC","2013-07-19","TSC","","1598546","94621074","0 PAYLOAD B","1 39209U 13037B   13349.15038314  .00000755  00000-0  14232-3 0  9994","2 39209 098.0500 004.2787 0003393 246.0447 114.0406 14.67319070 21726"
"2.0","GENERATED VIA SPACE-TRACK.ORG API","2013-12-15T07:35:39","18 SPCS","PAYLOAD C","2013-037C","EARTH","TEME","UTC","SGP4","2013-12-15T04:10:58.013183","14.95182290","0.00319050","97.6897","4.2906","265.9627","93.7967","0","U","39210","999","2207","0.00010211000000","0.00001073","0.0000000000000","6959.948","96.309","604.019","559.607","PAYLOAD","LARGE","PRC","2013-07-19","TSC","","1598548","94621118","0 PAYLOAD C","1 39210U 13037C   13349.17428256  .00001073  00000-0  10211-3 0  9993","2 39210 097.6897 004.2906 0031905 265.9627 093.7967 14.95182290 22072"
"2.0","GENERATED VIA SPACE-TRACK.ORG API","2013-12-15T06:26:52","18 SPCS","PAYLOAD A","2013-037A","EARTH","TEME","UTC","SGP4","2013-12-15T04:54:24.174143","14.67957817","0.00073230","98.0504","4.5257","257.5692","102.4699","0","U","39208","999","2175","0.00010135000000","0.00000532","0.0000000000000","7045.736","98.095","672.761","662.441","PAYLOAD","LARGE","PRC","2013-07-19","TSC","","1598454","94618936","0 PAYLOAD A","1 39208U 13037A   13349.20444646  .00000532  00000-0  10135-3 0  9999","2 39208 098.0504 004.5257 0007323 257.5692 102.4699 14.67957817 21755"
"2.0","GENERATED VIA SPACE-TRACK.ORG API","2013-12-15T14:25:27","18 SPCS","PAYLOAD A","2013-037A","EARTH","TEME","UTC","SGP4","2013-12-15T11:27:01.184255","14.67958886","0.00072850","98.0509","4.7941","256.8621","103.1777","0","U","39208","999","2179","0.00012811000000","0.00000685","0.0000000000000","7045.733","98.095","672.730","662.465","PAYLOAD","LARGE","PRC","2013-07-19","TSC","","1598584","94621757","0 PAYLOAD A","1 39208U 13037A   13349.47709704  .00000685  00000-0  12811-3 0  9999","2 39208 098.0509 004.7941 0007285 256.8621 103.1777 14.67958886 21799"
"2.0","GENERATED VIA SPACE-TRACK.ORG API","2013-12-15T15:28:28","18 SPCS","PAYLOAD B","2013-037B","EARTH","TEME","UTC","SGP4","2013-12-15T11:47:32.182944","14.67320170","0.00033810","98.0501","4.6138","244.5972","115.4890","0","U","39209","999","2177","0.00015851000000","0.00000847","0.0000000000000","7047.777","98.138","672.025","667.259","PAYLOAD","LARGE","PRC","2013-07-19","TSC","","1598664","94623742","0 PAYLOAD B","1 39209U 13037B   13349.49134471  .00000847  00000-0  15851-3 0  9992","2 39209 098.0501 004.6138 0003381 244.5972 115.4890 14.67320170 21774"
"2.0","GENERATED VIA SPACE-TRACK.ORG API","2013-12-15T15:30:03","18 SPCS","PAYLOAD C","2013-037C","EARTH","TEME","UTC","SGP4","2013-12-15T12:12:48.682655","14.95183770","0.00318460","97.6898","4.6191","264.6522","95.1074","0","U","39210","999","2212","0.00011308000000","0.00001195","0.0000000000000","6959.943","96.309","603.973","559.644","PAYLOAD","LARGE","PRC","2013-07-19","TSC","","1598666","94623790","0 PAYLOAD C","1 39210U 13037C   13349.50889679  .00001195  00000-0  11308-3 0  9993","2 39210 097.6898 004.6191 0031846 264.6522 095.1074 14.95183770 22122"
"2.0","GENERATED VIA SPACE-TRACK.ORG API","2013-12-15T23:50:54","18 SPCS","PAYLOAD B","2013-037B","EARTH","TEME","UTC","SGP4","2013-12-15T19:58:31.329984","14.67319734","0.00033810","98.0497","4.9485","241.6459","118.4403","0","U","39209","999","2182","0.00012767000000","0.00000673","0.0000000000000","7047.779","98.138","672.026","667.261","PAYLOAD","LARGE","PRC","2013-07-19","TSC","","1598870","94627276","0 PAYLOAD B","1 39209U 13037B   13349.83230706  .00000673  00000-0  12767-3 0  9998","2 39209 098.0497 004.9485 0003381 241.6459 118.4403 14.67319734 21827"
"2.0","GENERATED VIA SPACE-TRACK.ORG API","2013-12-15T23:51:09","18 SPCS","PAYLOAD C","2013-037C","EARTH","TEME","UTC","SGP4","2013-12-15T20:14:39.389279","14.95184811","0.00318690","97.6895","4.9470","263.3852","96.3761","0","U","39210","999","2217","0.00011578000000","0.00001225","0.0000000000000","6959.940","96.309","603.986","559.624","PAYLOAD","LARGE","PRC","2013-07-19","TSC","","1598871","94627313","0 PAYLOAD C","1 39210U 13037C   13349.84351145  .00001225  00000-0  11578-3 0  9995","2 39210 097.6895 004.9470 0031869 263.3852 096.3761 14.95184811 22177"
"2.0","GENERATED VIA SPACE-TRACK.ORG API","2013-12-15T22:29:05","18 SPCS","PAYLOAD A","2013-037A","EARTH","TEME","UTC","SGP4","2013-12-15T21:15:56.746080","14.67958511","0.00072370","98.0504","5.1965","255.4022","104.6353","0","U","39208","999","2185","0.00009639800000","0.00000504","0.0000000000000","7045.734","98.095","672.698","662.500","PAYLOAD","LARGE","PRC","2013-07-19","TSC","","1598773","94624910","0 PAYLOAD A","1 39208U 13037A   13349.88607345  .00000504  00000-0  96398-4 0  9995","2 39208 098.0504 005.1965 0007237 255.4022 104.6353 14.67958511 21850"
"2.0","GENERATED VIA SPACE-TRACK.ORG API","2013-12-16T06:29:58","18 SPCS","PAYLOAD A","2013-037A","EARTH","TEME","UTC","SGP4","2013-12-16T03:48:33.829632","14.67958762","0.00072340","98.0503","5.4646","254.5292","105.5114","0","U","39208","999","2189","0.00009449100000","0.00000493","0.0000000000000","7045.733","98.095","672.695","662.501","PAYLOAD","LARGE","PRC","2013-07-19","TSC","","1599008","94628239","0 PAYLOAD A","1 39208U 13037A   13350.15872488  .00000493  00000-0  94491-4 0  9998","2 39208 098.0503 005.4646 0007234 254.5292 105.5114 14.67958762 21891"
"2.0","GENERATED VIA SPACE-TRACK.ORG API","2013-12-16T07:35:42","18 SPCS","PAYLOAD B","2013-037B","EARTH","TEME","UTC","SGP4","2013-12-16T04:09:30.417408","14.67321153","0.00033440","98.0497","5.2834","241.2098","118.8789","0","U","39209","999","2187","0.00015895000000","0.00000849","0.0000000000000","7047.774","98.138","671.996","667.282","PAYLOAD","LARGE","PRC","2013-07-19","TSC","","1599095","94630252","0 PAYLOAD B","1 39209U 13037B   13350.17326872  .00000849  00000-0  15895-3 0  9997","2 39209 098.0497 005.2834 0003344 241.2098 118.8789 14.67321153 21877"
"2.0","GENERATED VIA SPACE-TRACK.ORG API","2013-12-16T07:36:54","18 SPCS","PAYLOAD C","2013-037C","EARTH","TEME","UTC","SGP4","2013-12-16T04:16:30.013823","14.95186603","0.00318690","97.6894","5.2751","262.2918","97.4692","0","U","39210","999","2222","0.00013162000000","0.00001401","0.0000000000000","6959.935","96.309","603.980","559.619","PAYLOAD","LARGE","PRC","2013-07-19","TSC","","1599097","94630297","0 PAYLOAD C","1 39210U 13037C   13350.17812516  .00001401  00000-0  13162-3 0  9994","2 39210 097.6894 005.2751 0031869 262.2918 097.4692 14.95186603 22225"
"2.0","GENERATED VIA SPACE-TRACK.ORG API","2013-12-16T14:25:39","18 SPCS","PAYLOAD A","2013-037A","EARTH","TEME","UTC","SGP4","2013-12-16T11:59:20.122079","14.67959119","0.00072350","98.0503","5.7997","253.4144","106.6267","0","U","39208","999","2194","0.00009393100000","0.00000490","0.0000000000000","7045.732","98.095","672.694","662.499","PAYLOAD","LARGE","PRC","2013-07-19","TSC","","1599140","94630939","0 PAYLOAD A","1 39208U 13037A   13350.49953845  .00000490  00000-0  93931-4 0  9997","2 39208 098.0503 005.7997 0007235 253.4144 106.6267 14.67959119 21942"
"2.0","GENERATED VIA SPACE-TRACK.ORG API","2013-12-16T15:47:57","18 SPCS","PAYLOAD C","2013-037C","EARTH","TEME","UTC","SGP4","2013-12-16T12:18:20.659967","14.95187897","0.00318560","97.6894","5.6033","261.1437","98.6188","0","U","39210","999","2227","0.00013592000000","0.00001449","0.0000000000000","6959.931","96.308","603.967","559.624","PAYLOAD","LARGE","PRC","2013-07-19","TSC","","1599243","94633162","0 PAYLOAD C","1 39210U 13037C   13350.51273912  .00001449  00000-0  13592-3 0  9992","2 39210 097.6894 005.6033 0031856 261.1437 098.6188 14.95187897 22276"
"2.0","GENERATED VIA SPACE-TRACK.ORG API","2013-12-16T15:27:34","18 SPCS","PAYLOAD B","2013-037B","EARTH","TEME","UTC","SGP4","2013-12-16T12:20:29.445215","14.67322076","0.00033410","98.0497","5.6183","240.0725","120.0151","0","U","39209","999","2192","0.00016871000000","0.00000904","0.0000000000000","7047.771","98.137","671.991","667.281","PAYLOAD","LARGE","PRC","2013-07-19","TSC","","1599217","94632780","0 PAYLOAD B","1 39209U 13037B   13350.51422969  .00000904  00000-0  16871-3 0  9996","2 39209 098.0497 005.6183 0003341 240.0725 120.0151 14.67322076 21928"
"2.0","GENERATED VIA SPACE-TRACK.ORG API","2013-12-16T23:45:43","18 SPCS","PAYLOAD C","2013-037C","EARTH","TEME","UTC","SGP4","2013-12-16T20:20:11.291423","14.95188761","0.00318820","97.6892","5.9312","259.8688","99.8938","0","U","39210","999","2232","0.00013452000000","0.00001433","0.0000000000000","6959.928","96.308","603.983","559.603","PAYLOAD","LARGE","PRC","2013-07-19","TSC","","1599449","94636061","0 PAYLOAD C","1 39210U 13037C   13350.84735291  .00001433  00000-0  13452-3 0  9999","2 39210 097.6892 005.9312 0031882 259.8688 099.8938 14.95188761 22321"
"2.0","GENERATED VIA SPACE-TRACK.ORG API","2013-12-16T23:45:30","18 SPCS","PAYLOAD B","2013-037B","EARTH","TEME","UTC","SGP4","2013-12-16T20:31:28.534368","14.67322037","0.00033580","98.0493","5.9530","238.4244","121.6623","0","U","39209","999","2197","0.00015107000000","0.00000805","0.0000000000000","7047.771","98.137","672.003","667.270","PAYLOAD","LARGE","PRC","2013-07-19","TSC","","1599448","94636023","0 PAYLOAD B","1 39209U 13037B   13350.85519137  .00000805  00000-0  15107-3 0  9998","2 39209 098.0493 005.9530 0003358 238.4244 121.6623 14.67322037 21971"
"2.0","GENERATED VIA SPACE-TRACK.ORG API","2013-12-16T22:29:53","18 SPCS","PAYLOAD A","2013-037A","EARTH","TEME","UTC","SGP4","2013-12-16T21:48:15.595776","14.67960316","0.00072910","98.0496","6.2014","251.2908","108.7515","0","U","39208","999","2200","0.00011575000000","0.00000615","0.0000000000000","7045.728","98.095","672.730","662.456","PAYLOAD","LARGE","PRC","2013-07-19","TSC","","1599337","94633831","0 PAYLOAD A","1 39208U 13037A   13350.90851384  .00000615  00000-0  11575-3 0  9990","2 39208 098.0496 006.2014 0007291 251.2908 108.7515 14.67960316 22003"
"2.0","GENERATED VIA SPACE-TRACK.ORG API","2013-12-17T06:28:41","18 SPCS","PAYLOAD A","2013-037A","EARTH","TEME","UTC","SGP4","2013-12-17T04:20:52.567008","14.67960829","0.00072940","98.0493","6.4696","250.5829","109.4586","0","U","39208","999","2204","0.00011736000000","0.00000624","0.0000000000000","7045.726","98.095","672.731","662.452","PAYLOAD","LARGE","PRC","2013-07-19","TSC","","1599635","94636954","0 PAYLOAD A","1 39208U 13037A   13351.18116397  .00000624  00000-0  11736-3 0  9998","2 39208 098.0493 006.4696 0007294 250.5829 109.4586 14.67960829 22044"
"2.0","GENERATED VIA SPACE-TRACK.ORG API","2013-12-17T07:41:40","18 SPCS","PAYLOAD C","2013-037C","EARTH","TEME","UTC","SGP4","2013-12-17T04:22:01.883136","14.95190256","0.00319070","97.6891","6.2594","258.7225","101.0422","0","U","39210","999","2237","0.00014037000000","0.00001498","0.0000000000000","6959.923","96.308","603.995","559.581","PAYLOAD","LARGE","PRC","2013-07-19","TSC","","1599729","94639154","0 PAYLOAD C","1 39210U 13037C   13351.18196624  .00001498  00000-0  14037-3 0  9999","2 39210 097.6891 006.2594 0031907 258.7225 101.0422 14.95190256 22370"
"2.0","GENERATED VIA SPACE-TRACK.ORG API","2013-12-17T07:40:35","18 SPCS","PAYLOAD B","2013-037B","EARTH","TEME","UTC","SGP4","2013-12-17T04:42:27.576863","14.67323023","0.00033940","98.0491","6.2879","236.6752","123.4137","0","U","39209","999","2202","0.00016109000000","0.00000861","0.0000000000000","7047.768","98.137","672.025","667.241","PAYLOAD","LARGE","PRC","2013-07-19","TSC","","1599728","94639109","0 PAYLOAD B","1 39209U 13037B   13351.19615251  .00000861  00000-0  16109-3 0  9995","2 39209 098.0491 006.2879 0003394 236.6752 123.4137 14.67323023 22026"
"2.0","GENERATED VIA SPACE-TRACK.ORG API","2013-12-17T14:29:28","18 SPCS","PAYLOAD A","2013-037A","EARTH","TEME","UTC","SGP4","2013-12-17T10:53:29.557247","14.67961382","0.00072950","98.0495","6.7375","249.7735","110.2689","0","U","39208","999","2208","0.00012141000000","0.00000647","0.0000000000000","7045.725","98.095","672.730","662.450","PAYLOAD","LARGE","PRC","2013-07-19","TSC","","1599772","94639879","0 PAYLOAD A","1 39208U 13037A   13351.45381432  .00000647  00000-0  12141-3 0  9998","2 39208 098.0495 006.7375 0007295 249.7735 110.2689 14.67961382 22083"
"2.0","GENERATED VIA SPACE-TRACK.ORG API","2013-12-17T15:27:22","18 SPCS","PAYLOAD B","2013-037B","EARTH","TEME","UTC","SGP4","2013-12-17T11:15:14.788223","14.67323935","0.00033830","98.0491","6.5558","235.2331","124.8568","0","U","39209","999","2206","0.00017565000000","0.00000944","0.0000000000000","7047.765","98.137","672.014","667.246","PAYLOAD","LARGE","PRC","2013-07-19","TSC","","1599846","94641660","0 PAYLOAD B","1 39209U 13037B   13351.46892116  .00000944  00000-0  17565-3 0  9991","2 39209 098.0491 006.5558 0003383 235.2331 124.8568 14.67323935 22068"
"2.0","GENERATED VIA SPACE-TRACK.ORG API","2013-12-17T15:26:56","18 SPCS","PAYLOAD C","2013-037C","EARTH","TEME","UTC","SGP4","2013-12-17T12:23:52.454976","14.95191664","0.00318750","97.6891","6.5876","257.6020","102.1641","0","U","39210","999","2242","0.00014557000000","0.00001556","0.0000000000000","6959.919","96.308","603.969","559.599","PAYLOAD","LARGE","PRC","2013-07-19","TSC","","1599845","94641647","0 PAYLOAD C","1 39210U 13037C   13351.51657934  .00001556  00000-0  14557-3 0  9994","2 39210 097.6891 006.5876 0031875 257.6020 102.1641 14.95191664 22426"
"2.0","GENERATED VIA SPACE-TRACK.ORG API","2013-12-17T23:35:51","18 SPCS","PAYLOAD B","2013-037B","EARTH","TEME","UTC","SGP4","2013-12-17T19:26:13.857503","14.67323608","0.00033780","98.0489","6.8909","234.3369","125.7516","0","U","39209","999","2211","0.00014710000000","0.00000782","0.0000000000000","7047.766","98.137","672.012","667.250","PAYLOAD","LARGE","PRC","2013-07-19","TSC","","1600014","94644786","0 PAYLOAD B","1 39209U 13037B   13351.80988261  .00000782  00000-0  14710-3 0  9995","2 39209 098.0489 006.8909 0003378 234.3369 125.7516 14.67323608 22119"
"2.0","GENERATED VIA SPACE-TRACK.ORG API","2013-12-17T23:37:21","18 SPCS","PAYLOAD C","2013-037C","EARTH","TEME","UTC","SGP4","2013-12-17T20:25:43.048416","14.95192468","0.00318730","97.6887","6.9152","256.2668","103.5006","0","U","39210","999","2247","0.00014330000000","0.00001531","0.0000000000000","6959.916","96.308","603.965","559.598","PAYLOAD","LARGE","PRC","2013-07-19","TSC","","1600016","94644835","0 PAYLOAD C","1 39210U 13037C   13351.85119269  .00001531  00000-0  14330-3 0  9997","2 39210 097.6887 006.9152 0031873 256.2668 103.5006 14.95192468 22471"
"2.0","GENERATED VIA SPACE-TRACK.ORG API","2013-12-17T22:40:43","18 SPCS","PAYLOAD A","2013-037A","EARTH","TEME","UTC","SGP4","2013-12-17T20:42:25.046495","14.67961180","0.00072800","98.0491","7.1394","247.3614","112.6774","0","U","39208","999","2214","0.00010961000000","0.00000579","0.0000000000000","7045.725","98.095","672.720","662.461","PAYLOAD","LARGE","PRC","2013-07-19","TSC","","1599931","94642838","0 PAYLOAD A","1 39208U 13037A   13351.86278989  .00000579  00000-0  10961-3 0  9997","2 39208 098.0491 007.1394 0007280 247.3614 112.6774 14.67961180 22143"
"2.0","GENERATED VIA SPACE-TRACK.ORG API","2013-12-18T07:32:08","18 SPCS","PAYLOAD B","2013-037B","EARTH","TEME","UTC","SGP4","2013-12-18T03:37:12.852479","14.67324342","0.00034470","98.0482","7.2258","232.8021","127.2873","0","U","39209","999","2216","0.00014723000000","0.00000783","0.0000000000000","7047.764","98.137","672.058","667.199","PAYLOAD","LARGE","PRC","2013-07-19","TSC","","1600211","94647561","0 PAYLOAD B","1 39209U 13037B   13352.15084320  .00000783  00000-0  14723-3 0  9992","2 39209 098.0482 007.2258 0003447 232.8021 127.2873 14.67324342 22163"
"2.0","GENERATED VIA SPACE-TRACK.ORG API","2013-12-18T07:33:20","18 SPCS","PAYLOAD C","2013-037C","EARTH","TEME","UTC","SGP4","2013-12-18T04:27:33.571872","14.95194408","0.00318750","97.6885","7.2433","255.1466","104.6233","0","U","39210","999","2252","0.00015828000000","0.00001697","0.0000000000000","6959.910","96.308","603.960","559.591","PAYLOAD","LARGE","PRC","2013-07-19","TSC","","1600212","94647577","0 PAYLOAD C","1 39210U 13037C   13352.18580523  .00001697  00000-0  15828-3 0  9995","2 39210 097.6885 007.2433 0031875 255.1466 104.6233 14.95194408 22527"
"2.0","GENERATED VIA SPACE-TRACK.ORG API","2013-12-18T06:27:52","18 SPCS","PAYLOAD A","2013-037A","EARTH","TEME","UTC","SGP4","2013-12-18T04:53:11.370048","14.67961609","0.00072720","98.0492","7.4744","246.3753","113.6687","0","U","39208","999","2219","0.00011023000000","0.00000583","0.0000000000000","7045.724","98.095","672.713","662.465","PAYLOAD","LARGE","PRC","2013-07-19","TSC","","1600129","94645631","0 PAYLOAD A","1 39208U 13037A   13352.20360382  .00000583  00000-0  11023-3 0  9990","2 39208 098.0492 007.4744 0007272 246.3753 113.6687 14.67961609 22195"
"2.0","GENERATED VIA SPACE-TRACK.ORG API","2013-12-18T15:29:00","18 SPCS","PAYLOAD B","2013-037B","EARTH","TEME","UTC","SGP4","2013-12-18T11:48:11.853504","14.67325031","0.00034510","98.0482","7.5607","231.4746","128.6155","0","U","39209","999","2221","0.00014994000000","0.00000799","0.0000000000000","7047.762","98.137","672.059","667.194","PAYLOAD","LARGE","PRC","2013-07-19","TSC","","1600325","94650045","0 PAYLOAD B","1 39209U 13037B   13352.49180386  .00000799  00000-0  14994-3 0  9995","2 39209 098.0482 007.5607 0003451 231.4746 128.6155 14.67325031 22218"
"2.0","GENERATED VIA SPACE-TRACK.ORG API","2013-12-18T15:29:19","18 SPCS","PAYLOAD C","2013-037C","EARTH","TEME","UTC","SGP4","2013-12-18T12:29:24.078912","14.95195595","0.00318600","97.6886","7.5716","253.9709","105.8004","0","U","39210","999","2257","0.00015775000000","0.00001691","0.0000000000000","6959.907","96.308","603.946","559.597","PAYLOAD","LARGE","PRC","2013-07-19","TSC","","1600326","94650076","0 PAYLOAD C","1 39210U 13037C   13352.52041758  .00001691  00000-0  15775-3 0  9990","2 39210 097.6886 007.5716 0031860 253.9709 105.8004 14.95195595 22577"
"2.0","GENERATED VIA SPACE-TRACK.ORG API","2013-12-18T14:24:35","18 SPCS","PAYLOAD A","2013-037A","EARTH","TEME","UTC","SGP4","2013-12-18T13:03:57.610656","14.67961833","0.00072600","98.0493","7.8094","245.1600","114.8843","0","U","39208","999","2224","0.00010350000000","0.00000544","0.0000000000000","7045.723","98.095","672.703","662.473","PAYLOAD","LARGE","PRC","2013-07-19","TSC","","1600245","94648166","0 PAYLOAD A","1 39208U 13037A   13352.54441679  .00000544  00000-0  10350-3 0  9995","2 39208 098.0493 007.8094 0007260 245.1600 114.8843 14.67961833 22245"
"2.0","GENERATED VIA SPACE-TRACK.ORG API","2013-12-18T14:40:02","18 SPCS","PAYLOAD B","2013-037B","EARTH","TEME","UTC","SGP4","2013-12-18T13:26:23.644031","14.67325174","0.00034080","98.0486","7.6273","230.7995","129.2900","0","U","39209","999","2222","0.00015186000000","0.00000809","0.0000000000000","7047.761","98.137","672.028","667.224","PAYLOAD","LARGE","PRC","2013-07-19","TSC","","1600265","94648642","0 PAYLOAD B","1 39209U 13037B   13352.55999588  .00000809  00000-0  15186-3 0  9990","2 39209 098.0486 007.6273 0003408 230.7995 129.2900 14.67325174 22226"
"2.0","GENERATED VIA SPACE-TRACK.ORG API","2013-12-18T19:10:07","18 SPCS","PAYLOAD B","2013-037B","EARTH","TEME","UTC","SGP4","2013-12-18T18:20:59.078688","14.67325254","0.00034000","98.0485","7.8282","229.2235","130.8667","0","U","39209","999","2225","0.00014874000000","0.00000792","0.0000000000000","7047.761","98.137","672.022","667.230","PAYLOAD","LARGE","PRC","2013-07-19","TSC","","1600366","94650471","0 PAYLOAD B","1 39209U 13037B   13352.76457267  .00000792  00000-0  14874-3 0  9990","2 39209 098.0485 007.8282 0003400 229.2235 130.8667 14.67325254 22259"
"2.0","GENERATED VIA SPACE-TRACK.ORG API","2013-12-18T20:37:20","18 SPCS","PAYLOAD B","2013-037B","EARTH","TEME","UTC","SGP4","2013-12-18T19:59:10.891680","14.67325357","0.00033990","98.0485","7.8952","229.0354","131.0556","0","U","39209","999","2226","0.00014856000000","0.00000791","0.0000000000000","7047.761","98.137","672.021","667.230","PAYLOAD","LARGE","PRC","2013-07-19","TSC","","1600370","94650475","0 PAYLOAD B","1 39209U 13037B   13352.83276495  .00000791  00000-0  14856-3 0  9999","2 39209 098.0485 007.8952 0003399 229.0354 131.0556 14.67325357 22265"
"2.0","GENERATED VIA SPACE-TRACK.ORG API","2013-12-19T00:11:43","18 SPCS","PAYLOAD C","2013-037C","EARTH","TEME","UTC","SGP4","2013-12-18T20:31:14.616191","14.95196186","0.00318680","97.6883","7.8998","252.6988","107.0744","0","U","39210","999","2262","0.00014926000000","0.00001597","0.0000000000000","6959.905","96.308","603.950","559.590","PAYLOAD","LARGE","PRC","2013-07-19","TSC","","1600512","94653647","0 PAYLOAD C","1 39210U 13037C   13352.85503028  .00001597  00000-0  14926-3 0  9991","2 39210 097.6883 007.8998 0031868 252.6988 107.0744 14.95196186 22620"
"2.0","GENERATED VIA SPACE-TRACK.ORG API","2013-12-18T22:35:54","18 SPCS","PAYLOAD A","2013-037A","EARTH","TEME","UTC","SGP4","2013-12-18T21:14:43.830527","14.67962056","0.00073460","98.0487","8.1440","242.9061","117.1402","0","U","39208","999","2229","0.00009138000000","0.00000475","0.0000000000000","7045.723","98.095","672.763","662.412","PAYLOAD","LARGE","PRC","2013-07-19","TSC","","1600405","94651180","0 PAYLOAD A","1 39208U 13037A   13352.88522952  .00000475  00000-0  91380-4 0  9992","2 39208 098.0487 008.1440 0007346 242.9061 117.1402 14.67962056 22298"
"2.0","GENERATED VIA SPACE-TRACK.ORG API","2013-12-18T22:52:14","18 SPCS","PAYLOAD B","2013-037B","EARTH","TEME","UTC","SGP4","2013-12-18T21:37:22.692576","14.67325512","0.00033870","98.0485","7.9622","229.2160","130.8753","0","U","39209","999","2227","0.00014897000000","0.00000793","0.0000000000000","7047.760","98.137","672.012","667.238","PAYLOAD","LARGE","PRC","2013-07-19","TSC","","1600428","94651726","0 PAYLOAD B","1 39209U 13037B   13352.90095709  .00000793  00000-0  14897-3 0  9991","2 39209 098.0485 007.9622 0003387 229.2160 130.8753 14.67325512 22274"
"2.0","GENERATED VIA SPACE-TRACK.ORG API","2013-12-19T03:56:00","18 SPCS","PAYLOAD A","2013-037A","EARTH","TEME","UTC","SGP4","2013-12-19T02:09:11.498688","14.67962929","0.00073770","98.0485","8.3452","242.4597","117.5857","0","U","39208","999","2232","0.00010923000000","0.00000577","0.0000000000000","7045.720","98.095","672.782","662.387","PAYLOAD","LARGE","PRC","2013-07-19","TSC","","1600547","94653819","0 PAYLOAD A","1 39208U 13037A   13353.08971642  .00000577  00000-0  10923-3 0  9995","2 39208 098.0485 008.3452 0007377 242.4597 117.5857 14.67962929 22325"
"2.0","GENERATED VIA SPACE-TRACK.ORG API","2013-12-19T04:31:16","18 SPCS","PAYLOAD B","2013-037B","EARTH","TEME","UTC","SGP4","2013-12-19T02:31:58.070207","14.67325836","0.00034040","98.0485","8.1632","228.3593","131.7320","0","U","39209","999","2230","0.00014577000000","0.00000775","0.0000000000000","7047.759","98.137","672.023","667.225","PAYLOAD","LARGE","PRC","2013-07-19","TSC","","1600550","94653822","0 PAYLOAD B","1 39209U 13037B   13353.10553322  .00000775  00000-0  14577-3 0  9999","2 39209 098.0485 008.1632 0003404 228.3593 131.7320 14.67325836 22301"
"2.0","GENERATED VIA SPACE-TRACK.ORG API","2013-12-19T08:03:35","18 SPCS","PAYLOAD C","2013-037C","EARTH","TEME","UTC","SGP4","2013-12-19T04:33:05.061887","14.95197918","0.00319140","97.6882","8.2278","251.4991","108.2763","0","U","39210","999","2267","0.00015844000000","0.00001699","0.0000000000000","6959.899","96.308","603.976","559.553","PAYLOAD","LARGE","PRC","2013-07-19","TSC","","1600722","94656838","0 PAYLOAD C","1 39210U 13037C   13353.18964192  .00001699  00000-0  15844-3 0  9994","2 39210 097.6882 008.2278 0031914 251.4991 108.2763 14.95197918 22671"
"2.0","GENERATED VIA SPACE-TRACK.ORG API","2013-12-19T12:50:19","18 SPCS","PAYLOAD C","2013-037C","EARTH","TEME","UTC","SGP4","2013-12-19T07:45:49.245695","14.95198485","0.00319120","97.6882","8.3590","251.0358","108.7409","0","U","39210","999","2269","0.00015990000000","0.00001716","0.0000000000000","6959.898","96.308","603.973","559.552","PAYLOAD","LARGE","PRC","2013-07-19","TSC","","1600780","94658194","0 PAYLOAD C","1 39210U 13037C   13353.32348664  .00001716  00000-0  15990-3 0  9992","2 39210 097.6882 008.3590 0031912 251.0358 108.7409 14.95198485 22694"
"2.0","GENERATED VIA SPACE-TRACK.ORG API","2013-12-19T12:22:16","18 SPCS","PAYLOAD A","2013-037A","EARTH","TEME","UTC","SGP4","2013-12-19T10:19:57.690048","14.67963447","0.00073640","98.0487","8.6805","240.4348","119.6123","0","U","39208","999","2237","0.00010842000000","0.00000573","0.0000000000000","7045.718","98.095","672.772","662.395","PAYLOAD","LARGE","PRC","2013-07-19","TSC","","1600747","94657408","0 PAYLOAD A","1 39208U 13037A   13353.43052882  .00000573  00000-0  10842-3 0  9996","2 39208 098.0487 008.6805 0007364 240.4348 119.6123 14.67963447 22370"
"2.0","GENERATED VIA SPACE-TRACK.ORG API","2013-12-19T12:50:19","18 SPCS","PAYLOAD B","2013-037B","EARTH","TEME","UTC","SGP4","2013-12-19T10:42:57.044447","14.67326243","0.00034860","98.0481","8.4985","227.2977","132.7939","0","U","39209","999","2235","0.00013931000000","0.00000739","0.0000000000000","7047.758","98.137","672.080","667.166","PAYLOAD","LARGE","PRC","2013-07-19","TSC","","1600780","94658180","0 PAYLOAD B","1 39209U 13037B   13353.44649357  .00000739  00000-0  13931-3 0  9993","2 39209 098.0481 008.4985 0003486 227.2977 132.7939 14.67326243 22350"
"2.0","GENERATED VIA SPACE-TRACK.ORG API","2013-12-19T14:42:40","18 SPCS","PAYLOAD B","2013-037B","EARTH","TEME","UTC","SGP4","2013-12-19T12:21:08.832383","14.67326131","0.00034410","98.0485","8.5653","227.0044","133.0849","0","U","39209","999","2236","0.00013616000000","0.00000721","0.0000000000000","7047.758","98.137","672.048","667.198","PAYLOAD","LARGE","PRC","2013-07-19","TSC","","1600794","94658332","0 PAYLOAD B","1 39209U 13037B   13353.51468556  .00000721  00000-0  13616-3 0  9992","2 39209 098.0485 008.5653 0003441 227.0044 133.0849 14.67326131 22362"
"2.0","GENERATED VIA SPACE-TRACK.ORG API","2013-12-19T16:43:06","18 SPCS","PAYLOAD B","2013-037B","EARTH","TEME","UTC","SGP4","2013-12-19T15:37:32.462688","14.67325442","0.00034410","98.0485","8.6992","226.5729","133.5148","0","U","39209","999","2238","0.00011563000000","0.00000605","0.0000000000000","7047.760","98.137","672.050","667.200","PAYLOAD","LARGE","PRC","2013-07-19","TSC","","1600839","94658901","0 PAYLOAD B","1 39209U 13037B   13353.65107017  .00000605  00000-0  11563-3 0  9999","2 39209 098.0485 008.6992 0003441 226.5729 133.5148 14.67325442 22386"
"2.0","GENERATED VIA SPACE-TRACK.ORG API","2013-12-19T22:44:43","18 SPCS","PAYLOAD B","2013-037B","EARTH","TEME","UTC","SGP4","2013-12-19T17:15:44.329248","14.67325531","0.00034410","98.0485","8.7662","226.3571","133.7348","0","U","39209","999","2239","0.00011563000000","0.00000605","0.0000000000000","7047.760","98.137","672.050","667.200","PAYLOAD","LARGE","PRC","2013-07-19","TSC","","1600855","94658989","0 PAYLOAD B","1 39209U 13037B   13353.71926307  .00000605  00000-0  11563-3 0  9997","2 39209 098.0485 008.7662 0003441 226.3571 133.7348 14.67325531 22398"
"2.0","GENERATED VIA SPACE-TRACK.ORG API","2013-12-20T02:12:57","18 SPCS","PAYLOAD A","2013-037A","EARTH","TEME","UTC","SGP4","2013-12-19T20:08:54.007871","14.67963702","0.00071300","98.0516","9.0842","241.3645","118.7333","0","U","39208","999","2243","0.00010647000000","0.00000609","0.0000000000000","7045.717","98.095","672.606","662.559","PAYLOAD","LARGE","PRC","2013-07-19","TSC","","1600938","94659621","0 PAYLOAD A","1 39208U 13037A   13353.83951398  .00000609  00000-0  10647-3 0  9993","2 39208 098.0516 009.0842 0007130 241.3645 118.7333 14.67963702 22434"
"2.0","GENERATED VIA SPACE-TRACK.ORG API","2013-12-19T22:48:34","18 SPCS","PAYLOAD B","2013-037B","EARTH","TEME","UTC","SGP4","2013-12-19T20:32:07.925855","14.67325280","0.00035310","98.0485","8.9001","224.0207","136.0712","0","U","39209","999","2241","0.00009677000000","0.00000498","0.0000000000000","7047.761","98.137","672.114","667.137","PAYLOAD","LARGE","PRC","2013-07-19","TSC","","1600878","94659012","0 PAYLOAD B","1 39209U 13037B   13353.85564729  .00000498  00000-0  96770-4 0  9992","2 39209 098.0485 008.9001 0003531 224.0207 136.0712 14.67325280 22413"
"2.0","GENERATED VIA SPACE-TRACK.ORG API","2013-12-20T04:05:35","18 SPCS","PAYLOAD A","2013-037A","EARTH","TEME","UTC","SGP4","2013-12-19T21:47:03.240960","14.67963810","0.00071430","98.0516","9.1512","241.0305","119.0673","0","U","39208","999","2244","0.00010694000000","0.00000612","0.0000000000000","7045.717","98.095","672.615","662.549","PAYLOAD","LARGE","PRC","2013-07-19","TSC","","1600959","94659958","0 PAYLOAD A","1 39208U 13037A   13353.90767640  .00000612  00000-0  10694-3 0  9992","2 39208 098.0516 009.1512 0007143 241.0305 119.0673 14.67963810 22445"
"2.0","GENERATED VIA SPACE-TRACK.ORG API","2013-12-20T14:03:14","18 SPCS","PAYLOAD A","2013-037A","EARTH","TEME","UTC","SGP4","2013-12-20T07:35:57.839424","14.67964306","0.00073700","98.0486","9.5513","238.0599","121.9887","0","U","39208","999","2250","0.00010783000000","0.00000569","0.0000000000000","7045.715","98.095","672.773","662.388","PAYLOAD","LARGE","PRC","2013-07-19","TSC","","1601179","94662845","0 PAYLOAD A","1 39208U 13037A   13354.31664166  .00000569  00000-0  10783-3 0  9997","2 39208 098.0486 009.5513 0007370 238.0599 121.9887 14.67964306 22506"
"2.0","GENERATED VIA SPACE-TRACK.ORG API","2013-12-20T17:06:52","18 SPCS","PAYLOAD B","2013-037B","EARTH","TEME","UTC","SGP4","2013-12-20T11:15:54.027647","14.67327038","0.00036480","98.0482","9.5030","220.8379","139.2562","0","U","39209","999","2250","0.00012701000000","0.00000669","0.0000000000000","7047.755","98.137","672.191","667.049","PAYLOAD","LARGE","PRC","2013-07-19","TSC","","1601412","94668186","0 PAYLOAD B","1 39209U 13037B   13354.46937532  .00000669  00000-0  12701-3 0  9997","2 39209 098.0482 009.5030 0003648 220.8379 139.2562 14.67327038 22503"
"2.0","GENERATED VIA SPACE-TRACK.ORG API","2013-12-20T17:09:10","18 SPCS","PAYLOAD C","2013-037C","EARTH","TEME","UTC","SGP4","2013-12-20T12:40:26.845536","14.95202446","0.00318810","97.6880","9.5399","246.4756","113.3137","0","U","39210","999","2287","0.00015673000000","0.00001680","0.0000000000000","6959.885","96.308","603.939","559.562","PAYLOAD","LARGE","PRC","2013-07-19","TSC","","1601414","94668249","0 PAYLOAD C","1 39210U 13037C   13354.52808849  .00001680  00000-0  15673-3 0  9999","2 39210 097.6880 009.5399 0031881 246.4756 113.3137 14.95202446 22870"
"2.0","GENERATED VIA SPACE-TRACK.ORG API","2013-12-20T22:24:22","18 SPCS","PAYLOAD A","2013-037A","EARTH","TEME","UTC","SGP4","2013-12-20T19:03:02.541888","14.67964373","0.00074010","98.0483","10.0204","236.2325","123.8181","0","U","39208","999","2257","0.00009304500000","0.00000485","0.0000000000000","7045.715","98.095","672.795","662.366","PAYLOAD","LARGE","PRC","2013-07-19","TSC","","1601507","94669275","0 PAYLOAD A","1 39208U 13037A   13354.79377942  .00000485  00000-0  93045-4 0  9992","2 39208 098.0483 010.0204 0007401 236.2325 123.8181 14.67964373 22578"
"2.0","GENERATED VIA SPACE-TRACK.ORG API","2013-12-20T23:57:11","18 SPCS","PAYLOAD B","2013-037B","EARTH","TEME","UTC","SGP4","2013-12-20T19:26:53.007936","14.67327006","0.00036550","98.0483","9.8378","219.9350","140.1593","0","U","39209","999","2255","0.00010675000000","0.00000555","0.0000000000000","7047.755","98.137","672.196","667.044","PAYLOAD","LARGE","PRC","2013-07-19","TSC","","1601635","94672169","0 PAYLOAD B","1 39209U 13037B   13354.81033574  .00000555  00000-0  10675-3 0  9991","2 39209 098.0483 009.8378 0003655 219.9350 140.1593 14.67327006 22553"
"2.0","GENERATED VIA SPACE-TRACK.ORG API","2013-12-20T23:58:42","18 SPCS","PAYLOAD C","2013-037C","EARTH","TEME","UTC","SGP4","2013-12-20T20:42:17.204832","14.95203901","0.00318590","97.6881","9.8676","245.3007","114.4899","0","U","39210","999","2292","0.00016560000000","0.00001779","0.0000000000000","6959.881","96.307","603.919","559.572","PAYLOAD","LARGE","PRC","2013-07-19","TSC","","1601637","94672215","0 PAYLOAD C","1 39210U 13037C   13354.86269913  .00001779  00000-0  16560-3 0  9994","2 39210 097.6881 009.8676 0031859 245.3007 114.4899 14.95203901 22924"
"2.0","GENERATED VIA SPACE-TRACK.ORG API","2013-12-21T00:47:21","18 SPCS","PAYLOAD A","2013-037A","EARTH","TEME","UTC","SGP4","2013-12-20T23:57:30.244608","14.67964700","0.00074020","98.0482","10.2213","235.5434","124.5077","0","U","39208","999","2260","0.00009625300000","0.00000503","0.0000000000000","7045.714","98.095","672.794","662.364","PAYLOAD","LARGE","PRC","2013-07-19","TSC","","1601658","94672705","0 PAYLOAD A","1 39208U 13037A   13354.99826672  .00000503  00000-0  96253-4 0  9998","2 39208 098.0482 010.2213 0007402 235.5434 124.5077 14.67964700 22603"
"2.0","GENERATED VIA SPACE-TRACK.ORG API","2013-12-21T06:18:19","18 SPCS","PAYLOAD A","2013-037A","EARTH","TEME","UTC","SGP4","2013-12-21T03:13:48.709919","14.67964986","0.00074020","98.0483","10.3554","235.1005","124.9511","0","U","39208","999","2262","0.00010046000000","0.00000527","0.0000000000000","7045.713","98.094","672.793","662.363","PAYLOAD","LARGE","PRC","2013-07-19","TSC","","1601783","94673639","0 PAYLOAD A","1 39208U 13037A   13355.13459155  .00000527  00000-0  10046-3 0  9994","2 39208 098.0483 010.3554 0007402 235.1005 124.9511 14.67964986 22628"
"2.0","GENERATED VIA SPACE-TRACK.ORG API","2013-12-21T06:50:52","18 SPCS","PAYLOAD B","2013-037B","EARTH","TEME","UTC","SGP4","2013-12-21T03:37:51.862079","14.67329492","0.00036210","98.0484","10.1729","219.7104","140.3843","0","U","39209","999","2260","0.00018866000000","0.00001017","0.0000000000000","7047.747","98.137","672.164","667.060","PAYLOAD","LARGE","PRC","2013-07-19","TSC","","1601824","94674590","0 PAYLOAD B","1 39209U 13037B   13355.15129470  .00001017  00000-0  18866-3 0  9994","2 39209 098.0484 010.1729 0003621 219.7104 140.3843 14.67329492 22604"
"2.0","GENERATED VIA SPACE-TRACK.ORG API","2013-12-21T06:51:10","18 SPCS","PAYLOAD C","2013-037C","EARTH","TEME","UTC","SGP4","2013-12-21T04:44:07.496736","14.95205865","0.00318870","97.6882","10.1957","244.1911","115.6016","0","U","39210","999","2297","0.00017647000000","0.00001900","0.0000000000000","6959.875","96.307","603.933","559.547","PAYLOAD","LARGE","PRC","2013-07-19","TSC","","1601825","94674609","0 PAYLOAD C","1 39210U 13037C   13355.19730899  .00001900  00000-0  17647-3 0  9990","2 39210 097.6882 010.1957 0031887 244.1911 115.6016 14.95205865 22974"
"2.0","GENERATED VIA SPACE-TRACK.ORG API","2013-12-21T15:36:50","18 SPCS","PAYLOAD C","2013-037C","EARTH","TEME","UTC","SGP4","2013-12-21T11:09:35.758080","14.95207189","0.00318640","97.6883","10.4584","243.2100","116.5874","0","U","39210","999","2301","0.00017911000000","0.00001929","0.0000000000000","6959.871","96.307","603.913","559.559","PAYLOAD","LARGE","PRC","2013-07-19","TSC","","1601938","94677092","0 PAYLOAD C","1 39210U 13037C   13355.46499720  .00001929  00000-0  17911-3 0  9990","2 39210 097.6883 010.4584 0031864 243.2100 116.5874 14.95207189 23018"
"2.0","GENERATED VIA SPACE-TRACK.ORG API","2013-12-21T14:24:38","18 SPCS","PAYLOAD A","2013-037A","EARTH","TEME","UTC","SGP4","2013-12-21T11:24:34.870175","14.67965492","0.00073910","98.0485","10.6907","233.6830","126.3695","0","U","39208","999","2267","0.00010407000000","0.00000548","0.0000000000000","7045.712","98.094","672.784","662.369","PAYLOAD","LARGE","PRC","2013-07-19","TSC","","1601858","94675161","0 PAYLOAD A","1 39208U 13037A   13355.47540359  .00000548  00000-0  10407-3 0  9992","2 39208 098.0485 010.6907 0007391 233.6830 126.3695 14.67965492 22678"
"2.0","GENERATED VIA SPACE-TRACK.ORG API","2013-12-21T15:35:13","18 SPCS","PAYLOAD B","2013-037B","EARTH","TEME","UTC","SGP4","2013-12-21T11:48:50.750783","14.67330171","0.00036080","98.0485","10.5078","218.8422","141.2516","0","U","39209","999","2265","0.00018684000000","0.00001007","0.0000000000000","7047.745","98.137","672.153","667.067","PAYLOAD","LARGE","PRC","2013-07-19","TSC","","1601936","94677049","0 PAYLOAD B","1 39209U 13037B   13355.49225406  .00001007  00000-0  18684-3 0  9994","2 39209 098.0485 010.5078 0003608 218.8422 141.2516 14.67330171 22652"
"2.0","GENERATED VIA SPACE-TRACK.ORG API","2013-12-21T22:28:03","18 SPCS","PAYLOAD A","2013-037A","EARTH","TEME","UTC","SGP4","2013-12-21T19:35:21.024383","14.67964349","0.00074230","98.0489","11.0256","232.0118","128.0344","0","U","39208","999","2272","0.00006014400000","0.00000296","0.0000000000000","7045.715","98.095","672.810","662.350","PAYLOAD","LARGE","PRC","2013-07-19","TSC","","1602009","94678058","0 PAYLOAD A","1 39208U 13037A   13355.81621556  .00000296  00000-0  60144-4 0  9993","2 39208 098.0489 011.0256 0007423 232.0118 128.0344 14.67964349 22728"
"2.0","GENERATED VIA SPACE-TRACK.ORG API","2013-12-21T23:44:35","18 SPCS","PAYLOAD B","2013-037B","EARTH","TEME","UTC","SGP4","2013-12-21T19:59:49.698240","14.67329744","0.00036690","98.0485","10.8428","216.7736","143.3199","0","U","39209","999","2270","0.00015005000000","0.00000799","0.0000000000000","7047.746","98.137","672.197","667.026","PAYLOAD","LARGE","PRC","2013-07-19","TSC","","1602107","94680334","0 PAYLOAD B","1 39209U 13037B   13355.83321410  .00000799  00000-0  15005-3 0  9995","2 39209 098.0485 010.8428 0003669 216.7736 143.3199 14.67329744 22706"
"2.0","GENERATED VIA SPACE-TRACK.ORG API","2013-12-21T23:45:13","18 SPCS","PAYLOAD C","2013-037C","EARTH","TEME","UTC","SGP4","2013-12-21T20:47:48.116832","14.95208468","0.00318430","97.6883","10.8521","241.8261","117.9732","0","U","39210","999","2307","0.00017648000000","0.00001900","0.0000000000000","6959.867","96.307","603.894","559.569","PAYLOAD","LARGE","PRC","2013-07-19","TSC","","1602108","94680376","0 PAYLOAD C","1 39210U 13037C   13355.86652913  .00001900  00000-0  17648-3 0  9995","2 39210 097.6883 010.8521 0031843 241.8261 117.9732 14.95208468 23077"
"2.0","GENERATED VIA SPACE-TRACK.ORG API","2013-12-22T06:23:24","18 SPCS","PAYLOAD A","2013-037A","EARTH","TEME","UTC","SGP4","2013-12-22T02:07:58.099296","14.67964482","0.00074400","98.0486","11.2934","231.2449","128.8095","0","U","39208","999","2276","0.00005739700000","0.00000280","0.0000000000000","7045.715","98.095","672.822","662.338","PAYLOAD","LARGE","PRC","2013-07-19","TSC","","1602227","94681053","0 PAYLOAD A","1 39208U 13037A   13356.08886689  .00000280  00000-0  57397-4 0  9992","2 39208 098.0486 011.2934 0007440 231.2449 128.8095 14.67964482 22760"
"2.0","GENERATED VIA SPACE-TRACK.ORG API","2013-12-22T07:16:05","18 SPCS","PAYLOAD C","2013-037C","EARTH","TEME","UTC","SGP4","2013-12-22T03:13:16.330655","14.95209845","0.00318110","97.6885","11.1144","240.9669","118.8354","0","U","39210","999","2311","0.00018185000000","0.00001960","0.0000000000000","6959.862","96.307","603.867","559.587","PAYLOAD","LARGE","PRC","2013-07-19","TSC","","1602292","94682615","0 PAYLOAD C","1 39210U 13037C   13356.13421679  .00001960  00000-0  18185-3 0  9992","2 39210 097.6885 011.1144 0031811 240.9669 118.8354 14.95209845 23116"
"2.0","GENERATED VIA SPACE-TRACK.ORG API","2013-12-22T07:13:40","18 SPCS","PAYLOAD B","2013-037B","EARTH","TEME","UTC","SGP4","2013-12-22T04:10:48.614591","14.67330837","0.00036800","98.0485","11.1776","214.6716","145.4246","0","U","39209","999","2275","0.00017750000000","0.00000954","0.0000000000000","7047.743","98.137","672.202","667.014","PAYLOAD","LARGE","PRC","2013-07-19","TSC","","1602289","94682576","0 PAYLOAD B","1 39209U 13037B   13356.17417378  .00000954  00000-0  17750-3 0  9994","2 39209 098.0485 011.1776 0003680 214.6716 145.4246 14.67330837 22750"
"2.0","GENERATED VIA SPACE-TRACK.ORG API","2013-12-22T14:31:05","18 SPCS","PAYLOAD A","2013-037A","EARTH","TEME","UTC","SGP4","2013-12-22T10:18:44.266463","14.67964763","0.00074520","98.0487","11.6285","230.1759","129.8792","0","U","39208","999","2281","0.00005697900000","0.00000278","0.0000000000000","7045.714","98.094","672.829","662.328","PAYLOAD","LARGE","PRC","2013-07-19","TSC","","1602335","94683395","0 PAYLOAD A","1 39208U 13037A   13356.42967901  .00000278  00000-0  56979-4 0  9999","2 39208 098.0487 011.6285 0007452 230.1759 129.8792 14.67964763 22812"
"2.0","GENERATED VIA SPACE-TRACK.ORG API","2013-12-22T15:46:35","18 SPCS","PAYLOAD C","2013-037C","EARTH","TEME","UTC","SGP4","2013-12-22T11:15:06.600960","14.95211245","0.00318060","97.6885","11.4425","239.7750","120.0328","0","U","39210","999","2316","0.00018169000000","0.00001958","0.0000000000000","6959.858","96.307","603.860","559.587","PAYLOAD","LARGE","PRC","2013-07-19","TSC","","1602428","94685633","0 PAYLOAD C","1 39210U 13037C   13356.46882640  .00001958  00000-0  18169-3 0  9996","2 39210 097.6885 011.4425 0031806 239.7750 120.0328 14.95211245 23160"
"2.0","GENERATED VIA SPACE-TRACK.ORG API","2013-12-22T15:44:59","18 SPCS","PAYLOAD B","2013-037B","EARTH","TEME","UTC","SGP4","2013-12-22T12:21:47.511072","14.67331274","0.00036810","98.0486","11.5124","214.3447","145.7509","0","U","39209","999","2280","0.00017480000000","0.00000939","0.0000000000000","7047.742","98.137","672.201","667.012","PAYLOAD","LARGE","PRC","2013-07-19","TSC","","1602426","94685587","0 PAYLOAD B","1 39209U 13037B   13356.51513323  .00000939  00000-0  17480-3 0  9992","2 39209 098.0486 011.5124 0003681 214.3447 145.7509 14.67331274 22808"
"2.0","GENERATED VIA SPACE-TRACK.ORG API","2013-12-22T19:33:38","18 SPCS","PAYLOAD A","2013-037A","EARTH","TEME","UTC","SGP4","2013-12-22T15:13:11.975232","14.67964837","0.00074330","98.0489","11.8297","229.2639","130.7906","0","U","39208","999","2284","0.00005904700000","0.00000290","0.0000000000000","7045.714","98.094","672.816","662.342","PAYLOAD","LARGE","PRC","2013-07-19","TSC","","1602526","94686615","0 PAYLOAD A","1 39208U 13037A   13356.63416638  .00000290  00000-0  59047-4 0  9991","2 39208 098.0489 011.8297 0007433 229.2639 130.7906 14.67964837 22847"
"2.0","GENERATED VIA SPACE-TRACK.ORG API","2013-12-22T20:23:31","18 SPCS","PAYLOAD B","2013-037B","EARTH","TEME","UTC","SGP4","2013-12-22T15:38:11.080032","14.67330425","0.00037100","98.0487","11.6463","213.5351","146.5577","0","U","39209","999","2282","0.00013570000000","0.00000718","0.0000000000000","7047.744","98.137","672.224","666.995","PAYLOAD","LARGE","PRC","2013-07-19","TSC","","1602591","94688122","0 PAYLOAD B","1 39209U 13037B   13356.65151713  .00000718  00000-0  13570-3 0  9999","2 39209 098.0487 011.6463 0003710 213.5351 146.5577 14.67330425 22827"
"2.0","GENERATED VIA SPACE-TRACK.ORG API","2013-12-22T20:24:55","18 SPCS","PAYLOAD C","2013-037C","EARTH","TEME","UTC","SGP4","2013-12-22T16:04:12.728064","14.95211591","0.00317990","97.6887","11.6396","239.1405","120.6650","0","U","39210","999","2319","0.00017883000000","0.00001926","0.0000000000000","6959.857","96.307","603.854","559.590","PAYLOAD","LARGE","PRC","2013-07-19","TSC","","1602593","94688181","0 PAYLOAD C","1 39210U 13037C   13356.66959176  .00001926  00000-0  17883-3 0  9994","2 39210 097.6887 011.6396 0031799 239.1405 120.6650 14.95211591 23194"
"2.0","GENERATED VIA SPACE-TRACK.ORG API","2013-12-22T22:20:03","18 SPCS","PAYLOAD A","2013-037A","EARTH","TEME","UTC","SGP4","2013-12-22T18:29:30.472511","14.67964941","0.00074350","98.0488","11.9638","229.0495","131.0080","0","U","39208","999","2286","0.00005471300000","0.00000265","0.0000000000000","7045.713","98.094","672.817","662.340","PAYLOAD","LARGE","PRC","2013-07-19","TSC","","1602663","94688617","0 PAYLOAD A","1 39208U 13037A   13356.77049158  .00000265  00000-0  54713-4 0  9992","2 39208 098.0488 011.9638 0007435 229.0495 131.0080 14.67964941 22861"
"2.0","GENERATED VIA SPACE-TRACK.ORG API","2013-12-22T22:54:44","18 SPCS","PAYLOAD C","2013-037C","EARTH","TEME","UTC","SGP4","2013-12-22T19:16:56.879039","14.95211802","0.00318110","97.6888","11.7711","238.5849","121.2242","0","U","39210","999","2321","0.00017615000000","0.00001896","0.0000000000000","6959.856","96.307","603.861","559.581","PAYLOAD","LARGE","PRC","2013-07-19","TSC","","1602707","94689492","0 PAYLOAD C","1 39210U 13037C   13356.80343610  .00001896  00000-0  17615-3 0  9999","2 39210 097.6888 011.7711 0031811 238.5849 121.2242 14.95211802 23219"
"2.0","GENERATED VIA SPACE-TRACK.ORG API","2013-12-22T22:54:27","18 SPCS","PAYLOAD B","2013-037B","EARTH","TEME","UTC","SGP4","2013-12-22T20:32:46.486176","14.67329528","0.00037300","98.0486","11.8474","211.8334","148.2604","0","U","39209","999","2285","0.00008989200000","0.00000460","0.0000000000000","7047.747","98.137","672.241","666.983","PAYLOAD","LARGE","PRC","2013-07-19","TSC","","1602706","94689473","0 PAYLOAD B","1 39209U 13037B   13356.85609359  .00000460  00000-0  89892-4 0  9990","2 39209 098.0486 011.8474 0003730 211.8334 148.2604 14.67329528 22859"
"2.0","GENERATED VIA SPACE-TRACK.ORG API","2013-12-23T06:27:23","18 SPCS","PAYLOAD A","2013-037A","EARTH","TEME","UTC","SGP4","2013-12-23T02:40:16.576607","14.67965464","0.00075110","98.0486","12.2989","228.2974","131.7594","0","U","39208","999","2291","0.00005820900000","0.00000285","0.0000000000000","7045.712","98.094","672.869","662.285","PAYLOAD","LARGE","PRC","2013-07-19","TSC","","1602784","94690283","0 PAYLOAD A","1 39208U 13037A   13357.11130297  .00000285  00000-0  58209-4 0  9992","2 39208 098.0486 012.2989 0007511 228.2974 131.7594 14.67965464 22914"
"2.0","GENERATED VIA SPACE-TRACK.ORG API","2013-12-23T07:28:48","18 SPCS","PAYLOAD C","2013-037C","EARTH","TEME","UTC","SGP4","2013-12-23T03:18:47.069855","14.95213711","0.00318450","97.6888","12.0990","237.4888","122.3253","0","U","39210","999","2326","0.00018438000000","0.00001988","0.0000000000000","6959.850","96.307","603.879","559.552","PAYLOAD","LARGE","PRC","2013-07-19","TSC","","1602861","94692163","0 PAYLOAD C","1 39210U 13037C   13357.13804479  .00001988  00000-0  18438-3 0  9997","2 39210 097.6888 012.0990 0031845 237.4888 122.3253 14.95213711 23260"
"2.0","GENERATED VIA SPACE-TRACK.ORG API","2013-12-23T07:28:30","18 SPCS","PAYLOAD B","2013-037B","EARTH","TEME","UTC","SGP4","2013-12-23T04:43:45.441407","14.67330069","0.00037530","98.0487","12.1822","211.5946","148.5036","0","U","39209","999","2290","0.00009289100000","0.00000477","0.0000000000000","7047.745","98.137","672.255","666.965","PAYLOAD","LARGE","PRC","2013-07-19","TSC","","1602860","94692126","0 PAYLOAD B","1 39209U 13037B   13357.19705372  .00000477  00000-0  92891-4 0  9991","2 39209 098.0487 012.1822 0003753 211.5946 148.5036 14.67330069 22902"
"2.0","GENERATED VIA SPACE-TRACK.ORG API","2013-12-23T14:30:48","18 SPCS","PAYLOAD A","2013-037A","EARTH","TEME","UTC","SGP4","2013-12-23T10:51:02.722175","14.67966249","0.00074870","98.0486","12.6340","226.8823","133.1769","0","U","39208","999","2296","0.00007438300000","0.00000378","0.0000000000000","7045.709","98.094","672.849","662.299","PAYLOAD","LARGE","PRC","2013-07-19","TSC","","1602901","94692958","0 PAYLOAD A","1 39208U 13037A   13357.45211484  .00000378  00000-0  74383-4 0  9991","2 39208 098.0486 012.6340 0007487 226.8823 133.1769 14.67966249 22965"
"2.0","GENERATED VIA SPACE-TRACK.ORG API","2013-12-23T15:49:35","18 SPCS","PAYLOAD B","2013-037B","EARTH","TEME","UTC","SGP4","2013-12-23T11:16:32.577600","14.67329968","0.00036940","98.0489","12.4500","210.5717","149.5272","0","U","39209","999","2294","0.00007346400000","0.00000367","0.0000000000000","7047.746","98.137","672.214","667.007","PAYLOAD","LARGE","PRC","2013-07-19","TSC","","1602999","94695336","0 PAYLOAD B","1 39209U 13037B   13357.46982150  .00000367  00000-0  73464-4 0  9995","2 39209 098.0489 012.4500 0003694 210.5717 149.5272 14.67329968 22942"
"2.0","GENERATED VIA SPACE-TRACK.ORG API","2013-12-23T15:48:06","18 SPCS","PAYLOAD C","2013-037C","EARTH","TEME","UTC","SGP4","2013-12-23T11:20:37.270175","14.95214842","0.00318010","97.6891","12.4272","236.3907","123.4277","0","U","39210","999","2331","0.00017878000000","0.00001926","0.0000000000000","6959.847","96.307","603.845","559.579","PAYLOAD","LARGE","PRC","2013-07-19","TSC","","1602997","94695298","0 PAYLOAD C","1 39210U 13037C   13357.47265359  .00001926  00000-0  17878-3 0  9991","2 39210 097.6891 012.4272 0031801 236.3907 123.4277 14.95214842 23313"
"2.0","GENERATED VIA SPACE-TRACK.ORG API","2013-12-23T22:27:44","18 SPCS","PAYLOAD A","2013-037A","EARTH","TEME","UTC","SGP4","2013-12-23T19:01:48.865151","14.67966143","0.00075160","98.0488","12.9693","225.9463","134.1107","0","U","39208","999","2301","0.00006733700000","0.00000337","0.0000000000000","7045.709","98.094","672.870","662.279","PAYLOAD","LARGE","PRC","2013-07-19","TSC","","1603119","94696616","0 PAYLOAD A","1 39208U 13037A   13357.79292668  .00000337  00000-0  67337-4 0  9997","2 39208 098.0488 012.9693 0007516 225.9463 134.1107 14.67966143 23011"
"2.0","GENERATED VIA SPACE-TRACK.ORG API","2013-12-23T23:34:13","18 SPCS","PAYLOAD C","2013-037C","EARTH","TEME","UTC","SGP4","2013-12-23T19:22:27.472224","14.95215380","0.00318240","97.6891","12.7552","235.1337","124.6881","0","U","39210","999","2336","0.00016732000000","0.00001799","0.0000000000000","6959.845","96.307","603.859","559.561","PAYLOAD","LARGE","PRC","2013-07-19","TSC","","1603204","94698565","0 PAYLOAD C","1 39210U 13037C   13357.80726241  .00001799  00000-0  16732-3 0  9996","2 39210 097.6891 012.7552 0031824 235.1337 124.6881 14.95215380 23363"
"2.0","GENERATED VIA SPACE-TRACK.ORG API","2013-12-23T23:32:33","18 SPCS","PAYLOAD B","2013-037B","EARTH","TEME","UTC","SGP4","2013-12-23T19:27:31.576896","14.67328611","0.00037140","98.0488","12.7846","209.7564","150.3441","0","U","39209","999","2299","0.00001115900000","0.00000015","0.0000000000000","7047.750","98.137","672.233","666.998","PAYLOAD","LARGE","PRC","2013-07-19","TSC","","1603201","94698506","0 PAYLOAD B","1 39209U 13037B   13357.81078214  .00000015  00000-0  11159-4 0  9994","2 39209 098.0488 012.7846 0003714 209.7564 150.3441 14.67328611 22997"
"2.0","GENERATED VIA SPACE-TRACK.ORG API","2013-12-24T06:22:50","18 SPCS","PAYLOAD A","2013-037A","EARTH","TEME","UTC","SGP4","2013-12-24T03:12:35.047871","14.67966374","0.00075090","98.0488","13.3044","224.9329","135.1270","0","U","39208","999","2306","0.00006522300000","0.00000325","0.0000000000000","7045.709","98.094","672.864","662.283","PAYLOAD","LARGE","PRC","2013-07-19","TSC","","1603324","94699191","0 PAYLOAD A","1 39208U 13037A   13358.13373898  .00000325  00000-0  65223-4 0  9990","2 39208 098.0488 013.3044 0007509 224.9329 135.1270 14.67966374 23061"
"2.0","GENERATED VIA SPACE-TRACK.ORG API","2013-12-24T07:18:48","18 SPCS","PAYLOAD C","2013-037C","EARTH","TEME","UTC","SGP4","2013-12-24T03:24:17.585280","14.95217364","0.00318180","97.6891","13.0835","234.0226","125.8038","0","U","39210","999","2341","0.00017864000000","0.00001924","0.0000000000000","6959.839","96.307","603.849","559.559","PAYLOAD","LARGE","PRC","2013-07-19","TSC","","1603404","94700878","0 PAYLOAD C","1 39210U 13037C   13358.14187020  .00001924  00000-0  17864-3 0  9997","2 39210 097.6891 013.0835 0031818 234.0226 125.8038 14.95217364 23416"
"2.0","GENERATED VIA SPACE-TRACK.ORG API","2013-12-24T07:17:31","18 SPCS","PAYLOAD B","2013-037B","EARTH","TEME","UTC","SGP4","2013-12-24T03:38:30.405983","14.67329950","0.00037430","98.0488","13.1192","208.6741","151.4262","0","U","39209","999","2304","0.00005171700000","0.00000244","0.0000000000000","7047.746","98.137","672.249","666.973","PAYLOAD","LARGE","PRC","2013-07-19","TSC","","1603403","94700852","0 PAYLOAD B","1 39209U 13037B   13358.15174081  .00000244  00000-0  51717-4 0  9999","2 39209 098.0488 013.1192 0003743 208.6741 151.4262 14.67329950 23040"
"2.0","GENERATED VIA SPACE-TRACK.ORG API","2013-12-24T14:29:36","18 SPCS","PAYLOAD A","2013-037A","EARTH","TEME","UTC","SGP4","2013-12-24T11:23:21.187392","14.67966956","0.00075300","98.0489","13.6397","223.4358","136.6273","0","U","39208","999","2311","0.00007172300000","0.00000363","0.0000000000000","7045.707","98.094","672.877","662.266","PAYLOAD","LARGE","PRC","2013-07-19","TSC","","1603437","94701567","0 PAYLOAD A","1 39208U 13037A   13358.47455078  .00000363  00000-0  71723-4 0  9992","2 39208 098.0489 013.6397 0007530 223.4358 136.6273 14.67966956 23117"
"2.0","GENERATED VIA SPACE-TRACK.ORG API","2013-12-24T15:51:44","18 SPCS","PAYLOAD C","2013-037C","EARTH","TEME","UTC","SGP4","2013-12-24T11:26:07.735487","14.95218348","0.00317470","97.6894","13.4117","232.9922","126.8389","0","U","39210","999","2346","0.00017145000000","0.00001845","0.0000000000000","6959.836","96.307","603.796","559.606","PAYLOAD","LARGE","PRC","2013-07-19","TSC","","1603540","94704000","0 PAYLOAD C","1 39210U 13037C   13358.47647842  .00001845  00000-0  17145-3 0  9990","2 39210 097.6894 013.4117 0031747 232.9922 126.8389 14.95218348 23465"
"2.0","GENERATED VIA SPACE-TRACK.ORG API","2013-12-24T15:50:00","18 SPCS","PAYLOAD B","2013-037B","EARTH","TEME","UTC","SGP4","2013-12-24T11:49:29.269631","14.67330923","0.00037330","98.0491","13.4546","207.0032","153.0987","0","U","39209","999","2309","0.00007641800000","0.00000384","0.0000000000000","7047.743","98.137","672.239","666.977","PAYLOAD","LARGE","PRC","2013-07-19","TSC","","1603537","94703944","0 PAYLOAD B","1 39209U 13037B   13358.49269988  .00000384  00000-0  76418-4 0  9997","2 39209 098.0491 013.4546 0003733 207.0032 153.0987 14.67330923 23094"
"2.0","GENERATED VIA SPACE-TRACK.ORG API","2013-12-24T23:53:38","18 SPCS","PAYLOAD C","2013-037C","EARTH","TEME","UTC","SGP4","2013-12-24T19:27:57.960863","14.95217932","0.00318090","97.6896","13.7400","231.9117","127.9238","0","U","39210","999","2351","0.00014675000000","0.00001570","0.0000000000000","6959.837","96.307","603.841","559.564","PAYLOAD","LARGE","PRC","2013-07-19","TSC","","1603741","94707793","0 PAYLOAD C","1 39210U 13037C   13358.81108751  .00001570  00000-0  14675-3 0  9999","2 39210 097.6896 013.7400 0031809 231.9117 127.9238 14.95217932 23518"
"2.0","GENERATED VIA SPACE-TRACK.ORG API","2013-12-24T22:32:48","18 SPCS","PAYLOAD A","2013-037A","EARTH","TEME","UTC","SGP4","2013-12-24T19:34:07.336415","14.67966686","0.00075520","98.0495","13.9746","222.4705","137.5909","0","U","39208","999","2316","0.00006050700000","0.00000298","0.0000000000000","7045.708","98.094","672.894","662.252","PAYLOAD","LARGE","PRC","2013-07-19","TSC","","1603643","94705361","0 PAYLOAD A","1 39208U 13037A   13358.81536269  .00000298  00000-0  60507-4 0  9997","2 39208 098.0495 013.9746 0007552 222.4705 137.5909 14.67966686 23165"
"2.0","GENERATED VIA SPACE-TRACK.ORG API","2013-12-24T23:51:50","18 SPCS","PAYLOAD B","2013-037B","EARTH","TEME","UTC","SGP4","2013-12-24T20:00:28.176480","14.67330894","0.00037820","98.0492","13.7896","205.5476","154.5544","0","U","39209","999","2314","0.00007185000000","0.00000358","0.0000000000000","7047.743","98.137","672.273","666.942","PAYLOAD","LARGE","PRC","2013-07-19","TSC","","1603739","94707740","0 PAYLOAD B","1 39209U 13037B   13358.83365945  .00000358  00000-0  71850-4 0  9991","2 39209 098.0492 013.7896 0003782 205.5476 154.5544 14.67330894 23143"
"2.0","GENERATED VIA SPACE-TRACK.ORG API","2013-12-25T07:12:20","18 SPCS","PAYLOAD C","2013-037C","EARTH","TEME","UTC","SGP4","2013-12-25T03:29:48.006528","14.95220041","0.00318150","97.6898","14.0682","230.7926","129.0469","0","U","39210","999","2356","0.00016404000000","0.00001762","0.0000000000000","6959.831","96.306","603.839","559.553","PAYLOAD","LARGE","PRC","2013-07-19","TSC","","1603910","94709951","0 PAYLOAD C","1 39210U 13037C   13359.14569452  .00001762  00000-0  16404-3 0  9990","2 39210 097.6898 014.0682 0031815 230.7926 129.0469 14.95220041 23567"
"2.0","GENERATED VIA SPACE-TRACK.ORG API","2013-12-25T06:23:59","18 SPCS","PAYLOAD A","2013-037A","EARTH","TEME","UTC","SGP4","2013-12-25T03:44:53.489760","14.67966936","0.00075640","98.0494","14.3097","221.4092","138.6540","0","U","39208","999","2321","0.00006049400000","0.00000298","0.0000000000000","7045.707","98.094","672.901","662.243","PAYLOAD","LARGE","PRC","2013-07-19","TSC","","1603842","94708457","0 PAYLOAD A","1 39208U 13037A   13359.15617465  .00000298  00000-0  60494-4 0  9998","2 39208 098.0494 014.3097 0007564 221.4092 138.6540 14.67966936 23216"
"2.0","GENERATED VIA SPACE-TRACK.ORG API","2013-12-25T07:12:02","18 SPCS","PAYLOAD B","2013-037B","EARTH","TEME","UTC","SGP4","2013-12-25T04:11:27.009887","14.67331803","0.00038160","98.0491","14.1246","204.6172","155.4853","0","U","39209","999","2319","0.00009046700000","0.00000463","0.0000000000000","7047.740","98.137","672.294","666.915","PAYLOAD","LARGE","PRC","2013-07-19","TSC","","1603909","94709926","0 PAYLOAD B","1 39209U 13037B   13359.17461817  .00000463  00000-0  90467-4 0  9996","2 39209 098.0491 014.1246 0003816 204.6172 155.4853 14.67331803 23196"
"2.0","GENERATED VIA SPACE-TRACK.ORG API","2013-12-25T14:31:47","18 SPCS","PAYLOAD A","2013-037A","EARTH","TEME","UTC","SGP4","2013-12-25T10:17:30.393600","14.67967731","0.00075900","98.0493","14.5778","220.3858","139.6819","0","U","39208","999","2325","0.00007278700000","0.00000369","0.0000000000000","7045.704","98.094","672.917","662.222","PAYLOAD","LARGE","PRC","2013-07-19","TSC","","1603953","94710759","0 PAYLOAD A","1 39208U 13037A   13359.42882400  .00000369  00000-0  72787-4 0  9998","2 39208 098.0493 014.5778 0007590 220.3858 139.6819 14.67967731 23258"
"2.0","GENERATED VIA SPACE-TRACK.ORG API","2013-12-25T15:59:36","18 SPCS","PAYLOAD C","2013-037C","EARTH","TEME","UTC","SGP4","2013-12-25T11:31:38.076384","14.95221284","0.00318190","97.6900","14.3965","229.6698","130.1743","0","U","39210","999","2361","0.00016429000000","0.00001765","0.0000000000000","6959.827","96.306","603.837","559.546","PAYLOAD","LARGE","PRC","2013-07-19","TSC","","1604057","94713293","0 PAYLOAD C","1 39210U 13037C   13359.48030181  .00001765  00000-0  16429-3 0  9999","2 39210 097.6900 014.3965 0031819 229.6698 130.1743 14.95221284 23619"
"2.0","GENERATED VIA SPACE-TRACK.ORG API","2013-12-25T15:57:36","18 SPCS","PAYLOAD B","2013-037B","EARTH","TEME","UTC","SGP4","2013-12-25T12:22:25.866624","14.67332049","0.00038250","98.0491","14.4595","203.8129","156.2888","0","U","39209","999","2324","0.00009017600000","0.00000461","0.0000000000000","7047.739","98.137","672.300","666.908","PAYLOAD","LARGE","PRC","2013-07-19","TSC","","1604054","94713239","0 PAYLOAD B","1 39209U 13037B   13359.51557716  .00000461  00000-0  90176-4 0  9993","2 39209 098.0491 014.4595 0003825 203.8129 156.2888 14.67332049 23245"
"2.0","GENERATED VIA SPACE-TRACK.ORG API","2013-12-25T22:29:57","18 SPCS","PAYLOAD A","2013-037A","EARTH","TEME","UTC","SGP4","2013-12-25T18:28:16.406975","14.67968185","0.00077270","98.0496","14.9130","218.8058","141.2594","0","U","39208","999","2330","0.00007373100000","0.00000374","0.0000000000000","7045.703","98.094","673.012","662.124","PAYLOAD","LARGE","PRC","2013-07-19","TSC","","1604129","94714444","0 PAYLOAD A","1 39208U 13037A   13359.76963434  .00000374  00000-0  73731-4 0  9998","2 39208 098.0496 014.9130 0007727 218.8058 141.2594 14.67968185 23302"
"2.0","GENERATED VIA SPACE-TRACK.ORG API","2013-12-25T23:39:11","18 SPCS","PAYLOAD C","2013-037C","EARTH","TEME","UTC","SGP4","2013-12-25T19:33:28.192031","14.95221124","0.00318420","97.6900","14.7246","228.5411","131.3053","0","U","39210","999","2366","0.00014445000000","0.00001545","0.0000000000000","6959.827","96.306","603.854","559.531","PAYLOAD","LARGE","PRC","2013-07-19","TSC","","1604213","94716401","0 PAYLOAD C","1 39210U 13037C   13359.81490963  .00001545  00000-0  14445-3 0  9996","2 39210 097.6900 014.7246 0031842 228.5411 131.3053 14.95221124 23667"
"2.0","GENERATED VIA SPACE-TRACK.ORG API","2013-12-25T23:38:49","18 SPCS","PAYLOAD B","2013-037B","EARTH","TEME","UTC","SGP4","2013-12-25T20:33:24.767424","14.67331990","0.00038380","98.0490","14.7945","202.5786","157.5240","0","U","39209","999","2329","0.00007989300000","0.00000403","0.0000000000000","7047.739","98.137","672.309","666.899","PAYLOAD","LARGE","PRC","2013-07-19","TSC","","1604212","94716359","0 PAYLOAD B","1 39209U 13037B   13359.85653666  .00000403  00000-0  79893-4 0  9990","2 39209 098.0490 014.7945 0003838 202.5786 157.5240 14.67331990 23290"
"2.0","GENERATED VIA SPACE-TRACK.ORG API","2013-12-26T06:50:23","18 SPCS","PAYLOAD A","2013-037A","EARTH","TEME","UTC","SGP4","2013-12-26T02:39:02.492063","14.67969091","0.00077490","98.0496","15.2479","217.6066","142.4605","0","U","39208","999","2335","0.00009482500000","0.00000495","0.0000000000000","7045.700","98.094","673.025","662.105","PAYLOAD","LARGE","PRC","2013-07-19","TSC","","1604326","94717558","0 PAYLOAD A","1 39208U 13037A   13360.11044551  .00000495  00000-0  94825-4 0  9990","2 39208 098.0496 015.2479 0007749 217.6066 142.4605 14.67969091 23350"
"2.0","GENERATED VIA SPACE-TRACK.ORG API","2013-12-26T07:25:02","18 SPCS","PAYLOAD C","2013-037C","EARTH","TEME","UTC","SGP4","2013-12-26T03:35:18.256704","14.95222077","0.00319060","97.6900","15.0529","227.3416","132.5107","0","U","39210","999","2371","0.00014127000000","0.00001510","0.0000000000000","6959.824","96.306","603.895","559.483","PAYLOAD","LARGE","PRC","2013-07-19","TSC","","1604387","94718996","0 PAYLOAD C","1 39210U 13037C   13360.14951686  .00001510  00000-0  14127-3 0  9997","2 39210 097.6900 015.0529 0031906 227.3416 132.5107 14.95222077 23715"
"2.0","GENERATED VIA SPACE-TRACK.ORG API","2013-12-26T07:24:34","18 SPCS","PAYLOAD B","2013-037B","EARTH","TEME","UTC","SGP4","2013-12-26T04:44:23.628479","14.67332495","0.00038590","98.0489","15.1295","201.5106","158.5941","0","U","39209","999","2334","0.00008343200000","0.00000423","0.0000000000000","7047.738","98.137","672.322","666.883","PAYLOAD","LARGE","PRC","2013-07-19","TSC","","1604386","94718964","0 PAYLOAD B","1 39209U 13037B   13360.19749570  .00000423  00000-0  83432-4 0  9995","2 39209 098.0489 015.1295 0003859 201.5106 158.5941 14.67332495 23345"
"2.0","GENERATED VIA SPACE-TRACK.ORG API","2013-12-26T14:24:50","18 SPCS","PAYLOAD A","2013-037A","EARTH","TEME","UTC","SGP4","2013-12-26T10:49:48.597023","14.67969281","0.00077430","98.0498","15.5828","216.4001","143.6679","0","U","39208","999","2340","0.00008929600000","0.00000463","0.0000000000000","7045.699","98.094","673.020","662.109","PAYLOAD","LARGE","PRC","2013-07-19","TSC","","1604430","94719619","0 PAYLOAD A","1 39208U 13037A   13360.45125691  .00000463  00000-0  89296-4 0  9993","2 39208 098.0498 015.5828 0007743 216.4001 143.6679 14.67969281 23404"
"2.0","GENERATED VIA SPACE-TRACK.ORG API","2013-12-26T15:48:19","18 SPCS","PAYLOAD B","2013-037B","EARTH","TEME","UTC","SGP4","2013-12-26T11:17:10.703327","14.67332939","0.00038850","98.0489","15.3975","200.0802","160.0260","0","U","39209","999","2338","0.00008805300000","0.00000449","0.0000000000000","7047.736","98.137","672.339","666.863","PAYLOAD","LARGE","PRC","2013-07-19","TSC","","1604528","94721824","0 PAYLOAD B","1 39209U 13037B   13360.47026277  .00000449  00000-0  88053-4 0  9990","2 39209 098.0489 015.3975 0003885 200.0802 160.0260 14.67332939 23387"
"2.0","GENERATED VIA SPACE-TRACK.ORG API","2013-12-26T15:54:39","18 SPCS","PAYLOAD C","2013-037C","EARTH","TEME","UTC","SGP4","2013-12-26T11:37:08.300640","14.95223213","0.00319210","97.6900","15.3812","226.2614","133.5957","0","U","39210","999","2376","0.00014416000000","0.00001542","0.0000000000000","6959.821","96.306","603.902","559.470","PAYLOAD","LARGE","PRC","2013-07-19","TSC","","1604533","94721934","0 PAYLOAD C","1 39210U 13037C   13360.48412385  .00001542  00000-0  14416-3 0  9998","2 39210 097.6900 015.3812 0031921 226.2614 133.5957 14.95223213 23760"
"2.0","GENERATED VIA SPACE-TRACK.ORG API","2013-12-26T22:28:20","18 SPCS","PAYLOAD A","2013-037A","EARTH","TEME","UTC","SGP4","2013-12-26T19:00:34.739999","14.67968291","0.00077680","98.0498","15.9184","214.7268","145.3394","0","U","39208","999","2345","0.00005413300000","0.00000262","0.0000000000000","7045.703","98.094","673.041","662.094","PAYLOAD","LARGE","PRC","2013-07-19","TSC","","1604609","94722505","0 PAYLOAD A","1 39208U 13037A   13360.79206875  .00000262  00000-0  54133-4 0  9993","2 39208 098.0498 015.9184 0007768 214.7268 145.3394 14.67968291 23454"
"2.0","GENERATED VIA SPACE-TRACK.ORG API","2013-12-26T23:44:19","18 SPCS","PAYLOAD B","2013-037B","EARTH","TEME","UTC","SGP4","2013-12-26T19:28:09.575615","14.67332966","0.00039680","98.0488","15.7324","197.9174","162.1897","0","U","39209","999","2343","0.00008441300000","0.00000429","0.0000000000000","7047.736","98.137","672.398","666.805","PAYLOAD","LARGE","PRC","2013-07-19","TSC","","1604694","94724496","0 PAYLOAD B","1 39209U 13037B   13360.81122194  .00000429  00000-0  84413-4 0  9997","2 39209 098.0488 015.7324 0003968 197.9174 162.1897 14.67332966 23431"
"2.0","GENERATED VIA SPACE-TRACK.ORG API","2013-12-26T23:46:40","18 SPCS","PAYLOAD C","2013-037C","EARTH","TEME","UTC","SGP4","2013-12-26T19:38:58.405919","14.95222573","0.00319300","97.6899","15.7094","225.0453","134.8145","0","U","39210","999","2381","0.00011901000000","0.00001262","0.0000000000000","6959.823","96.306","603.911","559.465","PAYLOAD","LARGE","PRC","2013-07-19","TSC","","1604696","94724540","0 PAYLOAD C","1 39210U 13037C   13360.81873155  .00001262  00000-0  11901-3 0  9996","2 39210 097.6899 015.7094 0031930 225.0453 134.8145 14.95222573 23818"
"2.0","GENERATED VIA SPACE-TRACK.ORG API","2013-12-27T08:04:25","18 SPCS","PAYLOAD B","2013-037B","EARTH","TEME","UTC","SGP4","2013-12-27T02:00:56.644415","14.67333311","0.00039910","98.0488","16.0002","197.1548","162.9538","0","U","39209","999","2347","0.00008279200000","0.00000420","0.0000000000000","7047.735","98.137","672.413","666.787","PAYLOAD","LARGE","PRC","2013-07-19","TSC","","1604929","94727625","0 PAYLOAD B","1 39209U 13037B   13361.08398894  .00000420  00000-0  82792-4 0  9998","2 39209 098.0488 016.0002 0003991 197.1548 162.9538 14.67333311 23470"
"2.0","GENERATED VIA SPACE-TRACK.ORG API","2013-12-27T06:29:26","18 SPCS","PAYLOAD A","2013-037A","EARTH","TEME","UTC","SGP4","2013-12-27T03:11:20.923583","14.67967929","0.00077870","98.0497","16.2531","213.3263","146.7440","0","U","39208","999","2350","0.00003099800000","0.00000129","0.0000000000000","7045.704","98.094","673.055","662.082","PAYLOAD","LARGE","PRC","2013-07-19","TSC","","1604825","94725322","0 PAYLOAD A","1 39208U 13037A   13361.13288106  .00000129  00000-0  30998-4 0  9994","2 39208 098.0497 016.2531 0007787 213.3263 146.7440 14.67967929 23504"
"2.0","GENERATED VIA SPACE-TRACK.ORG API","2013-12-27T08:07:17","18 SPCS","PAYLOAD C","2013-037C","EARTH","TEME","UTC","SGP4","2013-12-27T03:40:48.497375","14.95222743","0.00320000","97.6898","16.0375","223.8629","136.0041","0","U","39210","999","2386","0.00010490000000","0.00001106","0.0000000000000","6959.822","96.306","603.959","559.416","PAYLOAD","LARGE","PRC","2013-07-19","TSC","","1604931","94727665","0 PAYLOAD C","1 39210U 13037C   13361.15333909  .00001106  00000-0  10490-3 0  9991","2 39210 097.6898 016.0375 0032000 223.8629 136.0041 14.95222743 23866"
"2.0","GENERATED VIA SPACE-TRACK.ORG API","2013-12-27T15:33:38","18 SPCS","PAYLOAD B","2013-037B","EARTH","TEME","UTC","SGP4","2013-12-27T10:11:55.456224","14.67333622","0.00040140","98.0490","16.3349","195.2634","164.8453","0","U","39209","999","2352","0.00008024600000","0.00000405","0.0000000000000","7047.734","98.137","672.428","666.770","PAYLOAD","LARGE","PRC","2013-07-19","TSC","","1605050","94730214","0 PAYLOAD B","1 39209U 13037B   13361.42494741  .00000405  00000-0  80246-4 0  9999","2 39209 098.0490 016.3349 0004014 195.2634 164.8453 14.67333622 23520"
"2.0","GENERATED VIA SPACE-TRACK.ORG API","2013-12-27T15:43:26","18 SPCS","PAYLOAD C","2013-037C","EARTH","TEME","UTC","SGP4","2013-12-27T11:42:38.553408","14.95223161","0.00320130","97.6900","16.3660","222.7576","137.1145","0","U","39210","999","2391","0.00009881400000","0.00001038","0.0000000000000","6959.821","96.306","603.967","559.406","PAYLOAD","LARGE","PRC","2013-07-19","TSC","","1605063","94730548","0 PAYLOAD C","1 39210U 13037C   13361.48794622  .00001038  00000-0  98814-4 0  9991","2 39210 097.6900 016.3660 0032013 222.7576 137.1145 14.95223161 23911"
"2.0","GENERATED VIA SPACE-TRACK.ORG API","2013-12-27T14:19:36","18 SPCS","PAYLOAD A","2013-037A","EARTH","TEME","UTC","SGP4","2013-12-27T13:00:16.273728","14.67968436","0.00077770","98.0502","16.6559","211.6260","148.4478","0","U","39208","999","2356","0.00004323900000","0.00000199","0.0000000000000","7045.702","98.094","673.047","662.088","PAYLOAD","LARGE","PRC","2013-07-19","TSC","","1604957","94727975","0 PAYLOAD A","1 39208U 13037A   13361.54185502  .00000199  00000-0  43239-4 0  9994","2 39208 098.0502 016.6559 0007777 211.6260 148.4478 14.67968436 23562"
"2.0","GENERATED VIA SPACE-TRACK.ORG API","2013-12-28T00:05:39","18 SPCS","PAYLOAD B","2013-037B","EARTH","TEME","UTC","SGP4","2013-12-27T18:22:54.300000","14.67333595","0.00040460","98.0489","16.6699","193.7679","166.3402","0","U","39209","999","2357","0.00007478100000","0.00000374","0.0000000000000","7047.734","98.137","672.451","666.748","PAYLOAD","LARGE","PRC","2013-07-19","TSC","","1605246","94733516","0 PAYLOAD B","1 39209U 13037B   13361.76590625  .00000374  00000-0  74781-4 0  9996","2 39209 098.0489 016.6699 0004046 193.7679 166.3402 14.67333595 23571"
"2.0","GENERATED VIA SPACE-TRACK.ORG API","2013-12-28T00:13:48","18 SPCS","PAYLOAD C","2013-037C","EARTH","TEME","UTC","SGP4","2013-12-27T19:44:28.683744","14.95222326","0.00320390","97.6899","16.6941","221.5652","138.3115","0","U","39210","999","2396","0.00007556200000","0.00000780","0.0000000000000","6959.824","96.306","603.987","559.390","PAYLOAD","LARGE","PRC","2013-07-19","TSC","","1605255","94733693","0 PAYLOAD C","1 39210U 13037C   13361.82255421  .00000780  00000-0  75562-4 0  9996","2 39210 097.6899 016.6941 0032039 221.5652 138.3115 14.95222326 23960"
"2.0","GENERATED VIA SPACE-TRACK.ORG API","2013-12-27T22:32:10","18 SPCS","PAYLOAD A","2013-037A","EARTH","TEME","UTC","SGP4","2013-12-27T21:11:02.380415","14.67968694","0.00078180","98.0499","16.9907","210.4021","149.6743","0","U","39208","999","2361","0.00004020100000","0.00000182","0.0000000000000","7045.701","98.094","673.075","662.058","PAYLOAD","LARGE","PRC","2013-07-19","TSC","","1605149","94731338","0 PAYLOAD A","1 39208U 13037A   13361.88266644  .00000182  00000-0  40201-4 0  9996","2 39208 098.0499 016.9907 0007818 210.4021 149.6743 14.67968694 23615"
"2.0","GENERATED VIA SPACE-TRACK.ORG API","2013-12-28T07:39:21","18 SPCS","PAYLOAD B","2013-037B","EARTH","TEME","UTC","SGP4","2013-12-28T02:33:53.152416","14.67334216","0.00041320","98.0487","17.0053","193.0213","167.0920","0","U","39209","999","2362","0.00007941100000","0.00000400","0.0000000000000","7047.732","98.137","672.509","666.685","PAYLOAD","LARGE","PRC","2013-07-19","TSC","","1605469","94736605","0 PAYLOAD B","1 39209U 13037B   13362.10686519  .00000400  00000-0  79411-4 0  9998","2 39209 098.0487 017.0053 0004132 193.0213 167.0920 14.67334216 23621"
"2.0","GENERATED VIA SPACE-TRACK.ORG API","2013-12-28T06:30:44","18 SPCS","PAYLOAD A","2013-037A","EARTH","TEME","UTC","SGP4","2013-12-28T05:21:48.391199","14.67970021","0.00078320","98.0496","17.3256","209.6640","150.4125","0","U","39208","999","2366","0.00007931100000","0.00000406","0.0000000000000","7045.697","98.094","673.080","662.044","PAYLOAD","LARGE","PRC","2013-07-19","TSC","","1605385","94734527","0 PAYLOAD A","1 39208U 13037A   13362.22347675  .00000406  00000-0  79311-4 0  9992","2 39208 098.0496 017.3256 0007832 209.6640 150.4125 14.67970021 23663"
"2.0","GENERATED VIA SPACE-TRACK.ORG API","2013-12-28T05:52:52","18 SPCS","PAYLOAD C","2013-037C","EARTH","TEME","UTC","SGP4","2013-12-28T05:22:40.754784","14.95223065","0.00320570","97.6901","17.0887","220.2102","139.6745","0","U","39210","999","2402","0.00007650900000","0.00000791","0.0000000000000","6959.821","96.306","603.998","559.375","PAYLOAD","LARGE","PRC","2013-07-19","TSC","","1605360","94733922","0 PAYLOAD C","1 39210U 13037C   13362.22408281  .00000791  00000-0  76509-4 0  9999","2 39210 097.6901 017.0887 0032057 220.2102 139.6745 14.95223065 24026"
"2.0","GENERATED VIA SPACE-TRACK.ORG API","2013-12-28T15:18:43","18 SPCS","PAYLOAD B","2013-037B","EARTH","TEME","UTC","SGP4","2013-12-28T09:06:40.146911","14.67334936","0.00040900","98.0487","17.2732","192.2216","167.8896","0","U","39209","999","2366","0.00009651100000","0.00000497","0.0000000000000","7047.730","98.137","672.477","666.712","PAYLOAD","LARGE","PRC","2013-07-19","TSC","","1605565","94738842","0 PAYLOAD B","1 39209U 13037B   13362.37963133  .00000497  00000-0  96511-4 0  9993","2 39209 098.0487 017.2732 0004090 192.2216 167.8896 14.67334936 23667"
"2.0","GENERATED VIA SPACE-TRACK.ORG API","2013-12-28T15:20:01","18 SPCS","PAYLOAD C","2013-037C","EARTH","TEME","UTC","SGP4","2013-12-28T11:48:08.787167","14.95223185","0.00320900","97.6899","17.3509","219.4129","140.4743","0","U","39210","999","2406","0.00007243100000","0.00000745","0.0000000000000","6959.821","96.306","604.020","559.352","PAYLOAD","LARGE","PRC","2013-07-19","TSC","","1605567","94738873","0 PAYLOAD C","1 39210U 13037C   13362.49176837  .00000745  00000-0  72431-4 0  9996","2 39210 097.6899 017.3509 0032090 219.4129 140.4743 14.95223185 24067"
"2.0","GENERATED VIA SPACE-TRACK.ORG API","2013-12-28T14:27:53","18 SPCS","PAYLOAD A","2013-037A","EARTH","TEME","UTC","SGP4","2013-12-28T11:54:25.257888","14.67970113","0.00078480","98.0503","17.5940","208.1548","151.9235","0","U","39208","999","2370","0.00007012300000","0.00000353","0.0000000000000","7045.697","98.094","673.091","662.032","PAYLOAD","LARGE","PRC","2013-07-19","TSC","","1605496","94737192","0 PAYLOAD A","1 39208U 13037A   13362.49612567  .00000353  00000-0  70123-4 0  9999","2 39208 098.0503 017.5940 0007848 208.1548 151.9235 14.67970113 23707"
"2.0","GENERATED VIA SPACE-TRACK.ORG API","2013-12-28T23:43:15","18 SPCS","PAYLOAD B","2013-037B","EARTH","TEME","UTC","SGP4","2013-12-28T17:17:38.953535","14.67334510","0.00041190","98.0489","17.6083","190.8584","169.2502","0","U","39209","999","2371","0.00007534100000","0.00000378","0.0000000000000","7047.731","98.137","672.499","666.693","PAYLOAD","LARGE","PRC","2013-07-19","TSC","","1605730","94741886","0 PAYLOAD B","1 39209U 13037B   13362.72058974  .00000378  00000-0  75341-4 0  9996","2 39209 098.0489 017.6083 0004119 190.8584 169.2502 14.67334510 23710"
"2.0","GENERATED VIA SPACE-TRACK.ORG API","2013-12-28T23:56:09","18 SPCS","PAYLOAD C","2013-037C","EARTH","TEME","UTC","SGP4","2013-12-28T19:49:58.927872","14.95222224","0.00320980","97.6900","17.6793","218.1802","141.7130","0","U","39210","999","2411","0.00004995500000","0.00000496","0.0000000000000","6959.824","96.306","604.029","559.349","PAYLOAD","LARGE","PRC","2013-07-19","TSC","","1605744","94742237","0 PAYLOAD C","1 39210U 13037C   13362.82637648  .00000496  00000-0  49955-4 0  9993","2 39210 097.6900 017.6793 0032098 218.1802 141.7130 14.95222224 24113"
"2.0","GENERATED VIA SPACE-TRACK.ORG API","2013-12-28T22:30:06","18 SPCS","PAYLOAD A","2013-037A","EARTH","TEME","UTC","SGP4","2013-12-28T21:43:20.612351","14.67969562","0.00079150","98.0501","17.9961","206.6803","153.3996","0","U","39208","999","2376","0.00004517000000","0.00000210","0.0000000000000","7045.698","98.094","673.140","661.987","PAYLOAD","LARGE","PRC","2013-07-19","TSC","","1605638","94739799","0 PAYLOAD A","1 39208U 13037A   13362.90509968  .00000210  00000-0  45170-4 0  9991","2 39208 098.0501 017.9961 0007915 206.6803 153.3996 14.67969562 23766"
"2.0","GENERATED VIA SPACE-TRACK.ORG API","2013-12-29T07:24:16","18 SPCS","PAYLOAD B","2013-037B","EARTH","TEME","UTC","SGP4","2013-12-29T01:28:37.810272","14.67335008","0.00041950","98.0489","17.9434","190.0491","170.0647","0","U","39209","999","2376","0.00007971500000","0.00000402","0.0000000000000","7047.730","98.137","672.551","666.638","PAYLOAD","LARGE","PRC","2013-07-19","TSC","","1605933","94744614","0 PAYLOAD B","1 39209U 13037B   13363.06154873  .00000402  00000-0  79715-4 0  9996","2 39209 098.0489 017.9434 0004195 190.0491 170.0647 14.67335008 23764"
"2.0","GENERATED VIA SPACE-TRACK.ORG API","2013-12-29T07:24:17","18 SPCS","PAYLOAD C","2013-037C","EARTH","TEME","UTC","SGP4","2013-12-29T03:51:49.015872","14.95221863","0.00321650","97.6899","18.0079","217.0540","142.8446","0","U","39210","999","2416","0.00003691100000","0.00000351","0.0000000000000","6959.825","96.306","604.076","559.304","PAYLOAD","LARGE","PRC","2013-07-19","TSC","","1605934","94744648","0 PAYLOAD C","1 39210U 13037C   13363.16098398  .00000351  00000-0  36911-4 0  9992","2 39210 097.6899 018.0079 0032165 217.0540 142.8446 14.95221863 24169"
"2.0","GENERATED VIA SPACE-TRACK.ORG API","2013-12-29T06:28:05","18 SPCS","PAYLOAD A","2013-037A","EARTH","TEME","UTC","SGP4","2013-12-29T04:15:57.477312","14.67970299","0.00079310","98.0501","18.2643","204.7133","155.3694","0","U","39208","999","2380","0.00007284800000","0.00000369","0.0000000000000","7045.696","98.094","673.149","661.973","PAYLOAD","LARGE","PRC","2013-07-19","TSC","","1605853","94742719","0 PAYLOAD A","1 39208U 13037A   13363.17774858  .00000369  00000-0  72848-4 0  9990","2 39208 098.0501 018.2643 0007931 204.7133 155.3694 14.67970299 23801"
"2.0","GENERATED VIA SPACE-TRACK.ORG API","2013-12-29T15:36:21","18 SPCS","PAYLOAD B","2013-037B","EARTH","TEME","UTC","SGP4","2013-12-29T09:39:36.591840","14.67335434","0.00041870","98.0489","18.2784","189.1550","170.9586","0","U","39209","999","2381","0.00008312800000","0.00000421","0.0000000000000","7047.728","98.137","672.544","666.642","PAYLOAD","LARGE","PRC","2013-07-19","TSC","","1606046","94747314","0 PAYLOAD B","1 39209U 13037B   13363.40250685  .00000421  00000-0  83128-4 0  9996","2 39209 098.0489 018.2784 0004187 189.1550 170.9586 14.67335434 23812"
"2.0","GENERATED VIA SPACE-TRACK.ORG API","2013-12-29T15:36:31","18 SPCS","PAYLOAD C","2013-037C","EARTH","TEME","UTC","SGP4","2013-12-29T11:53:39.117695","14.95221997","0.00321690","97.6898","18.3360","215.9584","143.9471","0","U","39210","999","2421","0.00003571200000","0.00000338","0.0000000000000","6959.825","96.306","604.079","559.301","PAYLOAD","LARGE","PRC","2013-07-19","TSC","","1606047","94747352","0 PAYLOAD C","1 39210U 13037C   13363.49559164  .00000338  00000-0  35712-4 0  9994","2 39210 097.6898 018.3360 0032169 215.9584 143.9471 14.95221997 24217"
"2.0","GENERATED VIA SPACE-TRACK.ORG API","2013-12-29T14:25:37","18 SPCS","PAYLOAD A","2013-037A","EARTH","TEME","UTC","SGP4","2013-12-29T12:26:43.554623","14.67970748","0.00079300","98.0501","18.5996","204.0166","156.0676","0","U","39208","999","2385","0.00008175100000","0.00000420","0.0000000000000","7045.695","98.094","673.147","661.972","PAYLOAD","LARGE","PRC","2013-07-19","TSC","","1605961","94745229","0 PAYLOAD A","1 39208U 13037A   13363.51855966  .00000420  00000-0  81751-4 0  9999","2 39208 098.0501 018.5996 0007930 204.0166 156.0676 14.67970748 23855"
"2.0","GENERATED VIA SPACE-TRACK.ORG API","2013-12-29T23:52:07","18 SPCS","PAYLOAD B","2013-037B","EARTH","TEME","UTC","SGP4","2013-12-29T17:50:35.363040","14.67335603","0.00042660","98.0488","18.6131","187.5684","172.5438","0","U","39209","999","2386","0.00008230600000","0.00000417","0.0000000000000","7047.728","98.137","672.599","666.586","PAYLOAD","LARGE","PRC","2013-07-19","TSC","","1606217","94750686","0 PAYLOAD B","1 39209U 13037B   13363.74346485  .00000417  00000-0  82306-4 0  9999","2 39209 098.0488 018.6131 0004266 187.5684 172.5438 14.67335603 23866"
"2.0","GENERATED VIA SPACE-TRACK.ORG API","2013-12-29T23:52:12","18 SPCS","PAYLOAD C","2013-037C","EARTH","TEME","UTC","SGP4","2013-12-29T19:55:29.237663","14.95220950","0.00322300","97.6898","18.6643","214.7479","145.1613","0","U","39210","999","2426","0.00001662200000","0.00000126","0.0000000000000","6959.828","96.306","604.125","559.261","PAYLOAD","LARGE","PRC","2013-07-19","TSC","","1606218","94750730","0 PAYLOAD C","1 39210U 13037C   13363.83019951  .00000126  00000-0  16622-4 0  9991","2 39210 097.6898 018.6643 0032230 214.7479 145.1613 14.95220950 24268"
"2.0","GENERATED VIA SPACE-TRACK.ORG API","2013-12-29T22:30:32","18 SPCS","PAYLOAD A","2013-037A","EARTH","TEME","UTC","SGP4","2013-12-29T20:37:29.702783","14.67969700","0.00079640","98.0501","18.9348","202.6344","157.4509","0","U","39208","999","2390","0.00003781200000","0.00000168","0.0000000000000","7045.698","98.094","673.174","661.952","PAYLOAD","LARGE","PRC","2013-07-19","TSC","","1606111","94748301","0 PAYLOAD A","1 39208U 13037A   13363.85937156  .00000168  00000-0  37812-4 0  9996","2 39208 098.0501 018.9348 0007964 202.6344 157.4509 14.67969700 23901"
"2.0","GENERATED VIA SPACE-TRACK.ORG API","2013-12-30T08:44:40","18 SPCS","PAYLOAD B","2013-037B","EARTH","TEME","UTC","SGP4","2013-12-30T02:01:34.187807","14.67335999","0.00042730","98.0485","18.9481","186.1593","173.9569","0","U","39209","999","2391","0.00008110800000","0.00000410","0.0000000000000","7047.726","98.137","672.603","666.580","PAYLOAD","LARGE","PRC","2013-07-19","TSC","","1606452","94753989","0 PAYLOAD B","1 39209U 13037B   13364.08442347  .00000410  00000-0  81108-4 0  9993","2 39209 098.0485 018.9481 0004273 186.1593 173.9569 14.67335999 23910"
"2.0","GENERATED VIA SPACE-TRACK.ORG API","2013-12-30T08:20:24","18 SPCS","PAYLOAD C","2013-037C","EARTH","TEME","UTC","SGP4","2013-12-30T03:57:19.374047","14.95220831","0.00322850","97.6895","18.9925","213.6678","146.2508","0","U","39210","999","2431","0.00000987690000","0.00000051","0.0000000000000","6959.828","96.306","604.163","559.224","PAYLOAD","LARGE","PRC","2013-07-19","TSC","","1606442","94753763","0 PAYLOAD C","1 39210U 13037C   13364.16480757  .00000051  00000-0  98769-5 0  9994","2 39210 097.6895 018.9925 0032285 213.6678 146.2508 14.95220831 24319"
"2.0","GENERATED VIA SPACE-TRACK.ORG API","2013-12-30T06:31:13","18 SPCS","PAYLOAD A","2013-037A","EARTH","TEME","UTC","SGP4","2013-12-30T04:48:15.799103","14.67969836","0.00079690","98.0498","19.2699","201.8121","158.2749","0","U","39208","999","2395","0.00003674400000","0.00000162","0.0000000000000","7045.698","98.094","673.177","661.948","PAYLOAD","LARGE","PRC","2013-07-19","TSC","","1606350","94751562","0 PAYLOAD A","1 39208U 13037A   13364.20018286  .00000162  00000-0  36744-4 0  9997","2 39208 098.0498 019.2699 0007969 201.8121 158.2749 14.67969836 23958"
"2.0","GENERATED VIA SPACE-TRACK.ORG API","2013-12-30T16:02:09","18 SPCS","PAYLOAD B","2013-037B","EARTH","TEME","UTC","SGP4","2013-12-30T10:12:32.959007","14.67336488","0.00042690","98.0488","19.2831","185.3249","174.7923","0","U","39209","999","2396","0.00008507100000","0.00000432","0.0000000000000","7047.725","98.136","672.599","666.581","PAYLOAD","LARGE","PRC","2013-07-19","TSC","","1606578","94756777","0 PAYLOAD B","1 39209U 13037B   13364.42538147  .00000432  00000-0  85071-4 0  9992","2 39209 098.0488 019.2831 0004269 185.3249 174.7923 14.67336488 23962"
"2.0","GENERATED VIA SPACE-TRACK.ORG API","2013-12-30T16:04:13","18 SPCS","PAYLOAD C","2013-037C","EARTH","TEME","UTC","SGP4","2013-12-30T11:59:09.434400","14.95221354","0.00322630","97.6894","19.3208","212.4844","147.4397","0","U","39210","999","2436","0.00001810100000","0.00000142","0.0000000000000","6959.827","96.306","604.146","559.237","PAYLOAD","LARGE","PRC","2013-07-19","TSC","","1606581","94756836","0 PAYLOAD C","1 39210U 13037C   13364.49941475  .00000142  00000-0  18101-4 0  9991","2 39210 097.6894 019.3208 0032263 212.4844 147.4397 14.95221354 24360"
"2.0","GENERATED VIA SPACE-TRACK.ORG API","2013-12-30T14:34:49","18 SPCS","PAYLOAD A","2013-037A","EARTH","TEME","UTC","SGP4","2013-12-30T12:59:01.878143","14.67969792","0.00079900","98.0495","19.6047","200.7777","159.3099","0","U","39208","999","2400","0.00002841000000","0.00000114","0.0000000000000","7045.698","98.094","673.192","661.933","PAYLOAD","LARGE","PRC","2013-07-19","TSC","","1606485","94754570","0 PAYLOAD A","1 39208U 13037A   13364.54099396  .00000114  00000-0  28410-4 0  9993","2 39208 098.0495 019.6047 0007990 200.7777 159.3099 14.67969792 24003"
"2.0","GENERATED VIA SPACE-TRACK.ORG API","2013-12-30T23:34:26","18 SPCS","PAYLOAD B","2013-037B","EARTH","TEME","UTC","SGP4","2013-12-30T18:23:31.713792","14.67336415","0.00043040","98.0487","19.6180","183.9185","176.1961","0","U","39209","999","2401","0.00007671600000","0.00000385","0.0000000000000","7047.725","98.137","672.623","666.557","PAYLOAD","LARGE","PRC","2013-07-19","TSC","","1606766","94759247","0 PAYLOAD B","1 39209U 13037B   13364.76633928  .00000385  00000-0  76716-4 0  9995","2 39209 098.0487 019.6180 0004304 183.9185 176.1961 14.67336415 24010"
"2.0","GENERATED VIA SPACE-TRACK.ORG API","2013-12-30T23:34:43","18 SPCS","PAYLOAD C","2013-037C","EARTH","TEME","UTC","SGP4","2013-12-30T20:00:59.551776","14.95220486","0.00323540","97.6889","19.6489","211.2745","148.6545","0","U","39210","999","2441","0.00000155600000","-0.00000042","0.0000000000000","6959.829","96.306","604.212","559.177","PAYLOAD","LARGE","PRC","2013-07-19","TSC","","1606767","94759279","0 PAYLOAD C","1 39210U 13037C   13364.83402259 -.00000042  00000-0  15560-5 0  9998","2 39210 097.6889 019.6489 0032354 211.2745 148.6545 14.95220486 24415"
"2.0","GENERATED VIA SPACE-TRACK.ORG API","2013-12-30T22:26:31","18 SPCS","PAYLOAD A","2013-037A","EARTH","TEME","UTC","SGP4","2013-12-30T21:09:47.920031","14.67970732","0.00080020","98.0492","19.9401","199.9035","160.1876","0","U","39208","999","2405","0.00004879500000","0.00000231","0.0000000000000","7045.695","98.094","673.198","661.922","PAYLOAD","LARGE","PRC","2013-07-19","TSC","","1606690","94757542","0 PAYLOAD A","1 39208U 13037A   13364.88180463  .00000231  00000-0  48795-4 0  9994","2 39208 098.0492 019.9401 0008002 199.9035 160.1876 14.67970732 24052"
"2.0","GENERATED VIA SPACE-TRACK.ORG API","2013-12-31T08:02:15","18 SPCS","PAYLOAD B","2013-037B","EARTH","TEME","UTC","SGP4","2013-12-31T02:34:30.554112","14.67336906","0.00043350","98.0484","19.9531","182.9669","177.1541","0","U","39209","999","2406","0.00007958600000","0.00000402","0.0000000000000","7047.724","98.136","672.644","666.533","PAYLOAD","LARGE","PRC","2013-07-19","TSC","","1606984","94762055","0 PAYLOAD B","1 39209U 13037B   13365.10729808  .00000402  00000-0  79586-4 0  9995","2 39209 098.0484 019.9531 0004335 182.9669 177.1541 14.67336906 24065"
"2.0","GENERATED VIA SPACE-TRACK.ORG API","2013-12-31T08:03:54","18 SPCS","PAYLOAD C","2013-037C","EARTH","TEME","UTC","SGP4","2013-12-31T04:02:49.610399","14.95221469","0.00324180","97.6887","19.9774","210.1696","149.7678","0","U","39210","999","2446","0.00001589700000","0.00000118","0.0000000000000","6959.826","96.306","604.254","559.129","PAYLOAD","LARGE","PRC","2013-07-19","TSC","","1606987","94762117","0 PAYLOAD C","1 39210U 13037C   13365.16862975  .00000118  00000-0  15897-4 0  9995","2 39210 097.6887 019.9774 0032418 210.1696 149.7678 14.95221469 24463"
"2.0","GENERATED VIA SPACE-TRACK.ORG API","2013-12-31T06:27:19","18 SPCS","PAYLOAD A","2013-037A","EARTH","TEME","UTC","SGP4","2013-12-31T05:20:33.916128","14.67971431","0.00080320","98.0489","20.2754","199.0403","161.0510","0","U","39208","999","2410","0.00005869200000","0.00000288","0.0000000000000","7045.693","98.094","673.217","661.898","PAYLOAD","LARGE","PRC","2013-07-19","TSC","","1606901","94760028","0 PAYLOAD A","1 39208U 13037A   13365.22261477  .00000288  00000-0  58692-4 0  9997","2 39208 098.0489 020.2754 0008032 199.0403 161.0510 14.67971431 24105"
"2.0","GENERATED VIA SPACE-TRACK.ORG API","2013-12-31T15:44:22","18 SPCS","PAYLOAD B","2013-037B","EARTH","TEME","UTC","SGP4","2013-12-31T09:07:17.513184","14.67337547","0.00043230","98.0484","20.2210","182.0831","178.0363","0","U","39209","999","2410","0.00009419500000","0.00000484","0.0000000000000","7047.722","98.136","672.633","666.540","PAYLOAD","LARGE","PRC","2013-07-19","TSC","","1607109","94764900","0 PAYLOAD B","1 39209U 13037B   13365.38006381  .00000484  00000-0  94195-4 0  9992","2 39209 098.0484 020.2210 0004323 182.0831 178.0363 14.67337547 24102"
"2.0","GENERATED VIA SPACE-TRACK.ORG API","2013-12-31T14:27:50","18 SPCS","PAYLOAD A","2013-037A","EARTH","TEME","UTC","SGP4","2013-12-31T11:53:10.741344","14.67971576","0.00080500","98.0488","20.5434","198.1833","161.9086","0","U","39208","999","2414","0.00005371800000","0.00000259","0.0000000000000","7045.692","98.094","673.229","661.885","PAYLOAD","LARGE","PRC","2013-07-19","TSC","","1607016","94762797","0 PAYLOAD A","1 39208U 13037A   13365.49526321  .00000259  00000-0  53718-4 0  9990","2 39208 098.0488 020.5434 0008050 198.1833 161.9086 14.67971576 24140"
"2.0","GENERATED VIA SPACE-TRACK.ORG API","2013-12-31T15:44:39","18 SPCS","PAYLOAD C","2013-037C","EARTH","TEME","UTC","SGP4","2013-12-31T12:04:39.662111","14.95221693","0.00324360","97.6885","20.3054","209.0337","150.9086","0","U","39210","999","2451","0.00001732300000","0.00000133","0.0000000000000","6959.826","96.306","604.266","559.116","PAYLOAD","LARGE","PRC","2013-07-19","TSC","","1607110","94764933","0 PAYLOAD C","1 39210U 13037C   13365.50323683  .00000133  00000-0  17323-4 0  9994","2 39210 097.6885 020.3054 0032436 209.0337 150.9086 14.95221693 24519"
"2.0","GENERATED VIA SPACE-TRACK.ORG API","2013-12-31T23:40:46","18 SPCS","PAYLOAD B","2013-037B","EARTH","TEME","UTC","SGP4","2013-12-31T17:18:16.255871","14.67337438","0.00043460","98.0485","20.5559","180.8767","179.2411","0","U","39209","999","2415","0.00008017300000","0.00000405","0.0000000000000","7047.722","98.136","672.650","666.524","PAYLOAD","LARGE","PRC","2013-07-19","TSC","","1607288","94767902","0 PAYLOAD B","1 39209U 13037B   13365.72102148  .00000405  00000-0  80173-4 0  9992","2 39209 098.0485 020.5559 0004346 180.8767 179.2411 14.67337438 24152"
"2.0","GENERATED VIA SPACE-TRACK.ORG API","2013-12-31T23:41:08","18 SPCS","PAYLOAD C","2013-037C","EARTH","TEME","UTC","SGP4","2013-12-31T20:06:29.756159","14.95221619","0.00324610","97.6885","20.6335","207.9196","152.0290","0","U","39210","999","2456","0.00001402900000","0.00000097","0.0000000000000","6959.826","96.306","604.283","559.099","PAYLOAD","LARGE","PRC","2013-07-19","TSC","","1607289","94767940","0 PAYLOAD C","1 39210U 13037C   13365.83784440  .00000097  00000-0  14029-4 0  9991","2 39210 097.6885 020.6335 0032461 207.9196 152.0290 14.95221619 24565"
"2.0","GENERATED VIA SPACE-TRACK.ORG API","2013-12-31T22:28:02","18 SPCS","PAYLOAD A","2013-037A","EARTH","TEME","UTC","SGP4","2013-12-31T21:42:06.010271","14.67972209","0.00080580","98.0487","20.9452","196.7561","163.3379","0","U","39208","999","2420","0.00007355500000","0.00000373","0.0000000000000","7045.690","98.094","673.232","661.878","PAYLOAD","LARGE","PRC","2013-07-19","TSC","","1607190","94765871","0 PAYLOAD A","1 39208U 13037A   13365.90423623  .00000373  00000-0  73555-4 0  9995","2 39208 098.0487 020.9452 0008058 196.7561 163.3379 14.67972209 24205"
"2.0","GENERATED VIA SPACE-TRACK.ORG API","2014-01-01T08:07:54","18 SPCS","PAYLOAD B","2013-037B","EARTH","TEME","UTC","SGP4","2014-01-01T01:29:15.046943","14.67337721","0.00044050","98.0484","20.8908","179.8516","180.2700","0","U","39209","999","2420","0.00007690700000","0.00000386","0.0000000000000","7047.721","98.136","672.690","666.481","PAYLOAD","LARGE","PRC","2013-07-19","TSC","","1607497","94771135","0 PAYLOAD B","1 39209U 13037B   14001.06197971  .00000386  00000-0  76907-4 0  9993","2 39209 098.0484 020.8908 0004405 179.8516 180.2700 14.67337721 24202"
"2.0","GENERATED VIA SPACE-TRACK.ORG API","2014-01-01T08:09:27","18 SPCS","PAYLOAD C","2013-037C","EARTH","TEME","UTC","SGP4","2014-01-01T04:08:19.777632","14.95222946","0.00324650","97.6885","20.9616","206.8284","153.1278","0","U","39210","999","2461","0.00003320100000","0.00000310","0.0000000000000","6959.822","96.306","604.282","559.092","PAYLOAD","LARGE","PRC","2013-07-19","TSC","","1607499","94771186","0 PAYLOAD C","1 39210U 13037C   14001.17245113  .00000310  00000-0  33201-4 0  9996","2 39210 097.6885 020.9616 0032465 206.8284 153.1278 14.95222946 24618"
"2.0","GENERATED VIA SPACE-TRACK.ORG API","2014-01-01T06:47:07","18 SPCS","PAYLOAD A","2013-037A","EARTH","TEME","UTC","SGP4","2014-01-01T04:14:42.791423","14.67973039","0.00080710","98.0486","21.2135","195.9134","164.1817","0","U","39208","999","2424","0.00008996600000","0.00000467","0.0000000000000","7045.687","98.094","673.239","661.866","PAYLOAD","LARGE","PRC","2013-07-19","TSC","","1607416","94769158","0 PAYLOAD A","1 39208U 13037A   14001.17688416  .00000467  00000-0  89966-4 0  9992","2 39208 098.0486 021.2135 0008071 195.9134 164.1817 14.67973039 24240"
"2.0","GENERATED VIA SPACE-TRACK.ORG API","2014-01-01T15:46:42","18 SPCS","PAYLOAD B","2013-037B","EARTH","TEME","UTC","SGP4","2014-01-01T09:40:13.782720","14.67338353","0.00043970","98.0484","21.2258","178.4605","181.6618","0","U","39209","999","2425","0.00008982200000","0.00000459","0.0000000000000","7047.719","98.136","672.683","666.485","PAYLOAD","LARGE","PRC","2013-07-19","TSC","","1607640","94774329","0 PAYLOAD B","1 39209U 13037B   14001.40293730  .00000459  00000-0  89822-4 0  9992","2 39209 098.0484 021.2258 0004397 178.4605 181.6618 14.67338353 24259"
"2.0","GENERATED VIA SPACE-TRACK.ORG API","2014-01-01T15:48:17","18 SPCS","PAYLOAD C","2013-037C","EARTH","TEME","UTC","SGP4","2014-01-01T12:10:09.788736","14.95223486","0.00324880","97.6884","21.2897","205.6949","154.2661","0","U","39210","999","2466","0.00003772100000","0.00000360","0.0000000000000","6959.820","96.306","604.296","559.074","PAYLOAD","LARGE","PRC","2013-07-19","TSC","","1607642","94774368","0 PAYLOAD C","1 39210U 13037C   14001.50705774  .00000360  00000-0  37721-4 0  9993","2 39210 097.6884 021.2897 0032488 205.6949 154.2661 14.95223486 24665"
"2.0","GENERATED VIA SPACE-TRACK.ORG API","2014-01-01T14:29:11","18 SPCS","PAYLOAD A","2013-037A","EARTH","TEME","UTC","SGP4","2014-01-01T12:25:28.813440","14.67973511","0.00080490","98.0484","21.5485","195.1850","164.9115","0","U","39208","999","2429","0.00009456500000","0.00000493","0.0000000000000","7045.686","98.094","673.222","661.880","PAYLOAD","LARGE","PRC","2013-07-19","TSC","","1607540","94771968","0 PAYLOAD A","1 39208U 13037A   14001.51769460  .00000493  00000-0  94565-4 0  9999","2 39208 098.0484 021.5485 0008049 195.1850 164.9115 14.67973511 24290"
"2.0","GENERATED VIA SPACE-TRACK.ORG API","2014-01-01T23:27:58","18 SPCS","PAYLOAD B","2013-037B","EARTH","TEME","UTC","SGP4","2014-01-01T17:51:12.532319","14.67337670","0.00044100","98.0480","21.5604","177.7200","182.3986","0","U","39209","999","2430","0.00006247400000","0.00000305","0.0000000000000","7047.721","98.136","672.694","666.478","PAYLOAD","LARGE","PRC","2013-07-19","TSC","","1607779","94777074","0 PAYLOAD B","1 39209U 13037B   14001.74389505  .00000305  00000-0  62474-4 0  9999","2 39209 098.0480 021.5604 0004410 177.7200 182.3986 14.67337670 24305"
"2.0","GENERATED VIA SPACE-TRACK.ORG API","2014-01-01T23:29:51","18 SPCS","PAYLOAD C","2013-037C","EARTH","TEME","UTC","SGP4","2014-01-01T20:11:59.905247","14.95223024","0.00326160","97.6875","21.6172","204.4602","155.5088","0","U","39210","999","2471","0.00002730500000","0.00000244","0.0000000000000","6959.822","96.306","604.387","558.986","PAYLOAD","LARGE","PRC","2013-07-19","TSC","","1607781","94777116","0 PAYLOAD C","1 39210U 13037C   14001.84166557  .00000244  00000-0  27305-4 0  9998","2 39210 097.6875 021.6172 0032616 204.4602 155.5088 14.95223024 24712"
"2.0","GENERATED VIA SPACE-TRACK.ORG API","2014-01-01T22:28:34","18 SPCS","PAYLOAD A","2013-037A","EARTH","TEME","UTC","SGP4","2014-01-01T20:36:14.978016","14.67972494","0.00081710","98.0477","21.8833","193.8115","166.2880","0","U","39208","999","2434","0.00006685100000","0.00000335","0.0000000000000","7045.689","98.094","673.311","661.797","PAYLOAD","LARGE","PRC","2013-07-19","TSC","","1607703","94775323","0 PAYLOAD A","1 39208U 13037A   14001.85850669  .00000335  00000-0  66851-4 0  9990","2 39208 098.0477 021.8833 0008171 193.8115 166.2880 14.67972494 24346"
"2.0","GENERATED VIA SPACE-TRACK.ORG API","2014-01-02T07:24:15","18 SPCS","PAYLOAD B","2013-037B","EARTH","TEME","UTC","SGP4","2014-01-02T02:02:11.336351","14.67338118","0.00044660","98.0476","21.8952","177.0585","183.0666","0","U","39209","999","2435","0.00006232700000","0.00000304","0.0000000000000","7047.720","98.136","672.732","666.437","PAYLOAD","LARGE","PRC","2013-07-19","TSC","","1608022","94779762","0 PAYLOAD B","1 39209U 13037B   14002.08485343  .00000304  00000-0  62327-4 0  9990","2 39209 098.0476 021.8952 0004466 177.0585 183.0666 14.67338118 24355"
"2.0","GENERATED VIA SPACE-TRACK.ORG API","2014-01-02T07:25:16","18 SPCS","PAYLOAD C","2013-037C","EARTH","TEME","UTC","SGP4","2014-01-02T04:13:49.905120","14.95224262","0.00325940","97.6876","21.9453","203.3851","156.5906","0","U","39210","999","2476","0.00004390900000","0.00000429","0.0000000000000","6959.818","96.306","604.368","558.998","PAYLOAD","LARGE","PRC","2013-07-19","TSC","","1608024","94779803","0 PAYLOAD C","1 39210U 13037C   14002.17627205  .00000429  00000-0  43909-4 0  9990","2 39210 097.6876 021.9453 0032594 203.3851 156.5906 14.95224262 24767"
"2.0","GENERATED VIA SPACE-TRACK.ORG API","2014-01-02T06:24:05","18 SPCS","PAYLOAD A","2013-037A","EARTH","TEME","UTC","SGP4","2014-01-02T04:47:00.963744","14.67973024","0.00081850","98.0481","22.2186","192.6214","167.4787","0","U","39208","999","2439","0.00007124200000","0.00000360","0.0000000000000","7045.687","98.094","673.319","661.786","PAYLOAD","LARGE","PRC","2013-07-19","TSC","","1607945","94777884","0 PAYLOAD A","1 39208U 13037A   14002.19931671  .00000360  00000-0  71242-4 0  9999","2 39208 098.0481 022.2186 0008185 192.6214 167.4787 14.67973024 24393"
"2.0","GENERATED VIA SPACE-TRACK.ORG API","2014-01-02T13:08:48","18 SPCS","PAYLOAD C","2013-037C","EARTH","TEME","UTC","SGP4","2014-01-02T07:26:33.891936","14.95224581","0.00325870","97.6875","22.0766","202.9625","157.0150","0","U","39210","999","2478","0.00004680600000","0.00000461","0.0000000000000","6959.817","96.306","604.362","559.002","PAYLOAD","LARGE","PRC","2013-07-19","TSC","","1608120","94782009","0 PAYLOAD C","1 39210U 13037C   14002.31011449  .00000461  00000-0  46806-4 0  9998","2 39210 097.6875 022.0766 0032587 202.9625 157.0150 14.95224581 24784"
"2.0","GENERATED VIA SPACE-TRACK.ORG API","2014-01-02T12:12:13","18 SPCS","PAYLOAD A","2013-037A","EARTH","TEME","UTC","SGP4","2014-01-02T08:03:19.375487","14.67973191","0.00081930","98.0478","22.3526","192.2351","167.8664","0","U","39208","999","2441","0.00007086000000","0.00000358","0.0000000000000","7045.687","98.094","673.324","661.779","PAYLOAD","LARGE","PRC","2013-07-19","TSC","","1608053","94780393","0 PAYLOAD A","1 39208U 13037A   14002.33564092  .00000358  00000-0  70860-4 0  9996","2 39208 098.0478 022.3526 0008193 192.2351 167.8664 14.67973191 24411"
"2.0","GENERATED VIA SPACE-TRACK.ORG API","2014-01-02T13:05:35","18 SPCS","PAYLOAD B","2013-037B","EARTH","TEME","UTC","SGP4","2014-01-02T10:13:10.040159","14.67338732","0.00044310","98.0476","22.2302","176.0831","184.0418","0","U","39209","999","2440","0.00007322400000","0.00000366","0.0000000000000","7047.718","98.136","672.706","666.460","PAYLOAD","LARGE","PRC","2013-07-19","TSC","","1608119","94781976","0 PAYLOAD B","1 39209U 13037B   14002.42581065  .00000366  00000-0  73224-4 0  9992","2 39209 098.0476 022.2302 0004431 176.0831 184.0418 14.67338732 24408"
"2.0","GENERATED VIA SPACE-TRACK.ORG API","2014-01-02T21:42:37","18 SPCS","PAYLOAD A","2013-037A","EARTH","TEME","UTC","SGP4","2014-01-02T16:14:05.441568","14.67972423","0.00082260","98.0479","22.6877","190.8440","169.2580","0","U","39208","999","2446","0.00003647500000","0.00000161","0.0000000000000","7045.689","98.094","673.350","661.759","PAYLOAD","LARGE","PRC","2013-07-19","TSC","","1608314","94784594","0 PAYLOAD A","1 39208U 13037A   14002.67645187  .00000161  00000-0  36475-4 0  9994","2 39208 098.0479 022.6877 0008226 190.8440 169.2580 14.67972423 24469"
"2.0","GENERATED VIA SPACE-TRACK.ORG API","2014-01-02T19:10:52","18 SPCS","PAYLOAD A","2013-037A","EARTH","TEME","UTC","SGP4","2014-01-02T16:14:06.295200","14.67972889","0.00079520","98.0514","22.6899","189.4110","170.7437","0","U","39208","999","2446","0.00005660500000","0.00000324","0.0000000000000","7045.688","98.094","673.156","661.950","PAYLOAD","LARGE","PRC","2013-07-19","TSC","","1608241","94783600","0 PAYLOAD A","1 39208U 13037A   14002.67646175  .00000324  00000-0  56605-4 0  9990","2 39208 098.0514 022.6899 0007952 189.4110 170.7437 14.67972889 24460"
"2.0","GENERATED VIA SPACE-TRACK.ORG API","2014-01-02T23:00:52","18 SPCS","PAYLOAD B","2013-037B","EARTH","TEME","UTC","SGP4","2014-01-02T18:24:08.772480","14.67338855","0.00044440","98.0474","22.5649","174.6499","185.4743","0","U","39209","999","2445","0.00007291200000","0.00000364","0.0000000000000","7047.717","98.136","672.714","666.450","PAYLOAD","LARGE","PRC","2013-07-19","TSC","","1608414","94786823","0 PAYLOAD B","1 39209U 13037B   14002.76676820  .00000364  00000-0  72912-4 0  9994","2 39209 098.0474 022.5649 0004444 174.6499 185.4743 14.67338855 24458"
"2.0","GENERATED VIA SPACE-TRACK.ORG API","2014-01-02T23:01:53","18 SPCS","PAYLOAD C","2013-037C","EARTH","TEME","UTC","SGP4","2014-01-02T20:17:29.938559","14.95225555","0.00328370","97.6870","22.6017","200.7705","159.2232","0","U","39210","999","2486","0.00005177400000","0.00000516","0.0000000000000","6959.814","96.306","604.533","558.825","PAYLOAD","LARGE","PRC","2013-07-19","TSC","","1608416","94786864","0 PAYLOAD C","1 39210U 13037C   14002.84548540  .00000516  00000-0  51774-4 0  9994","2 39210 097.6870 022.6017 0032837 200.7705 159.2232 14.95225555 24863"
"2.0","GENERATED VIA SPACE-TRACK.ORG API","2014-01-03T07:33:30","18 SPCS","PAYLOAD B","2013-037B","EARTH","TEME","UTC","SGP4","2014-01-03T02:35:07.497023","14.67339498","0.00044730","98.0473","22.8996","173.5270","186.6010","0","U","39209","999","2450","0.00007703100000","0.00000387","0.0000000000000","7047.715","98.136","672.733","666.428","PAYLOAD","LARGE","PRC","2013-07-19","TSC","","1608677","94790366","0 PAYLOAD B","1 39209U 13037B   14003.10772566  .00000387  00000-0  77031-4 0  9999","2 39209 098.0473 022.8996 0004473 173.5270 186.6010 14.67339498 24502"
"2.0","GENERATED VIA SPACE-TRACK.ORG API","2014-01-03T06:28:02","18 SPCS","PAYLOAD A","2013-037A","EARTH","TEME","UTC","SGP4","2014-01-03T03:41:09.913344","14.67972563","0.00082190","98.0479","23.1567","189.3125","170.7926","0","U","39208","999","2453","0.00003448700000","0.00000149","0.0000000000000","7045.689","98.094","673.345","661.763","PAYLOAD","LARGE","PRC","2013-07-19","TSC","","1608596","94788339","0 PAYLOAD A","1 39208U 13037A   14003.15358696  .00000149  00000-0  34487-4 0  9991","2 39208 098.0479 023.1567 0008219 189.3125 170.7926 14.67972563 24530"
"2.0","GENERATED VIA SPACE-TRACK.ORG API","2014-01-03T07:33:46","18 SPCS","PAYLOAD C","2013-037C","EARTH","TEME","UTC","SGP4","2014-01-03T04:19:19.839935","14.95226861","0.00327990","97.6868","22.9296","199.7798","160.2165","0","U","39210","999","2491","0.00006694300000","0.00000685","0.0000000000000","6959.810","96.306","604.502","558.847","PAYLOAD","LARGE","PRC","2013-07-19","TSC","","1608678","94790400","0 PAYLOAD C","1 39210U 13037C   14003.18009074  .00000685  00000-0  66943-4 0  9997","2 39210 097.6868 022.9296 0032799 199.7798 160.2165 14.95226861 24912"
"2.0","GENERATED VIA SPACE-TRACK.ORG API","2014-01-03T15:03:46","18 SPCS","PAYLOAD B","2013-037B","EARTH","TEME","UTC","SGP4","2014-01-03T09:07:54.428448","14.67339893","0.00044970","98.0472","23.1676","172.5949","187.5325","0","U","39209","999","2454","0.00008026900000","0.00000405","0.0000000000000","7047.714","98.136","672.748","666.410","PAYLOAD","LARGE","PRC","2013-07-19","TSC","","1608765","94792043","0 PAYLOAD B","1 39209U 13037B   14003.38049107  .00000405  00000-0  80269-4 0  9995","2 39209 098.0472 023.1676 0004497 172.5949 187.5325 14.67339893 24540"
"2.0","GENERATED VIA SPACE-TRACK.ORG API","2014-01-03T14:20:00","18 SPCS","PAYLOAD A","2013-037A","EARTH","TEME","UTC","SGP4","2014-01-03T11:51:55.956095","14.67972593","0.00082190","98.0481","23.4919","187.9853","172.1216","0","U","39208","999","2458","0.00003134100000","0.00000131","0.0000000000000","7045.689","98.094","673.345","661.763","PAYLOAD","LARGE","PRC","2013-07-19","TSC","","1608711","94790830","0 PAYLOAD A","1 39208U 13037A   14003.49439764  .00000131  00000-0  31341-4 0  9991","2 39208 098.0481 023.4919 0008219 187.9853 172.1216 14.67972593 24585"
"2.0","GENERATED VIA SPACE-TRACK.ORG API","2014-01-03T15:04:05","18 SPCS","PAYLOAD C","2013-037C","EARTH","TEME","UTC","SGP4","2014-01-03T12:21:09.805248","14.95227891","0.00328320","97.6869","23.2576","198.6611","161.3431","0","U","39210","999","2496","0.00007532800000","0.00000778","0.0000000000000","6959.806","96.306","604.522","558.821","PAYLOAD","LARGE","PRC","2013-07-19","TSC","","1608766","94792073","0 PAYLOAD C","1 39210U 13037C   14003.51469682  .00000778  00000-0  75328-4 0  9999","2 39210 097.6869 023.2576 0032832 198.6611 161.3431 14.95227891 24965"
"2.0","GENERATED VIA SPACE-TRACK.ORG API","2014-01-03T15:45:49","18 SPCS","PAYLOAD A","2013-037A","EARTH","TEME","UTC","SGP4","2014-01-03T13:30:05.175360","14.67973806","0.00083470","98.0480","23.5584","187.1326","172.9830","0","U","39208","999","2459","0.00006362600000","0.00000316","0.0000000000000","7045.685","98.094","673.431","661.669","PAYLOAD","LARGE","PRC","2013-07-19","TSC","","1608795","94792404","0 PAYLOAD A","1 39208U 13037A   14003.56255990  .00000316  00000-0  63626-4 0  9992","2 39208 098.0480 023.5584 0008347 187.1326 172.9830 14.67973806 24591"
"2.0","GENERATED VIA SPACE-TRACK.ORG API","2014-01-04T00:37:02","18 SPCS","PAYLOAD B","2013-037B","EARTH","TEME","UTC","SGP4","2014-01-03T17:18:53.137440","14.67340270","0.00045210","98.0471","23.5021","171.2321","188.8957","0","U","39209","999","2459","0.00008637200000","0.00000440","0.0000000000000","7047.713","98.136","672.764","666.392","PAYLOAD","LARGE","PRC","2013-07-19","TSC","","1609040","94796739","0 PAYLOAD B","1 39209U 13037B   14003.72144835  .00000440  00000-0  86372-4 0  9997","2 39209 098.0471 023.5021 0004521 171.2321 188.8957 14.67340270 24596"
"2.0","GENERATED VIA SPACE-TRACK.ORG API","2014-01-03T22:39:47","18 SPCS","PAYLOAD A","2013-037A","EARTH","TEME","UTC","SGP4","2014-01-03T18:24:32.671583","14.67974146","0.00083400","98.0476","23.7595","186.9139","173.1963","0","U","39208","999","2462","0.00007008500000","0.00000353","0.0000000000000","7045.684","98.094","673.425","661.673","PAYLOAD","LARGE","PRC","2013-07-19","TSC","","1608887","94793394","0 PAYLOAD A","1 39208U 13037A   14003.76704481  .00000353  00000-0  70085-4 0  9996","2 39208 098.0476 023.7595 0008340 186.9139 173.1963 14.67974146 24624"
"2.0","GENERATED VIA SPACE-TRACK.ORG API","2014-01-04T00:38:13","18 SPCS","PAYLOAD C","2013-037C","EARTH","TEME","UTC","SGP4","2014-01-03T20:22:59.755007","14.95228186","0.00328730","97.6869","23.5856","197.4977","162.5115","0","U","39210","999","2501","0.00007137100000","0.00000734","0.0000000000000","6959.806","96.306","604.549","558.792","PAYLOAD","LARGE","PRC","2013-07-19","TSC","","1609043","94796804","0 PAYLOAD C","1 39210U 13037C   14003.84930272  .00000734  00000-0  71371-4 0  9999","2 39210 097.6869 023.5856 0032873 197.4977 162.5115 14.95228186 25013"
"2.0","GENERATED VIA SPACE-TRACK.ORG API","2014-01-04T06:01:03","18 SPCS","PAYLOAD B","2013-037B","EARTH","TEME","UTC","SGP4","2014-01-04T01:29:51.804096","14.67341065","0.00046830","98.0470","23.8375","170.1508","189.9804","0","U","39209","999","2464","0.00009607200000","0.00000495","0.0000000000000","7047.710","98.136","672.876","666.275","PAYLOAD","LARGE","PRC","2013-07-19","TSC","","1609154","94797245","0 PAYLOAD B","1 39209U 13037B   14004.06240514  .00000495  00000-0  96072-4 0  9994","2 39209 098.0470 023.8375 0004683 170.1508 189.9804 14.67341065 24646"
"2.0","GENERATED VIA SPACE-TRACK.ORG API","2014-01-04T06:01:03","18 SPCS","PAYLOAD A","2013-037A","EARTH","TEME","UTC","SGP4","2014-01-04T02:35:18.632255","14.67975264","0.00084450","98.0474","24.0950","186.1837","173.9305","0","U","39208","999","2467","0.00009203600000","0.00000479","0.0000000000000","7045.680","98.094","673.495","661.595","PAYLOAD","LARGE","PRC","2013-07-19","TSC","","1609154","94797246","0 PAYLOAD A","1 39208U 13037A   14004.10785454  .00000479  00000-0  92036-4 0  9993","2 39208 098.0474 024.0950 0008445 186.1837 173.9305 14.67975264 24679"
"2.0","GENERATED VIA SPACE-TRACK.ORG API","2014-01-04T06:01:03","18 SPCS","PAYLOAD C","2013-037C","EARTH","TEME","UTC","SGP4","2014-01-04T04:24:49.672799","14.95230005","0.00328690","97.6869","23.9136","196.3892","163.6289","0","U","39210","999","2506","0.00009266700000","0.00000971","0.0000000000000","6959.800","96.306","604.541","558.789","PAYLOAD","LARGE","PRC","2013-07-19","TSC","","1609154","94797247","0 PAYLOAD C","1 39210U 13037C   14004.18390825  .00000971  00000-0  92667-4 0  9995","2 39210 097.6869 023.9136 0032869 196.3892 163.6289 14.95230005 25069"
"2.0","GENERATED VIA SPACE-TRACK.ORG API","2014-01-04T14:25:54","18 SPCS","PAYLOAD A","2013-037A","EARTH","TEME","UTC","SGP4","2014-01-04T09:07:55.347743","14.67975945","0.00084270","98.0477","24.3629","184.9410","175.1713","0","U","39208","999","2471","0.00010877000000","0.00000575","0.0000000000000","7045.678","98.094","673.480","661.606","PAYLOAD","LARGE","PRC","2013-07-19","TSC","","1609315","94800238","0 PAYLOAD A","1 39208U 13037A   14004.38050171  .00000575  00000-0  10877-3 0  9993","2 39208 098.0477 024.3629 0008427 184.9410 175.1713 14.67975945 24719"
"2.0","GENERATED VIA SPACE-TRACK.ORG API","2014-01-04T15:37:25","18 SPCS","PAYLOAD B","2013-037B","EARTH","TEME","UTC","SGP4","2014-01-04T09:40:50.465568","14.67341936","0.00046380","98.0470","24.1725","168.7955","191.3362","0","U","39209","999","2469","0.00011401000000","0.00000596","0.0000000000000","7047.707","98.136","672.841","666.304","PAYLOAD","LARGE","PRC","2013-07-19","TSC","","1609401","94802300","0 PAYLOAD B","1 39209U 13037B   14004.40336187  .00000596  00000-0  11401-3 0  9998","2 39209 098.0470 024.1725 0004638 168.7955 191.3362 14.67341936 24696"
"2.0","GENERATED VIA SPACE-TRACK.ORG API","2014-01-04T15:39:02","18 SPCS","PAYLOAD C","2013-037C","EARTH","TEME","UTC","SGP4","2014-01-04T12:26:39.551712","14.95231230","0.00328710","97.6869","24.2416","195.2337","164.7911","0","U","39210","999","2511","0.00010010000000","0.00001054","0.0000000000000","6959.796","96.306","604.539","558.784","PAYLOAD","LARGE","PRC","2013-07-19","TSC","","1609403","94802347","0 PAYLOAD C","1 39210U 13037C   14004.51851333  .00001054  00000-0  10010-3 0  9992","2 39210 097.6869 024.2416 0032871 195.2337 164.7911 14.95231230 25110"
"2.0","GENERATED VIA SPACE-TRACK.ORG API","2014-01-04T22:33:06","18 SPCS","PAYLOAD A","2013-037A","EARTH","TEME","UTC","SGP4","2014-01-04T17:18:41.312735","14.67976180","0.00084540","98.0478","24.6983","184.0307","176.0812","0","U","39208","999","2476","0.00011236000000","0.00000595","0.0000000000000","7045.677","98.094","673.499","661.586","PAYLOAD","LARGE","PRC","2013-07-19","TSC","","1609502","94803377","0 PAYLOAD A","1 39208U 13037A   14004.72131149  .00000595  00000-0  11236-3 0  9998","2 39208 098.0478 024.6983 0008454 184.0307 176.0812 14.67976180 24769"
"2.0","GENERATED VIA SPACE-TRACK.ORG API","2014-01-04T23:49:27","18 SPCS","PAYLOAD B","2013-037B","EARTH","TEME","UTC","SGP4","2014-01-04T17:51:49.123583","14.67341927","0.00047010","98.0470","24.5073","167.7350","192.3953","0","U","39209","999","2474","0.00010275000000","0.00000532","0.0000000000000","7047.707","98.136","672.886","666.259","PAYLOAD","LARGE","PRC","2013-07-19","TSC","","1609598","94805625","0 PAYLOAD B","1 39209U 13037B   14004.74431856  .00000532  00000-0  10275-3 0  9992","2 39209 098.0470 024.5073 0004701 167.7350 192.3953 14.67341927 24748"
"2.0","GENERATED VIA SPACE-TRACK.ORG API","2014-01-04T23:50:40","18 SPCS","PAYLOAD C","2013-037C","EARTH","TEME","UTC","SGP4","2014-01-04T20:28:29.450495","14.95231713","0.00329560","97.6868","24.5695","194.1129","165.9176","0","U","39210","999","2516","0.00009750200000","0.00001025","0.0000000000000","6959.795","96.306","604.596","558.723","PAYLOAD","LARGE","PRC","2013-07-19","TSC","","1609600","94805673","0 PAYLOAD C","1 39210U 13037C   14004.85311864  .00001025  00000-0  97502-4 0  9999","2 39210 097.6868 024.5695 0032956 194.1129 165.9176 14.95231713 25169"
"2.0","GENERATED VIA SPACE-TRACK.ORG API","2014-01-05T06:38:28","18 SPCS","PAYLOAD A","2013-037A","EARTH","TEME","UTC","SGP4","2014-01-05T01:29:27.325247","14.67976174","0.00085180","98.0479","25.0332","182.9220","177.1933","0","U","39208","999","2481","0.00009907600000","0.00000519","0.0000000000000","7045.677","98.094","673.544","661.541","PAYLOAD","LARGE","PRC","2013-07-19","TSC","","1609689","94806598","0 PAYLOAD A","1 39208U 13037A   14005.06212182  .00000519  00000-0  99076-4 0  9998","2 39208 098.0479 025.0332 0008518 182.9220 177.1933 14.67976174 24810"
"2.0","GENERATED VIA SPACE-TRACK.ORG API","2014-01-05T05:32:53","18 SPCS","PAYLOAD B","2013-037B","EARTH","TEME","UTC","SGP4","2014-01-05T02:02:47.796288","14.67342747","0.00047180","98.0466","24.8421","167.4016","192.7326","0","U","39209","999","2479","0.00011150000000","0.00000582","0.0000000000000","7047.705","98.136","672.895","666.245","PAYLOAD","LARGE","PRC","2013-07-19","TSC","","1609658","94805947","0 PAYLOAD B","1 39209U 13037B   14005.08527542  .00000582  00000-0  11150-3 0  9996","2 39209 098.0466 024.8421 0004718 167.4016 192.7326 14.67342747 24791"
"2.0","GENERATED VIA SPACE-TRACK.ORG API","2014-01-05T07:59:19","18 SPCS","PAYLOAD C","2013-037C","EARTH","TEME","UTC","SGP4","2014-01-05T04:30:19.323359","14.95233053","0.00329680","97.6867","24.8976","192.9213","167.1183","0","U","39210","999","2521","0.00010577000000","0.00001117","0.0000000000000","6959.790","96.306","604.600","558.710","PAYLOAD","LARGE","PRC","2013-07-19","TSC","","1609791","94808992","0 PAYLOAD C","1 39210U 13037C   14005.18772365  .00001117  00000-0  10577-3 0  9991","2 39210 097.6867 024.8976 0032968 192.9213 167.1183 14.95233053 25213"
"2.0","GENERATED VIA SPACE-TRACK.ORG API","2014-01-05T14:28:17","18 SPCS","PAYLOAD A","2013-037A","EARTH","TEME","UTC","SGP4","2014-01-05T09:40:13.308384","14.67976347","0.00085550","98.0479","25.3681","181.8501","178.2673","0","U","39208","999","2486","0.00009313000000","0.00000485","0.0000000000000","7045.677","98.094","673.569","661.514","PAYLOAD","LARGE","PRC","2013-07-19","TSC","","1609829","94809705","0 PAYLOAD A","1 39208U 13037A   14005.40293181  .00000485  00000-0  93130-4 0  9991","2 39208 098.0479 025.3681 0008555 181.8501 178.2673 14.67976347 24861"
"2.0","GENERATED VIA SPACE-TRACK.ORG API","2014-01-05T15:33:31","18 SPCS","PAYLOAD B","2013-037B","EARTH","TEME","UTC","SGP4","2014-01-05T10:13:46.393823","14.67343891","0.00046670","98.0469","25.1772","165.6689","194.4654","0","U","39209","999","2484","0.00013450000000","0.00000712","0.0000000000000","7047.701","98.136","672.855","666.277","PAYLOAD","LARGE","PRC","2013-07-19","TSC","","1609909","94811649","0 PAYLOAD B","1 39209U 13037B   14005.42623141  .00000712  00000-0  13450-3 0  9996","2 39209 098.0469 025.1772 0004667 165.6689 194.4654 14.67343891 24846"
"2.0","GENERATED VIA SPACE-TRACK.ORG API","2014-01-05T15:33:49","18 SPCS","PAYLOAD C","2013-037C","EARTH","TEME","UTC","SGP4","2014-01-05T12:32:09.146976","14.95234802","0.00329420","97.6868","25.2259","191.6741","168.3743","0","U","39210","999","2526","0.00012017000000","0.00001277","0.0000000000000","6959.785","96.305","604.577","558.723","PAYLOAD","LARGE","PRC","2013-07-19","TSC","","1609910","94811679","0 PAYLOAD C","1 39210U 13037C   14005.52232809  .00001277  00000-0  12017-3 0  9991","2 39210 097.6868 025.2259 0032942 191.6741 168.3743 14.95234802 25260"
"2.0","GENERATED VIA SPACE-TRACK.ORG API","2014-01-05T22:30:55","18 SPCS","PAYLOAD A","2013-037A","EARTH","TEME","UTC","SGP4","2014-01-05T16:12:50.050655","14.67976863","0.00085740","98.0480","25.6365","181.1027","179.0161","0","U","39208","999","2490","0.00009843000000","0.00000516","0.0000000000000","7045.675","98.094","673.581","661.499","PAYLOAD","LARGE","PRC","2013-07-19","TSC","","1609995","94812595","0 PAYLOAD A","1 39208U 13037A   14005.67557929  .00000516  00000-0  98430-4 0  9996","2 39208 098.0480 025.6365 0008574 181.1027 179.0161 14.67976863 24901"
"2.0","GENERATED VIA SPACE-TRACK.ORG API","2014-01-05T23:42:16","18 SPCS","PAYLOAD B","2013-037B","EARTH","TEME","UTC","SGP4","2014-01-05T18:24:45.023327","14.67343500","0.00047390","98.0468","25.5121","164.9008","195.2302","0","U","39209","999","2489","0.00011234000000","0.00000587","0.0000000000000","7047.702","98.136","672.907","666.228","PAYLOAD","LARGE","PRC","2013-07-19","TSC","","1610071","94814326","0 PAYLOAD B","1 39209U 13037B   14005.76718777  .00000587  00000-0  11234-3 0  9991","2 39209 098.0468 025.5121 0004739 164.9008 195.2302 14.67343500 24895"
"2.0","GENERATED VIA SPACE-TRACK.ORG API","2014-01-05T23:44:19","18 SPCS","PAYLOAD C","2013-037C","EARTH","TEME","UTC","SGP4","2014-01-05T20:33:59.004288","14.95234839","0.00329930","97.6870","25.5540","190.4919","169.5595","0","U","39210","999","2531","0.00011198000000","0.00001186","0.0000000000000","6959.785","96.305","604.612","558.687","PAYLOAD","LARGE","PRC","2013-07-19","TSC","","1610074","94814392","0 PAYLOAD C","1 39210U 13037C   14005.85693292  .00001186  00000-0  11198-3 0  9992","2 39210 097.6870 025.5540 0032993 190.4919 169.5595 14.95234839 25313"
"2.0","GENERATED VIA SPACE-TRACK.ORG API","2014-01-06T06:33:40","18 SPCS","PAYLOAD A","2013-037A","EARTH","TEME","UTC","SGP4","2014-01-06T02:01:45.176159","14.67977325","0.00085420","98.0480","26.0386","179.7312","180.3894","0","U","39208","999","2496","0.00009411100000","0.00000491","0.0000000000000","7045.674","98.094","673.557","661.520","PAYLOAD","LARGE","PRC","2013-07-19","TSC","","1610150","94815123","0 PAYLOAD A","1 39208U 13037A   14006.08455065  .00000491  00000-0  94111-4 0  9994","2 39208 098.0480 026.0386 0008542 179.7312 180.3894 14.67977325 24962"
"2.0","GENERATED VIA SPACE-TRACK.ORG API","2014-01-06T07:37:19","18 SPCS","PAYLOAD B","2013-037B","EARTH","TEME","UTC","SGP4","2014-01-06T02:35:43.734047","14.67343788","0.00047620","98.0468","25.8469","163.7863","196.3503","0","U","39209","999","2494","0.00010485000000","0.00000544","0.0000000000000","7047.702","98.136","672.923","666.210","PAYLOAD","LARGE","PRC","2013-07-19","TSC","","1610228","94817087","0 PAYLOAD B","1 39209U 13037B   14006.10814507  .00000544  00000-0  10485-3 0  9998","2 39209 098.0468 025.8469 0004762 163.7863 196.3503 14.67343788 24944"
"2.0","GENERATED VIA SPACE-TRACK.ORG API","2014-01-06T07:38:24","18 SPCS","PAYLOAD C","2013-037C","EARTH","TEME","UTC","SGP4","2014-01-06T04:35:48.859008","14.95235959","0.00330300","97.6871","25.8820","189.3300","170.7322","0","U","39210","999","2536","0.00011478000000","0.00001217","0.0000000000000","6959.781","96.305","604.635","558.658","PAYLOAD","LARGE","PRC","2013-07-19","TSC","","1610230","94817119","0 PAYLOAD C","1 39210U 13037C   14006.19153772  .00001217  00000-0  11478-3 0  9990","2 39210 097.6871 025.8820 0033030 189.3300 170.7322 14.95235959 25363"
"2.0","GENERATED VIA SPACE-TRACK.ORG API","2014-01-06T16:02:58","18 SPCS","PAYLOAD B","2013-037B","EARTH","TEME","UTC","SGP4","2014-01-06T09:08:30.609312","14.67344390","0.00047930","98.0467","26.1147","163.0921","197.0448","0","U","39209","999","2498","0.00011421000000","0.00000597","0.0000000000000","7047.700","98.136","672.943","666.187","PAYLOAD","LARGE","PRC","2013-07-19","TSC","","1610422","94820549","0 PAYLOAD B","1 39209U 13037B   14006.38090983  .00000597  00000-0  11421-3 0  9991","2 39209 098.0467 026.1147 0004793 163.0921 197.0448 14.67344390 24982"
"2.0","GENERATED VIA SPACE-TRACK.ORG API","2014-01-06T14:38:31","18 SPCS","PAYLOAD A","2013-037A","EARTH","TEME","UTC","SGP4","2014-01-06T10:12:31.128191","14.67977617","0.00085330","98.0480","26.3736","178.6308","181.4921","0","U","39208","999","2501","0.00009036800000","0.00000470","0.0000000000000","7045.673","98.094","673.550","661.526","PAYLOAD","LARGE","PRC","2013-07-19","TSC","","1610320","94818118","0 PAYLOAD A","1 39208U 13037A   14006.42536028  .00000470  00000-0  90368-4 0  9998","2 39208 098.0480 026.3736 0008533 178.6308 181.4921 14.67977617 25011"
"2.0","GENERATED VIA SPACE-TRACK.ORG API","2014-01-06T16:00:04","18 SPCS","PAYLOAD C","2013-037C","EARTH","TEME","UTC","SGP4","2014-01-06T12:37:38.648927","14.95237402","0.00330460","97.6873","26.2104","188.1090","171.9624","0","U","39210","999","2541","0.00012245000000","0.00001303","0.0000000000000","6959.777","96.305","604.641","558.643","PAYLOAD","LARGE","PRC","2013-07-19","TSC","","1610417","94820433","0 PAYLOAD C","1 39210U 13037C   14006.52614177  .00001303  00000-0  12245-3 0  9997","2 39210 097.6873 026.2104 0033046 188.1090 171.9624 14.95237402 25414"
"2.0","GENERATED VIA SPACE-TRACK.ORG API","2014-01-06T22:29:18","18 SPCS","PAYLOAD A","2013-037A","EARTH","TEME","UTC","SGP4","2014-01-06T16:45:07.886880","14.67977806","0.00085350","98.0480","26.6416","177.7814","182.3431","0","U","39208","999","2505","0.00008775500000","0.00000455","0.0000000000000","7045.672","98.094","673.551","661.524","PAYLOAD","LARGE","PRC","2013-07-19","TSC","","1610515","94821432","0 PAYLOAD A","1 39208U 13037A   14006.69800795  .00000455  00000-0  87755-4 0  9991","2 39208 098.0480 026.6416 0008535 177.7814 182.3431 14.67977806 25053"
"2.0","GENERATED VIA SPACE-TRACK.ORG API","2014-01-06T23:44:38","18 SPCS","PAYLOAD B","2013-037B","EARTH","TEME","UTC","SGP4","2014-01-06T17:19:29.249184","14.67343676","0.00047620","98.0468","26.4498","161.9725","198.1611","0","U","39209","999","2503","0.00008078800000","0.00000408","0.0000000000000","7047.702","98.136","672.923","666.211","PAYLOAD","LARGE","PRC","2013-07-19","TSC","","1610617","94823557","0 PAYLOAD B","1 39209U 13037B   14006.72186631  .00000408  00000-0  80788-4 0  9999","2 39209 098.0468 026.4498 0004762 161.9725 198.1611 14.67343676 25037"
"2.0","GENERATED VIA SPACE-TRACK.ORG API","2014-01-06T23:45:43","18 SPCS","PAYLOAD C","2013-037C","EARTH","TEME","UTC","SGP4","2014-01-06T20:39:28.463040","14.95237876","0.00332510","97.6874","26.5386","186.8108","173.2688","0","U","39210","999","2546","0.00011803000000","0.00001254","0.0000000000000","6959.775","96.305","604.782","558.499","PAYLOAD","LARGE","PRC","2013-07-19","TSC","","1610619","94823601","0 PAYLOAD C","1 39210U 13037C   14006.86074610  .00001254  00000-0  11803-3 0  9990","2 39210 097.6874 026.5386 0033251 186.8108 173.2688 14.95237876 25468"
"2.0","GENERATED VIA SPACE-TRACK.ORG API","2014-01-07T07:39:49","18 SPCS","PAYLOAD B","2013-037B","EARTH","TEME","UTC","SGP4","2014-01-07T01:30:27.923615","14.67344242","0.00048280","98.0468","26.7846","160.8342","199.3050","0","U","39209","999","2508","0.00008607900000","0.00000438","0.0000000000000","7047.700","98.136","672.968","666.162","PAYLOAD","LARGE","PRC","2013-07-19","TSC","","1610866","94826432","0 PAYLOAD B","1 39209U 13037B   14007.06282319  .00000438  00000-0  86079-4 0  9999","2 39209 098.0468 026.7846 0004828 160.8342 199.3050 14.67344242 25088"
"2.0","GENERATED VIA SPACE-TRACK.ORG API","2014-01-07T06:27:06","18 SPCS","PAYLOAD A","2013-037A","EARTH","TEME","UTC","SGP4","2014-01-07T02:34:03.078047","14.67978058","0.00085000","98.0487","27.0444","176.5422","183.5866","0","U","39208","999","2511","0.00008964100000","0.00000465","0.0000000000000","7045.671","98.094","673.525","661.547","PAYLOAD","LARGE","PRC","2013-07-19","TSC","","1610778","94824409","0 PAYLOAD A","1 39208U 13037A   14007.10698007  .00000465  00000-0  89641-4 0  9996","2 39208 098.0487 027.0444 0008500 176.5422 183.5866 14.67978058 25112"
"2.0","GENERATED VIA SPACE-TRACK.ORG API","2014-01-07T07:40:54","18 SPCS","PAYLOAD C","2013-037C","EARTH","TEME","UTC","SGP4","2014-01-07T04:41:18.194208","14.95238784","0.00332220","97.6875","26.8667","185.6752","174.4092","0","U","39210","999","2551","0.00011727000000","0.00001245","0.0000000000000","6959.773","96.305","604.759","558.516","PAYLOAD","LARGE","PRC","2013-07-19","TSC","","1610868","94826470","0 PAYLOAD C","1 39210U 13037C   14007.19534947  .00001245  00000-0  11727-3 0  9996","2 39210 097.6875 026.8667 0033222 185.6752 174.4092 14.95238784 25511"
"2.0","GENERATED VIA SPACE-TRACK.ORG API","2014-01-07T14:30:34","18 SPCS","PAYLOAD A","2013-037A","EARTH","TEME","UTC","SGP4","2014-01-07T09:06:39.784032","14.67978101","0.00085320","98.0488","27.3125","175.9475","184.1796","0","U","39208","999","2515","0.00008400400000","0.00000433","0.0000000000000","7045.671","98.094","673.548","661.525","PAYLOAD","LARGE","PRC","2013-07-19","TSC","","1610904","94827192","0 PAYLOAD A","1 39208U 13037A   14007.37962713  .00000433  00000-0  84004-4 0  9996","2 39208 098.0488 027.3125 0008532 175.9475 184.1796 14.67978101 25150"
"2.0","GENERATED VIA SPACE-TRACK.ORG API","2014-01-07T15:45:51","18 SPCS","PAYLOAD B","2013-037B","EARTH","TEME","UTC","SGP4","2014-01-07T09:41:26.521151","14.67345166","0.00048360","98.0471","27.1197","159.6183","200.5226","0","U","39209","999","2513","0.00010584000000","0.00000550","0.0000000000000","7047.697","98.136","672.970","666.154","PAYLOAD","LARGE","PRC","2013-07-19","TSC","","1610994","94829292","0 PAYLOAD B","1 39209U 13037B   14007.40377918  .00000550  00000-0  10584-3 0  9999","2 39209 098.0471 027.1197 0004836 159.6183 200.5226 14.67345166 25136"
"2.0","GENERATED VIA SPACE-TRACK.ORG API","2014-01-07T15:46:41","18 SPCS","PAYLOAD C","2013-037C","EARTH","TEME","UTC","SGP4","2014-01-07T12:43:07.967711","14.95239657","0.00331880","97.6877","27.1948","184.4981","175.5945","0","U","39210","999","2556","0.00011615000000","0.00001233","0.0000000000000","6959.770","96.305","604.733","558.537","PAYLOAD","LARGE","PRC","2013-07-19","TSC","","1610995","94829328","0 PAYLOAD C","1 39210U 13037C   14007.52995333  .00001233  00000-0  11615-3 0  9996","2 39210 097.6877 027.1948 0033188 184.4981 175.5945 14.95239657 25565"
"2.0","GENERATED VIA SPACE-TRACK.ORG API","2014-01-07T22:29:25","18 SPCS","PAYLOAD A","2013-037A","EARTH","TEME","UTC","SGP4","2014-01-07T17:17:25.765439","14.67976777","0.00086870","98.0485","27.6474","174.6308","185.4925","0","U","39208","999","2520","0.00004465200000","0.00000208","0.0000000000000","7045.675","98.094","673.661","661.420","PAYLOAD","LARGE","PRC","2013-07-19","TSC","","1611104","94830347","0 PAYLOAD A","1 39208U 13037A   14007.72043710  .00000208  00000-0  44652-4 0  9997","2 39208 098.0485 027.6474 0008687 174.6308 185.4925 14.67976777 25200"
"2.0","GENERATED VIA SPACE-TRACK.ORG API","2014-01-07T23:51:50","18 SPCS","PAYLOAD B","2013-037B","EARTH","TEME","UTC","SGP4","2014-01-07T17:52:25.152383","14.67344581","0.00048780","98.0473","27.4547","158.5709","201.5689","0","U","39209","999","2518","0.00007536300000","0.00000378","0.0000000000000","7047.699","98.136","673.002","666.126","PAYLOAD","LARGE","PRC","2013-07-19","TSC","","1611208","94832630","0 PAYLOAD B","1 39209U 13037B   14007.74473556  .00000378  00000-0  75363-4 0  9996","2 39209 098.0473 027.4547 0004878 158.5709 201.5689 14.67344581 25187"
"2.0","GENERATED VIA SPACE-TRACK.ORG API","2014-01-07T23:52:57","18 SPCS","PAYLOAD C","2013-037C","EARTH","TEME","UTC","SGP4","2014-01-07T20:44:57.755040","14.95241103","0.00332790","97.6880","27.5231","183.1396","176.9647","0","U","39210","999","2561","0.00013185000000","0.00001407","0.0000000000000","6959.765","96.305","604.792","558.469","PAYLOAD","LARGE","PRC","2013-07-19","TSC","","1611210","94832677","0 PAYLOAD C","1 39210U 13037C   14007.86455735  .00001407  00000-0  13185-3 0  9997","2 39210 097.6880 027.5231 0033279 183.1396 176.9647 14.95241103 25614"
"2.0","GENERATED VIA SPACE-TRACK.ORG API","2014-01-08T06:27:30","18 SPCS","PAYLOAD A","2013-037A","EARTH","TEME","UTC","SGP4","2014-01-08T01:28:11.846207","14.67976470","0.00087070","98.0486","27.9826","173.5433","186.5887","0","U","39208","999","2525","0.00002435700000","0.00000091","0.0000000000000","7045.676","98.094","673.676","661.407","PAYLOAD","LARGE","PRC","2013-07-19","TSC","","1611310","94833456","0 PAYLOAD A","1 39208U 13037A   14008.06124822  .00000091  00000-0  24357-4 0  9999","2 39208 098.0486 027.9826 0008707 173.5433 186.5887 14.67976470 25259"
"2.0","GENERATED VIA SPACE-TRACK.ORG API","2014-01-08T07:25:33","18 SPCS","PAYLOAD B","2013-037B","EARTH","TEME","UTC","SGP4","2014-01-08T02:03:23.714495","14.67345592","0.00050080","98.0477","27.7897","157.7928","202.3497","0","U","39209","999","2523","0.00009358700000","0.00000481","0.0000000000000","7047.696","98.136","673.090","666.031","PAYLOAD","LARGE","PRC","2013-07-19","TSC","","1611380","94835175","0 PAYLOAD B","1 39209U 13037B   14008.08569114  .00000481  00000-0  93587-4 0  9993","2 39209 098.0477 027.7897 0005008 157.7928 202.3497 14.67345592 25237"
"2.0","GENERATED VIA SPACE-TRACK.ORG API","2014-01-08T07:26:44","18 SPCS","PAYLOAD C","2013-037C","EARTH","TEME","UTC","SGP4","2014-01-08T03:10:25.452191","14.95242389","0.00332910","97.6882","27.7853","182.2524","177.8554","0","U","39210","999","2565","0.00013846000000","0.00001481","0.0000000000000","6959.761","96.305","604.796","558.457","PAYLOAD","LARGE","PRC","2013-07-19","TSC","","1611381","94835185","0 PAYLOAD C","1 39210U 13037C   14008.13223903  .00001481  00000-0  13846-3 0  9994","2 39210 097.6882 027.7853 0033291 182.2524 177.8554 14.95242389 25653"
"2.0","GENERATED VIA SPACE-TRACK.ORG API","2014-01-08T14:31:23","18 SPCS","PAYLOAD A","2013-037A","EARTH","TEME","UTC","SGP4","2014-01-08T09:38:57.791328","14.67976886","0.00087050","98.0486","28.3176","172.4778","187.6563","0","U","39208","999","2530","0.00003486000000","0.00000151","0.0000000000000","7045.675","98.094","673.673","661.407","PAYLOAD","LARGE","PRC","2013-07-19","TSC","","1611414","94835879","0 PAYLOAD A","1 39208U 13037A   14008.40205777  .00000151  00000-0  34860-4 0  9993","2 39208 098.0486 028.3176 0008705 172.4778 187.6563 14.67976886 25300"
"2.0","GENERATED VIA SPACE-TRACK.ORG API","2014-01-08T15:48:23","18 SPCS","PAYLOAD B","2013-037B","EARTH","TEME","UTC","SGP4","2014-01-08T10:14:22.312896","14.67345902","0.00050380","98.0479","28.1249","156.4958","203.6487","0","U","39209","999","2528","0.00008779000000","0.00000448","0.0000000000000","7047.695","98.136","673.110","666.009","PAYLOAD","LARGE","PRC","2013-07-19","TSC","","1611518","94838210","0 PAYLOAD B","1 39209U 13037B   14008.42664714  .00000448  00000-0  87790-4 0  9995","2 39209 098.0479 028.1249 0005038 156.4958 203.6487 14.67345902 25280"
"2.0","GENERATED VIA SPACE-TRACK.ORG API","2014-01-08T15:49:28","18 SPCS","PAYLOAD C","2013-037C","EARTH","TEME","UTC","SGP4","2014-01-08T11:12:15.134976","14.95243770","0.00332940","97.6882","28.1134","181.1056","179.0113","0","U","39210","999","2570","0.00014157000000","0.00001516","0.0000000000000","6959.757","96.305","604.794","558.450","PAYLOAD","LARGE","PRC","2013-07-19","TSC","","1611520","94838254","0 PAYLOAD C","1 39210U 13037C   14008.46684184  .00001516  00000-0  14157-3 0  9997","2 39210 097.6882 028.1134 0033294 181.1056 179.0113 14.95243770 25707"
"2.0","GENERATED VIA SPACE-TRACK.ORG API","2014-01-08T22:32:23","18 SPCS","PAYLOAD A","2013-037A","EARTH","TEME","UTC","SGP4","2014-01-08T17:49:43.742496","14.67977147","0.00086910","98.0487","28.6528","171.0897","189.0460","0","U","39208","999","2535","0.00004222100000","0.00000194","0.0000000000000","7045.674","98.094","673.663","661.416","PAYLOAD","LARGE","PRC","2013-07-19","TSC","","1611605","94839332","0 PAYLOAD A","1 39208U 13037A   14008.74286739  .00000194  00000-0  42221-4 0  9994","2 39208 098.0487 028.6528 0008691 171.0897 189.0460 14.67977147 25354"
"2.0","GENERATED VIA SPACE-TRACK.ORG API","2014-01-08T23:52:36","18 SPCS","PAYLOAD B","2013-037B","EARTH","TEME","UTC","SGP4","2014-01-08T18:25:20.877600","14.67346234","0.00050070","98.0481","28.4597","155.2074","204.9357","0","U","39209","999","2533","0.00009101700000","0.00000466","0.0000000000000","7047.694","98.136","673.087","666.030","PAYLOAD","LARGE","PRC","2013-07-19","TSC","","1611713","94841563","0 PAYLOAD B","1 39209U 13037B   14008.76760275  .00000466  00000-0  91017-4 0  9998","2 39209 098.0481 028.4597 0005007 155.2074 204.9357 14.67346234 25339"
"2.0","GENERATED VIA SPACE-TRACK.ORG API","2014-01-08T23:54:49","18 SPCS","PAYLOAD C","2013-037C","EARTH","TEME","UTC","SGP4","2014-01-08T19:14:04.772832","14.95245483","0.00332480","97.6885","28.4418","179.9172","180.2063","0","U","39210","999","2575","0.00015865000000","0.00001706","0.0000000000000","6959.752","96.305","604.757","558.477","PAYLOAD","LARGE","PRC","2013-07-19","TSC","","1611716","94841615","0 PAYLOAD C","1 39210U 13037C   14008.80144413  .00001706  00000-0  15865-3 0  9999","2 39210 097.6885 028.4418 0033248 179.9172 180.2063 14.95245483 25757"
"2.0","GENERATED VIA SPACE-TRACK.ORG API","2014-01-09T06:24:44","18 SPCS","PAYLOAD A","2013-037A","EARTH","TEME","UTC","SGP4","2014-01-09T02:00:29.611584","14.67978968","0.00087810","98.0488","28.9883","169.5471","190.5952","0","U","39208","999","2540","0.00008627300000","0.00000446","0.0000000000000","7045.668","98.094","673.720","661.347","PAYLOAD","LARGE","PRC","2013-07-19","TSC","","1611837","94842307","0 PAYLOAD A","1 39208U 13037A   14009.08367606  .00000446  00000-0  86273-4 0  9990","2 39208 098.0488 028.9883 0008781 169.5471 190.5952 14.67978968 25403"
"2.0","GENERATED VIA SPACE-TRACK.ORG API","2014-01-09T07:19:15","18 SPCS","PAYLOAD B","2013-037B","EARTH","TEME","UTC","SGP4","2014-01-09T02:36:19.473407","14.67347532","0.00050510","98.0480","28.7947","154.3568","205.7924","0","U","39209","999","2538","0.00012205000000","0.00000641","0.0000000000000","7047.690","98.136","673.114","665.995","PAYLOAD","LARGE","PRC","2013-07-19","TSC","","1611902","94843863","0 PAYLOAD B","1 39209U 13037B   14009.10855872  .00000641  00000-0  12205-3 0  9991","2 39209 098.0480 028.7947 0005051 154.3568 205.7924 14.67347532 25383"
"2.0","GENERATED VIA SPACE-TRACK.ORG API","2014-01-09T07:20:02","18 SPCS","PAYLOAD C","2013-037C","EARTH","TEME","UTC","SGP4","2014-01-09T03:15:54.317376","14.95247630","0.00333450","97.6886","28.7702","178.8334","181.2977","0","U","39210","999","2580","0.00017290000000","0.00001864","0.0000000000000","6959.745","96.305","604.817","558.403","PAYLOAD","LARGE","PRC","2013-07-19","TSC","","1611903","94843895","0 PAYLOAD C","1 39210U 13037C   14009.13604534  .00001864  00000-0  17290-3 0  9990","2 39210 097.6886 028.7702 0033345 178.8334 181.2977 14.95247630 25800"
"2.0","GENERATED VIA SPACE-TRACK.ORG API","2014-01-09T13:24:24","18 SPCS","PAYLOAD C","2013-037C","EARTH","TEME","UTC","SGP4","2014-01-09T08:05:00.062591","14.95248720","0.00333150","97.6888","28.9673","178.1568","181.9781","0","U","39210","999","2583","0.00018283000000","0.00001975","0.0000000000000","6959.742","96.305","604.793","558.420","PAYLOAD","LARGE","PRC","2013-07-19","TSC","","1612012","94846127","0 PAYLOAD C","1 39210U 13037C   14009.33680628  .00001975  00000-0  18283-3 0  9996","2 39210 097.6888 028.9673 0033315 178.1568 181.9781 14.95248720 25834"
"2.0","GENERATED VIA SPACE-TRACK.ORG API","2014-01-09T13:26:38","18 SPCS","PAYLOAD B","2013-037B","EARTH","TEME","UTC","SGP4","2014-01-09T09:09:06.263999","14.67347698","0.00050170","98.0482","29.0627","153.1713","206.9741","0","U","39209","999","2542","0.00011542000000","0.00000604","0.0000000000000","7047.689","98.136","673.090","666.018","PAYLOAD","LARGE","PRC","2013-07-19","TSC","","1612016","94846229","0 PAYLOAD B","1 39209U 13037B   14009.38132250  .00000604  00000-0  11542-3 0  9991","2 39209 098.0482 029.0627 0005017 153.1713 206.9741 14.67347698 25423"
"2.0","GENERATED VIA SPACE-TRACK.ORG API","2014-01-09T12:15:43","18 SPCS","PAYLOAD A","2013-037A","EARTH","TEME","UTC","SGP4","2014-01-09T10:11:15.435743","14.67979939","0.00087910","98.0489","29.3233","168.5965","191.5449","0","U","39208","999","2545","0.00010991000000","0.00000582","0.0000000000000","7045.665","98.093","673.724","661.336","PAYLOAD","LARGE","PRC","2013-07-19","TSC","","1611939","94844583","0 PAYLOAD A","1 39208U 13037A   14009.42448421  .00000582  00000-0  10991-3 0  9997","2 39208 098.0489 029.3233 0008791 168.5965 191.5449 14.67979939 25452"
"2.0","GENERATED VIA SPACE-TRACK.ORG API","2014-01-09T23:59:56","18 SPCS","PAYLOAD B","2013-037B","EARTH","TEME","UTC","SGP4","2014-01-09T17:20:04.903007","14.67346844","0.00051460","98.0482","29.3973","152.3779","207.7681","0","U","39209","999","2547","0.00008118100000","0.00000411","0.0000000000000","7047.692","98.136","673.183","665.930","PAYLOAD","LARGE","PRC","2013-07-19","TSC","","1612294","94850783","0 PAYLOAD B","1 39209U 13037B   14009.72227897  .00000411  00000-0  81181-4 0  9994","2 39209 098.0482 029.3973 0005146 152.3779 207.7681 14.67346844 25475"
"2.0","GENERATED VIA SPACE-TRACK.ORG API","2014-01-09T22:34:45","18 SPCS","PAYLOAD A","2013-037A","EARTH","TEME","UTC","SGP4","2014-01-09T18:22:01.368767","14.67979596","0.00089160","98.0489","29.6586","167.4887","192.6531","0","U","39208","999","2550","0.00010303000000","0.00000542","0.0000000000000","7045.666","98.094","673.813","661.249","PAYLOAD","LARGE","PRC","2013-07-19","TSC","","1612196","94848410","0 PAYLOAD A","1 39208U 13037A   14009.76529362  .00000542  00000-0  10303-3 0  9991","2 39208 098.0489 029.6586 0008916 167.4887 192.6531 14.67979596 25505"
"2.0","GENERATED VIA SPACE-TRACK.ORG API","2014-01-10T00:01:06","18 SPCS","PAYLOAD C","2013-037C","EARTH","TEME","UTC","SGP4","2014-01-09T19:19:33.538656","14.95248996","0.00334310","97.6889","29.4268","176.5554","183.5906","0","U","39210","999","2590","0.00015226000000","0.00001635","0.0000000000000","6959.741","96.305","604.873","558.339","PAYLOAD","LARGE","PRC","2013-07-19","TSC","","1612295","94850811","0 PAYLOAD C","1 39210U 13037C   14009.80524929  .00001635  00000-0  15226-3 0  9996","2 39210 097.6889 029.4268 0033431 176.5554 183.5906 14.95248996 25907"
"2.0","GENERATED VIA SPACE-TRACK.ORG API","2014-01-10T08:05:20","18 SPCS","PAYLOAD B","2013-037B","EARTH","TEME","UTC","SGP4","2014-01-10T01:31:03.465120","14.67348045","0.00052160","98.0481","29.7324","151.2718","208.8788","0","U","39209","999","2552","0.00011171000000","0.00000583","0.0000000000000","7047.688","98.136","673.229","665.877","PAYLOAD","LARGE","PRC","2013-07-19","TSC","","1612539","94854502","0 PAYLOAD B","1 39209U 13037B   14010.06323455  .00000583  00000-0  11171-3 0  9991","2 39209 098.0481 029.7324 0005216 151.2718 208.8788 14.67348045 25528"
"2.0","GENERATED VIA SPACE-TRACK.ORG API","2014-01-10T08:08:02","18 SPCS","PAYLOAD C","2013-037C","EARTH","TEME","UTC","SGP4","2014-01-10T03:21:23.017536","14.95251714","0.00334410","97.6889","29.7550","175.4694","184.6837","0","U","39210","999","2595","0.00018595000000","0.00002010","0.0000000000000","6959.733","96.304","604.872","558.323","PAYLOAD","LARGE","PRC","2013-07-19","TSC","","1612541","94854547","0 PAYLOAD C","1 39210U 13037C   14010.13984974  .00002010  00000-0  18595-3 0  9994","2 39210 097.6889 029.7550 0033441 175.4694 184.6837 14.95251714 25950"
"2.0","GENERATED VIA SPACE-TRACK.ORG API","2014-01-10T06:42:17","18 SPCS","PAYLOAD A","2013-037A","EARTH","TEME","UTC","SGP4","2014-01-10T04:10:56.461440","14.67980184","0.00089110","98.0490","30.0607","166.1456","193.9998","0","U","39208","999","2556","0.00010825000000","0.00000572","0.0000000000000","7045.665","98.093","673.808","661.251","PAYLOAD","LARGE","PRC","2013-07-19","TSC","","1612434","94851890","0 PAYLOAD A","1 39208U 13037A   14010.17426460  .00000572  00000-0  10825-3 0  9995","2 39208 098.0490 030.0607 0008911 166.1456 193.9998 14.67980184 25562"
"2.0","GENERATED VIA SPACE-TRACK.ORG API","2014-01-10T15:40:06","18 SPCS","PAYLOAD B","2013-037B","EARTH","TEME","UTC","SGP4","2014-01-10T09:42:01.983168","14.67348464","0.00052130","98.0483","30.0674","150.0854","210.0649","0","U","39209","999","2557","0.00010884000000","0.00000567","0.0000000000000","7047.687","98.136","673.226","665.878","PAYLOAD","LARGE","PRC","2013-07-19","TSC","","1612684","94857427","0 PAYLOAD B","1 39209U 13037B   14010.40418962  .00000567  00000-0  10884-3 0  9999","2 39209 098.0483 030.0674 0005213 150.0854 210.0649 14.67348464 25579"
"2.0","GENERATED VIA SPACE-TRACK.ORG API","2014-01-10T15:40:59","18 SPCS","PAYLOAD C","2013-037C","EARTH","TEME","UTC","SGP4","2014-01-10T11:23:12.533568","14.95252922","0.00334120","97.6891","30.0833","174.3238","185.8370","0","U","39210","999","2600","0.00018046000000","0.00001949","0.0000000000000","6959.729","96.304","604.848","558.340","PAYLOAD","LARGE","PRC","2013-07-19","TSC","","1612686","94857474","0 PAYLOAD C","1 39210U 13037C   14010.47445062  .00001949  00000-0  18046-3 0  9992","2 39210 097.6891 030.0833 0033412 174.3238 185.8370 14.95252922 26006"
"2.0","GENERATED VIA SPACE-TRACK.ORG API","2014-01-10T14:32:19","18 SPCS","PAYLOAD A","2013-037A","EARTH","TEME","UTC","SGP4","2014-01-10T12:21:42.340895","14.67980155","0.00088920","98.0493","30.3957","164.8990","195.2466","0","U","39208","999","2561","0.00008768800000","0.00000454","0.0000000000000","7045.665","98.093","673.795","661.265","PAYLOAD","LARGE","PRC","2013-07-19","TSC","","1612593","94855409","0 PAYLOAD A","1 39208U 13037A   14010.51507339  .00000454  00000-0  87688-4 0  9999","2 39208 098.0493 030.3957 0008892 164.8990 195.2466 14.67980155 25611"
"2.0","GENERATED VIA SPACE-TRACK.ORG API","2014-01-11T00:02:28","18 SPCS","PAYLOAD B","2013-037B","EARTH","TEME","UTC","SGP4","2014-01-10T17:53:00.551328","14.67347872","0.00052070","98.0481","30.4019","149.4827","210.6665","0","U","39209","999","2562","0.00007584800000","0.00000381","0.0000000000000","7047.688","98.136","673.223","665.884","PAYLOAD","LARGE","PRC","2013-07-19","TSC","","1612898","94861015","0 PAYLOAD B","1 39209U 13037B   14010.74514527  .00000381  00000-0  75848-4 0  9996","2 39209 098.0481 030.4019 0005207 149.4827 210.6665 14.67347872 25621"
"2.0","GENERATED VIA SPACE-TRACK.ORG API","2014-01-10T22:29:52","18 SPCS","PAYLOAD C","2013-037C","EARTH","TEME","UTC","SGP4","2014-01-10T19:25:02.078976","14.95253383","0.00334490","97.6890","30.4114","173.2323","186.9364","0","U","39210","999","2605","0.00016522000000","0.00001779","0.0000000000000","6959.727","96.304","604.872","558.313","PAYLOAD","LARGE","PRC","2013-07-19","TSC","","1612784","94858409","0 PAYLOAD C","1 39210U 13037C   14010.80905184  .00001779  00000-0  16522-3 0  9993","2 39210 097.6890 030.4114 0033449 173.2323 186.9364 14.95253383 26056"
"2.0","GENERATED VIA SPACE-TRACK.ORG API","2014-01-10T22:41:46","18 SPCS","PAYLOAD A","2013-037A","EARTH","TEME","UTC","SGP4","2014-01-10T20:32:28.291200","14.67979675","0.00090130","98.0490","30.7308","164.0167","196.1320","0","U","39208","999","2566","0.00006494800000","0.00000324","0.0000000000000","7045.666","98.094","673.881","661.181","PAYLOAD","LARGE","PRC","2013-07-19","TSC","","1612793","94858622","0 PAYLOAD A","1 39208U 13037A   14010.85588300  .00000324  00000-0  64948-4 0  9993","2 39208 098.0490 030.7308 0009013 164.0167 196.1320 14.67979675 25665"
"2.0","GENERATED VIA SPACE-TRACK.ORG API","2014-01-11T07:24:12","18 SPCS","PAYLOAD B","2013-037B","EARTH","TEME","UTC","SGP4","2014-01-11T02:03:59.084063","14.67349281","0.00052200","98.0482","30.7369","148.6493","211.5050","0","U","39209","999","2567","0.00010931000000","0.00000570","0.0000000000000","7047.684","98.136","673.228","665.870","PAYLOAD","LARGE","PRC","2013-07-19","TSC","","1613085","94863593","0 PAYLOAD B","1 39209U 13037B   14011.08610051  .00000570  00000-0  10931-3 0  9994","2 39209 098.0482 030.7369 0005220 148.6493 211.5050 14.67349281 25677"
"2.0","GENERATED VIA SPACE-TRACK.ORG API","2014-01-11T06:25:49","18 SPCS","PAYLOAD C","2013-037C","EARTH","TEME","UTC","SGP4","2014-01-11T03:26:51.493056","14.95255183","0.00334710","97.6891","30.7395","172.1615","188.0140","0","U","39210","999","2610","0.00017247000000","0.00001860","0.0000000000000","6959.722","96.304","604.882","558.292","PAYLOAD","LARGE","PRC","2013-07-19","TSC","","1613011","94861781","0 PAYLOAD C","1 39210U 13037C   14011.14365154  .00001860  00000-0  17247-3 0  9994","2 39210 097.6891 030.7395 0033471 172.1615 188.0140 14.95255183 26109"
"2.0","GENERATED VIA SPACE-TRACK.ORG API","2014-01-11T06:28:57","18 SPCS","PAYLOAD A","2013-037A","EARTH","TEME","UTC","SGP4","2014-01-11T04:43:14.113631","14.67980950","0.00090680","98.0491","31.0659","163.1352","197.0159","0","U","39208","999","2571","0.00009663000000","0.00000505","0.0000000000000","7045.662","98.093","673.916","661.138","PAYLOAD","LARGE","PRC","2013-07-19","TSC","","1613016","94861897","0 PAYLOAD A","1 39208U 13037A   14011.19669113  .00000505  00000-0  96630-4 0  9997","2 39208 098.0491 031.0659 0009068 163.1352 197.0159 14.67980950 25719"
"2.0","GENERATED VIA SPACE-TRACK.ORG API","2014-01-11T15:52:36","18 SPCS","PAYLOAD B","2013-037B","EARTH","TEME","UTC","SGP4","2014-01-11T10:14:57.544224","14.67350007","0.00052100","98.0485","31.0719","147.4979","212.6551","0","U","39209","999","2572","0.00011792000000","0.00000618","0.0000000000000","7047.682","98.136","673.218","665.875","PAYLOAD","LARGE","PRC","2013-07-19","TSC","","1613229","94866901","0 PAYLOAD B","1 39209U 13037B   14011.42705491  .00000618  00000-0  11792-3 0  9994","2 39209 098.0485 031.0719 0005210 147.4979 212.6551 14.67350007 25720"
"2.0","GENERATED VIA SPACE-TRACK.ORG API","2014-01-11T14:32:45","18 SPCS","PAYLOAD A","2013-037A","EARTH","TEME","UTC","SGP4","2014-01-11T11:15:50.837759","14.67980712","0.00090230","98.0493","31.3342","161.9695","198.1834","0","U","39208","999","2575","0.00007114500000","0.00000359","0.0000000000000","7045.663","98.093","673.885","661.171","PAYLOAD","LARGE","PRC","2013-07-19","TSC","","1613124","94864402","0 PAYLOAD A","1 39208U 13037A   14011.46933840  .00000359  00000-0  71145-4 0  9999","2 39208 098.0493 031.3342 0009023 161.9695 198.1834 14.67980712 25752"
"2.0","GENERATED VIA SPACE-TRACK.ORG API","2014-01-11T15:54:16","18 SPCS","PAYLOAD C","2013-037C","EARTH","TEME","UTC","SGP4","2014-01-11T11:28:40.924415","14.95256669","0.00334400","97.6892","31.0678","171.0491","189.1335","0","U","39210","999","2615","0.00017718000000","0.00001913","0.0000000000000","6959.717","96.304","604.855","558.309","PAYLOAD","LARGE","PRC","2013-07-19","TSC","","1613231","94866948","0 PAYLOAD C","1 39210U 13037C   14011.47825144  .00001913  00000-0  17718-3 0  9992","2 39210 097.6892 031.0678 0033440 171.0491 189.1335 14.95256669 26157"
"2.0","GENERATED VIA SPACE-TRACK.ORG API","2014-01-11T23:29:12","18 SPCS","PAYLOAD B","2013-037B","EARTH","TEME","UTC","SGP4","2014-01-11T18:25:56.045856","14.67349606","0.00052450","98.0483","31.4068","146.7139","213.4362","0","U","39209","999","2577","0.00009366700000","0.00000481","0.0000000000000","7047.683","98.136","673.244","665.851","PAYLOAD","LARGE","PRC","2013-07-19","TSC","","1613378","94869706","0 PAYLOAD B","1 39209U 13037B   14011.76800979  .00000481  00000-0  93667-4 0  9998","2 39209 098.0483 031.4068 0005245 146.7139 213.4362 14.67349606 25774"
"2.0","GENERATED VIA SPACE-TRACK.ORG API","2014-01-11T22:29:05","18 SPCS","PAYLOAD A","2013-037A","EARTH","TEME","UTC","SGP4","2014-01-11T19:26:36.763872","14.67979669","0.00090360","98.0488","31.6691","160.9859","199.1680","0","U","39208","999","2580","0.00001968500000","0.00000065","0.0000000000000","7045.666","98.094","673.898","661.165","PAYLOAD","LARGE","PRC","2013-07-19","TSC","","1613299","94867918","0 PAYLOAD A","1 39208U 13037A   14011.81014773  .00000065  00000-0  19685-4 0  9998","2 39208 098.0488 031.6691 0009036 160.9859 199.1680 14.67979669 25806"
"2.0","GENERATED VIA SPACE-TRACK.ORG API","2014-01-11T22:26:43","18 SPCS","PAYLOAD C","2013-037C","EARTH","TEME","UTC","SGP4","2014-01-11T19:30:30.443904","14.95256544","0.00334020","97.6891","31.3958","170.0067","190.1822","0","U","39210","999","2620","0.00015732000000","0.00001692","0.0000000000000","6959.718","96.304","604.829","558.336","PAYLOAD","LARGE","PRC","2013-07-19","TSC","","1613297","94867875","0 PAYLOAD C","1 39210U 13037C   14011.81285236  .00001692  00000-0  15732-3 0  9990","2 39210 097.6891 031.3958 0033402 170.0067 190.1822 14.95256544 26207"
"2.0","GENERATED VIA SPACE-TRACK.ORG API","2014-01-12T06:26:03","18 SPCS","PAYLOAD A","2013-037A","EARTH","TEME","UTC","SGP4","2014-01-11T22:42:55.130687","14.67979731","0.00090310","98.0488","31.8031","160.5713","199.5838","0","U","39208","999","2582","0.00002089000000","0.00000071","0.0000000000000","7045.666","98.093","673.894","661.168","PAYLOAD","LARGE","PRC","2013-07-19","TSC","","1613500","94870469","0 PAYLOAD A","1 39208U 13037A   14011.94647142  .00000071  00000-0  20890-4 0  9991","2 39208 098.0488 031.8031 0009031 160.5713 199.5838 14.67979731 25827"
"2.0","GENERATED VIA SPACE-TRACK.ORG API","2014-01-12T07:21:05","18 SPCS","PAYLOAD B","2013-037B","EARTH","TEME","UTC","SGP4","2014-01-12T02:36:54.619200","14.67350099","0.00052710","98.0483","31.7416","145.8380","214.3184","0","U","39209","999","2582","0.00009413200000","0.00000484","0.0000000000000","7047.681","98.136","673.261","665.831","PAYLOAD","LARGE","PRC","2013-07-19","TSC","","1613571","94872213","0 PAYLOAD B","1 39209U 13037B   14012.10896550  .00000484  00000-0  94132-4 0  9998","2 39209 098.0483 031.7416 0005271 145.8380 214.3184 14.67350099 25827"
"2.0","GENERATED VIA SPACE-TRACK.ORG API","2014-01-12T06:24:07","18 SPCS","PAYLOAD C","2013-037C","EARTH","TEME","UTC","SGP4","2014-01-12T03:32:19.821695","14.95258024","0.00334240","97.6891","31.7239","168.9205","191.2759","0","U","39210","999","2625","0.00015989000000","0.00001720","0.0000000000000","6959.713","96.304","604.840","558.316","PAYLOAD","LARGE","PRC","2013-07-19","TSC","","1613497","94870398","0 PAYLOAD C","1 39210U 13037C   14012.14745164  .00001720  00000-0  15989-3 0  9994","2 39210 097.6891 031.7239 0033424 168.9205 191.2759 14.95258024 26258"
"2.0","GENERATED VIA SPACE-TRACK.ORG API","2014-01-12T15:57:40","18 SPCS","PAYLOAD B","2013-037B","EARTH","TEME","UTC","SGP4","2014-01-12T10:47:53.085407","14.67351071","0.00052600","98.0484","32.0765","144.4797","215.6775","0","U","39209","999","2587","0.00011327000000","0.00000592","0.0000000000000","7047.678","98.136","673.250","665.836","PAYLOAD","LARGE","PRC","2013-07-19","TSC","","1613718","94875489","0 PAYLOAD B","1 39209U 13037B   14012.44991997  .00000592  00000-0  11327-3 0  9990","2 39209 098.0484 032.0765 0005260 144.4797 215.6775 14.67351071 25870"
"2.0","GENERATED VIA SPACE-TRACK.ORG API","2014-01-12T14:29:56","18 SPCS","PAYLOAD C","2013-037C","EARTH","TEME","UTC","SGP4","2014-01-12T11:34:09.215904","14.95258919","0.00334330","97.6892","32.0522","167.7943","192.4092","0","U","39210","999","2630","0.00015437000000","0.00001659","0.0000000000000","6959.710","96.304","604.844","558.307","PAYLOAD","LARGE","PRC","2013-07-19","TSC","","1613606","94872943","0 PAYLOAD C","1 39210U 13037C   14012.48205111  .00001659  00000-0  15437-3 0  9993","2 39210 097.6892 032.0522 0033433 167.7943 192.4092 14.95258919 26306"
"2.0","GENERATED VIA SPACE-TRACK.ORG API","2014-01-12T14:35:59","18 SPCS","PAYLOAD A","2013-037A","EARTH","TEME","UTC","SGP4","2014-01-12T11:48:08.563391","14.67979856","0.00090320","98.0488","32.3392","158.8402","201.3178","0","U","39208","999","2590","0.00002073800000","0.00000071","0.0000000000000","7045.666","98.093","673.894","661.167","PAYLOAD","LARGE","PRC","2013-07-19","TSC","","1613612","94873094","0 PAYLOAD A","1 39208U 13037A   14012.49176578  .00000071  00000-0  20738-4 0  9993","2 39208 098.0488 032.3392 0009032 158.8402 201.3178 14.67979856 25905"
"2.0","GENERATED VIA SPACE-TRACK.ORG API","2014-01-12T16:32:46","18 SPCS","PAYLOAD A","2013-037A","EARTH","TEME","UTC","SGP4","2014-01-12T15:04:26.920704","14.67982138","0.00089080","98.0499","32.4737","158.3353","201.8319","0","U","39208","999","2592","0.00009380600000","0.00000489","0.0000000000000","7045.658","98.093","673.800","661.247","PAYLOAD","LARGE","PRC","2013-07-19","TSC","","1613744","94875962","0 PAYLOAD A","1 39208U 13037A   14012.62808936  .00000489  00000-0  93806-4 0  9997","2 39208 098.0499 032.4737 0008908 158.3353 201.8319 14.67982138 25923"
"2.0","GENERATED VIA SPACE-TRACK.ORG API","2014-01-12T22:31:58","18 SPCS","PAYLOAD A","2013-037A","EARTH","TEME","UTC","SGP4","2014-01-12T18:20:45.115584","14.67982309","0.00089810","98.0498","32.6079","158.2923","201.8678","0","U","39208","999","2594","0.00009460300000","0.00000494","0.0000000000000","7045.658","98.093","673.850","661.195","PAYLOAD","LARGE","PRC","2013-07-19","TSC","","1613817","94876564","0 PAYLOAD A","1 39208U 13037A   14012.76441106  .00000494  00000-0  94603-4 0  9996","2 39208 098.0498 032.6079 0008981 158.2923 201.8678 14.67982309 25946"
"2.0","GENERATED VIA SPACE-TRACK.ORG API","2014-01-12T23:41:49","18 SPCS","PAYLOAD B","2013-037B","EARTH","TEME","UTC","SGP4","2014-01-12T18:58:51.605183","14.67350673","0.00052950","98.0482","32.4113","143.7337","216.4219","0","U","39209","999","2592","0.00009442600000","0.00000485","0.0000000000000","7047.679","98.136","673.276","665.813","PAYLOAD","LARGE","PRC","2013-07-19","TSC","","1613906","94878599","0 PAYLOAD B","1 39209U 13037B   14012.79087506  .00000485  00000-0  94426-4 0  9993","2 39209 098.0482 032.4113 0005295 143.7337 216.4219 14.67350673 25924"
"2.0","GENERATED VIA SPACE-TRACK.ORG API","2014-01-12T23:42:11","18 SPCS","PAYLOAD C","2013-037C","EARTH","TEME","UTC","SGP4","2014-01-12T19:35:58.637760","14.95259260","0.00334890","97.6892","32.3805","166.7064","193.5041","0","U","39210","999","2635","0.00014326000000","0.00001535","0.0000000000000","6959.709","96.304","604.881","558.267","PAYLOAD","LARGE","PRC","2013-07-19","TSC","","1613907","94878644","0 PAYLOAD C","1 39210U 13037C   14012.81665090  .00001535  00000-0  14326-3 0  9995","2 39210 097.6892 032.3805 0033489 166.7064 193.5041 14.95259260 26358"
"2.0","GENERATED VIA SPACE-TRACK.ORG API","2014-01-13T00:21:20","18 SPCS","PAYLOAD A","2013-037A","EARTH","TEME","UTC","SGP4","2014-01-12T23:15:12.598848","14.67982746","0.00089800","98.0498","32.8089","157.7438","202.4168","0","U","39208","999","2597","0.00010204000000","0.00000537","0.0000000000000","7045.656","98.093","673.848","661.194","PAYLOAD","LARGE","PRC","2013-07-19","TSC","","1613932","94879081","0 PAYLOAD A","1 39208U 13037A   14012.96889582  .00000537  00000-0  10204-3 0  9994","2 39208 098.0498 032.8089 0008980 157.7438 202.4168 14.67982746 25972"
"2.0","GENERATED VIA SPACE-TRACK.ORG API","2014-01-13T00:46:02","18 SPCS","PAYLOAD B","2013-037B","EARTH","TEME","UTC","SGP4","2014-01-12T23:53:26.714976","14.67351125","0.00053110","98.0481","32.6122","143.3972","216.7614","0","U","39209","999","2595","0.00009931200000","0.00000513","0.0000000000000","7047.678","98.136","673.286","665.800","PAYLOAD","LARGE","PRC","2013-07-19","TSC","","1613963","94879844","0 PAYLOAD B","1 39209U 13037B   14012.99544809  .00000513  00000-0  99312-4 0  9990","2 39209 098.0481 032.6122 0005311 143.3972 216.7614 14.67351125 25953"
"2.0","GENERATED VIA SPACE-TRACK.ORG API","2014-01-13T07:48:22","18 SPCS","PAYLOAD A","2013-037A","EARTH","TEME","UTC","SGP4","2014-01-13T02:31:30.916416","14.67983058","0.00089690","98.0497","32.9431","157.3107","202.8503","0","U","39208","999","2599","0.00010633000000","0.00000561","0.0000000000000","7045.655","98.093","673.840","661.201","PAYLOAD","LARGE","PRC","2013-07-19","TSC","","1614047","94880954","0 PAYLOAD A","1 39208U 13037A   14013.10521894  .00000561  00000-0  10633-3 0  9993","2 39208 098.0497 032.9431 0008969 157.3107 202.8503 14.67983058 25995"
"2.0","GENERATED VIA SPACE-TRACK.ORG API","2014-01-13T08:15:30","18 SPCS","PAYLOAD B","2013-037B","EARTH","TEME","UTC","SGP4","2014-01-13T03:09:50.079167","14.67351345","0.00053240","98.0481","32.7461","142.9853","217.1726","0","U","39209","999","2597","0.00010010000000","0.00000518","0.0000000000000","7047.677","98.136","673.295","665.790","PAYLOAD","LARGE","PRC","2013-07-19","TSC","","1614075","94881634","0 PAYLOAD B","1 39209U 13037B   14013.13182962  .00000518  00000-0  10010-3 0  9997","2 39209 098.0481 032.7461 0005324 142.9853 217.1726 14.67351345 25972"
"2.0","GENERATED VIA SPACE-TRACK.ORG API","2014-01-13T08:15:30","18 SPCS","PAYLOAD C","2013-037C","EARTH","TEME","UTC","SGP4","2014-01-13T03:37:47.976671","14.95260898","0.00334700","97.6892","32.7087","165.5826","194.6356","0","U","39210","999","2640","0.00015291000000","0.00001643","0.0000000000000","6959.704","96.304","604.863","558.275","PAYLOAD","LARGE","PRC","2013-07-19","TSC","","1614075","94881646","0 PAYLOAD C","1 39210U 13037C   14013.15124973  .00001643  00000-0  15291-3 0  9995","2 39210 097.6892 032.7087 0033470 165.5826 194.6356 14.95260898 26403"
"2.0","GENERATED VIA SPACE-TRACK.ORG API","2014-01-13T14:27:22","18 SPCS","PAYLOAD A","2013-037A","EARTH","TEME","UTC","SGP4","2014-01-13T10:42:16.731071","14.67983482","0.00089700","98.0497","33.2782","156.2446","203.9175","0","U","39208","999","2604","0.00010647000000","0.00000562","0.0000000000000","7045.654","98.093","673.839","661.199","PAYLOAD","LARGE","PRC","2013-07-19","TSC","","1614124","94882250","0 PAYLOAD A","1 39208U 13037A   14013.44602698  .00000562  00000-0  10647-3 0  9998","2 39208 098.0497 033.2782 0008970 156.2446 203.9175 14.67983482 26049"
"2.0","GENERATED VIA SPACE-TRACK.ORG API","2014-01-13T15:54:36","18 SPCS","PAYLOAD B","2013-037B","EARTH","TEME","UTC","SGP4","2014-01-13T11:20:48.553151","14.67351883","0.00053950","98.0481","33.0810","141.9371","218.2232","0","U","39209","999","2602","0.00010252000000","0.00000531","0.0000000000000","7047.676","98.135","673.343","665.738","PAYLOAD","LARGE","PRC","2013-07-19","TSC","","1614233","94884742","0 PAYLOAD B","1 39209U 13037B   14013.47278418  .00000531  00000-0  10252-3 0  9999","2 39209 098.0481 033.0810 0005395 141.9371 218.2232 14.67351883 26024"
"2.0","GENERATED VIA SPACE-TRACK.ORG API","2014-01-13T15:39:42","18 SPCS","PAYLOAD C","2013-037C","EARTH","TEME","UTC","SGP4","2014-01-13T11:39:37.333728","14.95261400","0.00334670","97.6894","33.0369","164.5544","195.6693","0","U","39210","999","2645","0.00014542000000","0.00001560","0.0000000000000","6959.702","96.304","604.859","558.275","PAYLOAD","LARGE","PRC","2013-07-19","TSC","","1614215","94884399","0 PAYLOAD C","1 39210U 13037C   14013.48584877  .00001560  00000-0  14542-3 0  9990","2 39210 097.6894 033.0369 0033467 164.5544 195.6693 14.95261400 26454"
"2.0","GENERATED VIA SPACE-TRACK.ORG API","2014-01-14T00:13:31","18 SPCS","PAYLOAD B","2013-037B","EARTH","TEME","UTC","SGP4","2014-01-13T19:31:47.041823","14.67351968","0.00053790","98.0479","33.4160","140.6819","219.4773","0","U","39209","999","2607","0.00009998000000","0.00000517","0.0000000000000","7047.675","98.135","673.331","665.749","PAYLOAD","LARGE","PRC","2013-07-19","TSC","","1614433","94888135","0 PAYLOAD B","1 39209U 13037B   14013.81373891  .00000517  00000-0  99980-4 0  9998","2 39209 098.0479 033.4160 0005379 140.6819 219.4773 14.67351968 26070"
"2.0","GENERATED VIA SPACE-TRACK.ORG API","2014-01-14T00:15:03","18 SPCS","PAYLOAD C","2013-037C","EARTH","TEME","UTC","SGP4","2014-01-13T19:41:26.810880","14.95259885","0.00336590","97.6889","33.3649","163.3522","196.8776","0","U","39210","999","2650","0.00010842000000","0.00001148","0.0000000000000","6959.707","96.304","604.998","558.146","PAYLOAD","LARGE","PRC","2013-07-19","TSC","","1614435","94888185","0 PAYLOAD C","1 39210U 13037C   14013.82044920  .00001148  00000-0  10842-3 0  9999","2 39210 097.6889 033.3649 0033659 163.3522 196.8776 14.95259885 26503"
"2.0","GENERATED VIA SPACE-TRACK.ORG API","2014-01-13T22:34:36","18 SPCS","PAYLOAD A","2013-037A","EARTH","TEME","UTC","SGP4","2014-01-13T20:31:11.724383","14.67982777","0.00090290","98.0493","33.6802","155.0377","205.1215","0","U","39208","999","2610","0.00007582600000","0.00000386","0.0000000000000","7045.656","98.093","673.883","661.160","PAYLOAD","LARGE","PRC","2013-07-19","TSC","","1614313","94885615","0 PAYLOAD A","1 39208U 13037A   14013.85499681  .00000386  00000-0  75826-4 0  9994","2 39208 098.0493 033.6802 0009029 155.0377 205.1215 14.67982777 26100"
"2.0","GENERATED VIA SPACE-TRACK.ORG API","2014-01-14T01:40:15","18 SPCS","PAYLOAD A","2013-037A","EARTH","TEME","UTC","SGP4","2014-01-13T23:47:30.140447","14.67982935","0.00089810","98.0495","33.8141","154.2061","205.9583","0","U","39208","999","2612","0.00007671800000","0.00000391","0.0000000000000","7045.656","98.093","673.848","661.193","PAYLOAD","LARGE","PRC","2013-07-19","TSC","","1614449","94888423","0 PAYLOAD A","1 39208U 13037A   14013.99132107  .00000391  00000-0  76718-4 0  9993","2 39208 098.0495 033.8141 0008981 154.2061 205.9583 14.67982935 26121"
"2.0","GENERATED VIA SPACE-TRACK.ORG API","2014-01-14T08:28:48","18 SPCS","PAYLOAD B","2013-037B","EARTH","TEME","UTC","SGP4","2014-01-14T03:42:45.466560","14.67353068","0.00053500","98.0476","33.7507","140.4477","219.7139","0","U","39209","999","2612","0.00011715000000","0.00000614","0.0000000000000","7047.672","98.135","673.307","665.766","PAYLOAD","LARGE","PRC","2013-07-19","TSC","","1614643","94891217","0 PAYLOAD B","1 39209U 13037B   14014.15469290  .00000614  00000-0  11715-3 0  9992","2 39209 098.0476 033.7507 0005350 140.4477 219.7139 14.67353068 26120"
"2.0","GENERATED VIA SPACE-TRACK.ORG API","2014-01-14T08:29:04","18 SPCS","PAYLOAD C","2013-037C","EARTH","TEME","UTC","SGP4","2014-01-14T03:43:16.180895","14.95260714","0.00337260","97.6889","33.6931","162.3678","197.8723","0","U","39210","999","2655","0.00010649000000","0.00001126","0.0000000000000","6959.705","96.304","605.042","558.097","PAYLOAD","LARGE","PRC","2013-07-19","TSC","","1614644","94891247","0 PAYLOAD C","1 39210U 13037C   14014.15504839  .00001126  00000-0  10649-3 0  9997","2 39210 097.6889 033.6931 0033726 162.3678 197.8723 14.95260714 26557"
"2.0","GENERATED VIA SPACE-TRACK.ORG API","2014-01-14T06:42:37","18 SPCS","PAYLOAD A","2013-037A","EARTH","TEME","UTC","SGP4","2014-01-14T04:41:57.655679","14.67982932","0.00090380","98.0492","34.0152","154.0224","206.1441","0","U","39208","999","2615","0.00007186100000","0.00000364","0.0000000000000","7045.656","98.093","673.889","661.153","PAYLOAD","LARGE","PRC","2013-07-19","TSC","","1614544","94889094","0 PAYLOAD A","1 39208U 13037A   14014.19580620  .00000364  00000-0  71861-4 0  9997","2 39208 098.0492 034.0152 0009038 154.0224 206.1441 14.67982932 26152"
"2.0","GENERATED VIA SPACE-TRACK.ORG API","2014-01-14T15:22:28","18 SPCS","PAYLOAD B","2013-037B","EARTH","TEME","UTC","SGP4","2014-01-14T10:15:32.184576","14.67353577","0.00053860","98.0478","34.0188","139.4796","220.6816","0","U","39209","999","2616","0.00012094000000","0.00000635","0.0000000000000","7047.670","98.135","673.331","665.739","PAYLOAD","LARGE","PRC","2013-07-19","TSC","","1614739","94893260","0 PAYLOAD B","1 39209U 13037B   14014.42745584  .00000635  00000-0  12094-3 0  9999","2 39209 098.0478 034.0188 0005386 139.4796 220.6816 14.67353577 26164"
"2.0","GENERATED VIA SPACE-TRACK.ORG API","2014-01-14T14:25:03","18 SPCS","PAYLOAD A","2013-037A","EARTH","TEME","UTC","SGP4","2014-01-14T11:14:34.314143","14.67983190","0.00090470","98.0494","34.2830","152.6489","207.5179","0","U","39208","999","2619","0.00007449300000","0.00000379","0.0000000000000","7045.655","98.093","673.894","661.146","PAYLOAD","LARGE","PRC","2013-07-19","TSC","","1614677","94891723","0 PAYLOAD A","1 39208U 13037A   14014.46845271  .00000379  00000-0  74493-4 0  9993","2 39208 098.0494 034.2830 0009047 152.6489 207.5179 14.67983190 26190"
"2.0","GENERATED VIA SPACE-TRACK.ORG API","2014-01-14T15:24:06","18 SPCS","PAYLOAD C","2013-037C","EARTH","TEME","UTC","SGP4","2014-01-14T11:45:05.520671","14.95260915","0.00337510","97.6889","34.0213","161.2973","198.9473","0","U","39210","999","2660","0.00009919600000","0.00001045","0.0000000000000","6959.704","96.304","605.059","558.079","PAYLOAD","LARGE","PRC","2013-07-19","TSC","","1614742","94893299","0 PAYLOAD C","1 39210U 13037C   14014.48964723  .00001045  00000-0  99196-4 0  9990","2 39210 097.6889 034.0213 0033751 161.2973 198.9473 14.95260915 26602"
"2.0","GENERATED VIA SPACE-TRACK.ORG API","2014-01-14T23:53:21","18 SPCS","PAYLOAD B","2013-037B","EARTH","TEME","UTC","SGP4","2014-01-14T18:26:30.634368","14.67353299","0.00054620","98.0475","34.3535","139.0278","221.1322","0","U","39209","999","2621","0.00010243000000","0.00000531","0.0000000000000","7047.671","98.135","673.386","665.687","PAYLOAD","LARGE","PRC","2013-07-19","TSC","","1614947","94896718","0 PAYLOAD B","1 39209U 13037B   14014.76841012  .00000531  00000-0  10243-3 0  9998","2 39209 098.0475 034.3535 0005462 139.0278 221.1322 14.67353299 26211"
"2.0","GENERATED VIA SPACE-TRACK.ORG API","2014-01-14T22:36:06","18 SPCS","PAYLOAD A","2013-037A","EARTH","TEME","UTC","SGP4","2014-01-14T19:25:20.189279","14.67982643","0.00091300","98.0495","34.6179","151.8134","208.3555","0","U","39208","999","2624","0.00005068800000","0.00000242","0.0000000000000","7045.657","98.093","673.954","661.089","PAYLOAD","LARGE","PRC","2013-07-19","TSC","","1614853","94894450","0 PAYLOAD A","1 39208U 13037A   14014.80926145  .00000242  00000-0  50688-4 0  9990","2 39208 098.0495 034.6179 0009130 151.8134 208.3555 14.67982643 26247"
"2.0","GENERATED VIA SPACE-TRACK.ORG API","2014-01-14T23:54:57","18 SPCS","PAYLOAD C","2013-037C","EARTH","TEME","UTC","SGP4","2014-01-14T19:46:54.951168","14.95260416","0.00336780","97.6887","34.3493","160.2469","200.0046","0","U","39210","999","2665","0.00008166400000","0.00000850","0.0000000000000","6959.706","96.304","605.009","558.132","PAYLOAD","LARGE","PRC","2013-07-19","TSC","","1614949","94896771","0 PAYLOAD C","1 39210U 13037C   14014.82424712  .00000850  00000-0  81664-4 0  9991","2 39210 097.6887 034.3493 0033678 160.2469 200.0046 14.95260416 26652"
"2.0","GENERATED VIA SPACE-TRACK.ORG API","2014-01-15T07:33:27","18 SPCS","PAYLOAD B","2013-037B","EARTH","TEME","UTC","SGP4","2014-01-15T02:37:29.082432","14.67353920","0.00054660","98.0475","34.6885","137.8934","222.2695","0","U","39209","999","2626","0.00010712000000","0.00000557","0.0000000000000","7047.669","98.135","673.386","665.682","PAYLOAD","LARGE","PRC","2013-07-19","TSC","","1615121","94899367","0 PAYLOAD B","1 39209U 13037B   14015.10936438  .00000557  00000-0  10712-3 0  9993","2 39209 098.0475 034.6885 0005466 137.8934 222.2695 14.67353920 26262"
"2.0","GENERATED VIA SPACE-TRACK.ORG API","2014-01-15T07:34:44","18 SPCS","PAYLOAD C","2013-037C","EARTH","TEME","UTC","SGP4","2014-01-15T03:48:44.343647","14.95260657","0.00336440","97.6887","34.6776","159.0552","201.2052","0","U","39210","999","2670","0.00007513900000","0.00000777","0.0000000000000","6959.705","96.304","604.985","558.155","PAYLOAD","LARGE","PRC","2013-07-19","TSC","","1615122","94899403","0 PAYLOAD C","1 39210U 13037C   14015.15884657  .00000777  00000-0  75139-4 0  9994","2 39210 097.6887 034.6776 0033644 159.0552 201.2052 14.95260657 26704"
"2.0","GENERATED VIA SPACE-TRACK.ORG API","2014-01-15T06:27:46","18 SPCS","PAYLOAD A","2013-037A","EARTH","TEME","UTC","SGP4","2014-01-15T05:14:15.211104","14.67982822","0.00091360","98.0493","35.0201","150.5529","209.6191","0","U","39208","999","2630","0.00004883600000","0.00000232","0.0000000000000","7045.656","98.093","673.958","661.084","PAYLOAD","LARGE","PRC","2013-07-19","TSC","","1615043","94897525","0 PAYLOAD A","1 39208U 13037A   14015.21823161  .00000232  00000-0  48836-4 0  9991","2 39208 098.0493 035.0201 0009136 150.5529 209.6191 14.67982822 26302"
"2.0","GENERATED VIA SPACE-TRACK.ORG API","2014-01-15T15:31:35","18 SPCS","PAYLOAD B","2013-037B","EARTH","TEME","UTC","SGP4","2014-01-15T10:48:27.503711","14.67354410","0.00054540","98.0476","35.0233","136.7959","223.3678","0","U","39209","999","2631","0.00010933000000","0.00000570","0.0000000000000","7047.668","98.135","673.376","665.689","PAYLOAD","LARGE","PRC","2013-07-19","TSC","","1615265","94902101","0 PAYLOAD B","1 39209U 13037B   14015.45031833  .00000570  00000-0  10933-3 0  9996","2 39209 098.0476 035.0233 0005454 136.7959 223.3678 14.67354410 26311"
"2.0","GENERATED VIA SPACE-TRACK.ORG API","2014-01-15T15:33:00","18 SPCS","PAYLOAD C","2013-037C","EARTH","TEME","UTC","SGP4","2014-01-15T11:50:33.700704","14.95260794","0.00335970","97.6887","35.0056","157.9905","202.2759","0","U","39210","999","2675","0.00006898800000","0.00000709","0.0000000000000","6959.704","96.304","604.952","558.187","PAYLOAD","LARGE","PRC","2013-07-19","TSC","","1615267","94902135","0 PAYLOAD C","1 39210U 13037C   14015.49344561  .00000709  00000-0  68988-4 0  9995","2 39210 097.6887 035.0056 0033597 157.9905 202.2759 14.95260794 26758"
"2.0","GENERATED VIA SPACE-TRACK.ORG API","2014-01-15T14:25:54","18 SPCS","PAYLOAD A","2013-037A","EARTH","TEME","UTC","SGP4","2014-01-15T13:25:01.042176","14.67983082","0.00091610","98.0488","35.3547","149.6038","210.5713","0","U","39208","999","2635","0.00004765900000","0.00000225","0.0000000000000","7045.655","98.093","673.975","661.066","PAYLOAD","LARGE","PRC","2013-07-19","TSC","","1615171","94900084","0 PAYLOAD A","1 39208U 13037A   14015.55903984  .00000225  00000-0  47659-4 0  9994","2 39208 098.0488 035.3547 0009161 149.6038 210.5713 14.67983082 26359"
"2.0","GENERATED VIA SPACE-TRACK.ORG API","2014-01-16T06:31:06","18 SPCS","PAYLOAD A","2013-037A","EARTH","TEME","UTC","SGP4","2014-01-16T00:52:05.107007","14.67984043","0.00092030","98.0485","35.8240","148.6598","211.5175","0","U","39208","999","2642","0.00006214300000","0.00000308","0.0000000000000","7045.652","98.093","674.001","661.033","PAYLOAD","LARGE","PRC","2013-07-19","TSC","","1615477","94904705","0 PAYLOAD A","1 39208U 13037A   14016.03617022  .00000308  00000-0  62143-4 0  9990","2 39208 098.0485 035.8240 0009203 148.6598 211.5175 14.67984043 26427"
"2.0","GENERATED VIA SPACE-TRACK.ORG API","2014-01-16T08:16:58","18 SPCS","PAYLOAD B","2013-037B","EARTH","TEME","UTC","SGP4","2014-01-16T04:48:36.062495","14.67354659","0.00055530","98.0474","35.7603","134.8977","225.2677","0","U","39209","999","2642","0.00009592800000","0.00000494","0.0000000000000","7047.667","98.135","673.445","665.618","PAYLOAD","LARGE","PRC","2013-07-19","TSC","","1615608","94907837","0 PAYLOAD B","1 39209U 13037B   14016.20041739  .00000494  00000-0  95928-4 0  9999","2 39209 098.0474 035.7603 0005553 134.8977 225.2677 14.67354659 26423"
"2.0","GENERATED VIA SPACE-TRACK.ORG API","2014-01-16T06:41:25","18 SPCS","PAYLOAD C","2013-037C","EARTH","TEME","UTC","SGP4","2014-01-16T05:30:34.348608","14.95260493","0.00336340","97.6884","35.7278","155.8028","204.4784","0","U","39210","999","2686","0.00005286300000","0.00000530","0.0000000000000","6959.705","96.304","604.979","558.162","PAYLOAD","LARGE","PRC","2013-07-19","TSC","","1615489","94904926","0 PAYLOAD C","1 39210U 13037C   14016.22956422  .00000530  00000-0  52863-4 0  9999","2 39210 097.6884 035.7278 0033634 155.8028 204.4784 14.95260493 26863"
"2.0","GENERATED VIA SPACE-TRACK.ORG API","2014-01-16T14:36:33","18 SPCS","PAYLOAD A","2013-037A","EARTH","TEME","UTC","SGP4","2014-01-16T12:19:09.218495","14.67984221","0.00092070","98.0484","36.2932","147.2958","212.8834","0","U","39208","999","2649","0.00005402500000","0.00000261","0.0000000000000","7045.652","98.093","674.004","661.030","PAYLOAD","LARGE","PRC","2013-07-19","TSC","","1615665","94908873","0 PAYLOAD A","1 39208U 13037A   14016.51330114  .00000261  00000-0  54025-4 0  9995","2 39208 098.0484 036.2932 0009207 147.2958 212.8834 14.67984221 26499"
"2.0","GENERATED VIA SPACE-TRACK.ORG API","2014-01-16T16:12:53","18 SPCS","PAYLOAD B","2013-037B","EARTH","TEME","UTC","SGP4","2014-01-16T12:59:34.465632","14.67354824","0.00056090","98.0472","36.0953","134.6422","225.5236","0","U","39209","999","2647","0.00009009700000","0.00000461","0.0000000000000","7047.666","98.135","673.484","665.578","PAYLOAD","LARGE","PRC","2013-07-19","TSC","","1615788","94911810","0 PAYLOAD B","1 39209U 13037B   14016.54137113  .00000461  00000-0  90097-4 0  9994","2 39209 098.0472 036.0953 0005609 134.6422 225.5236 14.67354824 26471"
"2.0","GENERATED VIA SPACE-TRACK.ORG API","2014-01-16T16:14:33","18 SPCS","PAYLOAD C","2013-037C","EARTH","TEME","UTC","SGP4","2014-01-16T13:32:23.688383","14.95259568","0.00337440","97.6884","36.0558","154.7570","205.5270","0","U","39210","999","2691","0.00003268800000","0.00000305","0.0000000000000","6959.708","96.304","605.058","558.088","PAYLOAD","LARGE","PRC","2013-07-19","TSC","","1615790","94911868","0 PAYLOAD C","1 39210U 13037C   14016.56416306  .00000305  00000-0  32688-4 0  9991","2 39210 097.6884 036.0558 0033744 154.7570 205.5270 14.95259568 26919"
"2.0","GENERATED VIA SPACE-TRACK.ORG API","2014-01-16T22:25:37","18 SPCS","PAYLOAD A","2013-037A","EARTH","TEME","UTC","SGP4","2014-01-16T20:29:55.035744","14.67984166","0.00092090","98.0483","36.6284","146.1991","213.9795","0","U","39208","999","2654","0.00005417900000","0.00000262","0.0000000000000","7045.652","98.093","674.005","661.028","PAYLOAD","LARGE","PRC","2013-07-19","TSC","","1615861","94912802","0 PAYLOAD A","1 39208U 13037A   14016.85410921  .00000262  00000-0  54179-4 0  9998","2 39208 098.0483 036.6284 0009209 146.1991 213.9795 14.67984166 26541"
"2.0","GENERATED VIA SPACE-TRACK.ORG API","2014-01-16T23:30:25","18 SPCS","PAYLOAD B","2013-037B","EARTH","TEME","UTC","SGP4","2014-01-16T21:10:32.918879","14.67354873","0.00056580","98.0468","36.4299","134.1760","225.9925","0","U","39209","999","2652","0.00008211500000","0.00000416","0.0000000000000","7047.666","98.135","673.519","665.543","PAYLOAD","LARGE","PRC","2013-07-19","TSC","","1615940","94914727","0 PAYLOAD B","1 39209U 13037B   14016.88232545  .00000416  00000-0  82115-4 0  9998","2 39209 098.0468 036.4299 0005658 134.1760 225.9925 14.67354873 26526"
"2.0","GENERATED VIA SPACE-TRACK.ORG API","2014-01-16T23:31:36","18 SPCS","PAYLOAD C","2013-037C","EARTH","TEME","UTC","SGP4","2014-01-16T21:34:13.127519","14.95259070","0.00338230","97.6878","36.3837","153.7604","206.5334","0","U","39210","999","2696","0.00002079500000","0.00000173","0.0000000000000","6959.710","96.304","605.115","558.035","PAYLOAD","LARGE","PRC","2013-07-19","TSC","","1615942","94914765","0 PAYLOAD C","1 39210U 13037C   14016.89876305  .00000173  00000-0  20795-4 0  9995","2 39210 097.6878 036.3837 0033823 153.7604 206.5334 14.95259070 26965"
"2.0","GENERATED VIA SPACE-TRACK.ORG API","2014-01-17T06:29:39","18 SPCS","PAYLOAD A","2013-037A","EARTH","TEME","UTC","SGP4","2014-01-17T04:40:40.850399","14.67984368","0.00092110","98.0483","36.9634","145.1471","215.0338","0","U","39208","999","2659","0.00005410000000","0.00000262","0.0000000000000","7045.651","98.093","674.006","661.026","PAYLOAD","LARGE","PRC","2013-07-19","TSC","","1616051","94915586","0 PAYLOAD A","1 39208U 13037A   14017.19491725  .00000262  00000-0  54100-4 0  9991","2 39208 098.0483 036.9634 0009211 145.1471 215.0338 14.67984368 26593"
"2.0","GENERATED VIA SPACE-TRACK.ORG API","2014-01-17T07:21:49","18 SPCS","PAYLOAD B","2013-037B","EARTH","TEME","UTC","SGP4","2014-01-17T05:21:31.268448","14.67355791","0.00056830","98.0468","36.7648","133.6096","226.5594","0","U","39209","999","2657","0.00009936300000","0.00000513","0.0000000000000","7047.663","98.135","673.533","665.523","PAYLOAD","LARGE","PRC","2013-07-19","TSC","","1616119","94917254","0 PAYLOAD B","1 39209U 13037B   14017.22327857  .00000513  00000-0  99363-4 0  9999","2 39209 098.0468 036.7648 0005683 133.6096 226.5594 14.67355791 26575"
"2.0","GENERATED VIA SPACE-TRACK.ORG API","2014-01-17T07:22:37","18 SPCS","PAYLOAD C","2013-037C","EARTH","TEME","UTC","SGP4","2014-01-17T05:36:02.481984","14.95259366","0.00338310","97.6877","36.7118","152.6836","207.6175","0","U","39210","999","2701","0.00002167900000","0.00000183","0.0000000000000","6959.709","96.304","605.119","558.028","PAYLOAD","LARGE","PRC","2013-07-19","TSC","","1616120","94917291","0 PAYLOAD C","1 39210U 13037C   14017.23336206  .00000183  00000-0  21679-4 0  9998","2 39210 097.6877 036.7118 0033831 152.6836 207.6175 14.95259366 27014"
"2.0","GENERATED VIA SPACE-TRACK.ORG API","2014-01-17T14:23:53","18 SPCS","PAYLOAD A","2013-037A","EARTH","TEME","UTC","SGP4","2014-01-17T12:51:26.647775","14.67984623","0.00092140","98.0483","37.2984","144.1601","216.0226","0","U","39208","999","2664","0.00005539000000","0.00000269","0.0000000000000","7045.650","98.093","674.007","661.023","PAYLOAD","LARGE","PRC","2013-07-19","TSC","","1616148","94917840","0 PAYLOAD A","1 39208U 13037A   14017.53572509  .00000269  00000-0  55390-4 0  9998","2 39208 098.0483 037.2984 0009214 144.1601 216.0226 14.67984623 26649"
"2.0","GENERATED VIA SPACE-TRACK.ORG API","2014-01-17T15:28:08","18 SPCS","PAYLOAD B","2013-037B","EARTH","TEME","UTC","SGP4","2014-01-17T13:32:29.651712","14.67356023","0.00056890","98.0469","37.0997","132.4531","227.7162","0","U","39209","999","2662","0.00009298400000","0.00000477","0.0000000000000","7047.662","98.135","673.537","665.518","PAYLOAD","LARGE","PRC","2013-07-19","TSC","","1616232","94919725","0 PAYLOAD B","1 39209U 13037B   14017.56423208  .00000477  00000-0  92984-4 0  9994","2 39209 098.0469 037.0997 0005689 132.4531 227.7162 14.67356023 26623"
"2.0","GENERATED VIA SPACE-TRACK.ORG API","2014-01-17T15:27:58","18 SPCS","PAYLOAD C","2013-037C","EARTH","TEME","UTC","SGP4","2014-01-17T13:37:51.844223","14.95259166","0.00338430","97.6875","37.0396","151.6090","208.6977","0","U","39210","999","2706","0.00001567200000","0.00000116","0.0000000000000","6959.709","96.304","605.128","558.021","PAYLOAD","LARGE","PRC","2013-07-19","TSC","","1616231","94919710","0 PAYLOAD C","1 39210U 13037C   14017.56796116  .00000116  00000-0  15672-4 0  9996","2 39210 097.6875 037.0396 0033843 151.6090 208.6977 14.95259166 27062"
"2.0","GENERATED VIA SPACE-TRACK.ORG API","2014-01-17T22:34:37","18 SPCS","PAYLOAD A","2013-037A","EARTH","TEME","UTC","SGP4","2014-01-17T17:45:54.121536","14.67984943","0.00092550","98.0480","37.4989","143.2897","216.8959","0","U","39208","999","2667","0.00005647100000","0.00000275","0.0000000000000","7045.649","98.093","674.035","660.994","PAYLOAD","LARGE","PRC","2013-07-19","TSC","","1616366","94920738","0 PAYLOAD A","1 39208U 13037A   14017.74020974  .00000275  00000-0  56471-4 0  9993","2 39208 098.0480 037.4989 0009255 143.2897 216.8959 14.67984943 26674"
"2.0","GENERATED VIA SPACE-TRACK.ORG API","2014-01-18T00:03:46","18 SPCS","PAYLOAD C","2013-037C","EARTH","TEME","UTC","SGP4","2014-01-17T21:39:41.242752","14.95259335","0.00338950","97.6874","37.3679","150.4761","209.8393","0","U","39210","999","2711","0.00001835500000","0.00000146","0.0000000000000","6959.709","96.304","605.164","557.984","PAYLOAD","LARGE","PRC","2013-07-19","TSC","","1616466","94923023","0 PAYLOAD C","1 39210U 13037C   14017.90256068  .00000146  00000-0  18355-4 0  9995","2 39210 097.6874 037.3679 0033895 150.4761 209.8393 14.95259335 27116"
"2.0","GENERATED VIA SPACE-TRACK.ORG API","2014-01-18T00:02:38","18 SPCS","PAYLOAD B","2013-037B","EARTH","TEME","UTC","SGP4","2014-01-17T21:43:28.072127","14.67355753","0.00057030","98.0467","37.4343","131.5165","228.6528","0","U","39209","999","2667","0.00007598700000","0.00000381","0.0000000000000","7047.663","98.135","673.547","665.509","PAYLOAD","LARGE","PRC","2013-07-19","TSC","","1616464","94922977","0 PAYLOAD B","1 39209U 13037B   14017.90518602  .00000381  00000-0  75987-4 0  9993","2 39209 098.0467 037.4343 0005703 131.5165 228.6528 14.67355753 26670"
"2.0","GENERATED VIA SPACE-TRACK.ORG API","2014-01-18T06:29:26","18 SPCS","PAYLOAD A","2013-037A","EARTH","TEME","UTC","SGP4","2014-01-18T00:18:30.722112","14.67985257","0.00092660","98.0478","37.7667","142.6268","217.5596","0","U","39208","999","2671","0.00005812300000","0.00000285","0.0000000000000","7045.648","98.093","674.042","660.985","PAYLOAD","LARGE","PRC","2013-07-19","TSC","","1616573","94923772","0 PAYLOAD A","1 39208U 13037A   14018.01285558  .00000285  00000-0  58123-4 0  9992","2 39208 098.0478 037.7667 0009266 142.6268 217.5596 14.67985257 26713"
"2.0","GENERATED VIA SPACE-TRACK.ORG API","2014-01-18T07:46:37","18 SPCS","PAYLOAD C","2013-037C","EARTH","TEME","UTC","SGP4","2014-01-18T05:41:30.567839","14.95259714","0.00338970","97.6874","37.6959","149.4066","210.9148","0","U","39210","999","2716","0.00002109100000","0.00000176","0.0000000000000","6959.708","96.304","605.164","557.981","PAYLOAD","LARGE","PRC","2013-07-19","TSC","","1616654","94925767","0 PAYLOAD C","1 39210U 13037C   14018.23715935  .00000176  00000-0  21091-4 0  9999","2 39210 097.6874 037.6959 0033897 149.4066 210.9148 14.95259714 27165"
"2.0","GENERATED VIA SPACE-TRACK.ORG API","2014-01-18T07:46:27","18 SPCS","PAYLOAD B","2013-037B","EARTH","TEME","UTC","SGP4","2014-01-18T05:54:26.444160","14.67356344","0.00057050","98.0466","37.7691","130.6595","229.5112","0","U","39209","999","2672","0.00008360700000","0.00000424","0.0000000000000","7047.661","98.135","673.547","665.506","PAYLOAD","LARGE","PRC","2013-07-19","TSC","","1616653","94925728","0 PAYLOAD B","1 39209U 13037B   14018.24613940  .00000424  00000-0  83607-4 0  9998","2 39209 098.0466 037.7691 0005705 130.6595 229.5112 14.67356344 26729"
"2.0","GENERATED VIA SPACE-TRACK.ORG API","2014-01-18T16:04:48","18 SPCS","PAYLOAD C","2013-037C","EARTH","TEME","UTC","SGP4","2014-01-18T12:06:58.043807","14.95259610","0.00339290","97.6874","37.9586","148.5106","211.8152","0","U","39210","999","2720","0.00001729900000","0.00000134","0.0000000000000","6959.708","96.304","605.187","557.959","PAYLOAD","LARGE","PRC","2013-07-19","TSC","","1616789","94928668","0 PAYLOAD C","1 39210U 13037C   14018.50483847  .00000134  00000-0  17299-4 0  9992","2 39210 097.6874 037.9586 0033929 148.5106 211.8152 14.95259610 27200"
"2.0","GENERATED VIA SPACE-TRACK.ORG API","2014-01-18T16:04:00","18 SPCS","PAYLOAD B","2013-037B","EARTH","TEME","UTC","SGP4","2014-01-18T12:27:13.123295","14.67356162","0.00057120","98.0467","38.0372","129.9334","230.2345","0","U","39209","999","2676","0.00007221500000","0.00000360","0.0000000000000","7047.662","98.135","673.553","665.501","PAYLOAD","LARGE","PRC","2013-07-19","TSC","","1616788","94928634","0 PAYLOAD B","1 39209U 13037B   14018.51890189  .00000360  00000-0  72215-4 0  9992","2 39209 098.0467 038.0372 0005712 129.9334 230.2345 14.67356162 26769"
"2.0","GENERATED VIA SPACE-TRACK.ORG API","2014-01-18T14:34:32","18 SPCS","PAYLOAD A","2013-037A","EARTH","TEME","UTC","SGP4","2014-01-18T13:23:43.931039","14.67986115","0.00093020","98.0481","38.3029","140.7344","219.4543","0","U","39208","999","2679","0.00007250100000","0.00000367","0.0000000000000","7045.646","98.093","674.064","660.957","PAYLOAD","LARGE","PRC","2013-07-19","TSC","","1616693","94926487","0 PAYLOAD A","1 39208U 13037A   14018.55814735  .00000367  00000-0  72501-4 0  9993","2 39208 098.0481 038.3029 0009302 140.7344 219.4543 14.67986115 26796"
"2.0","GENERATED VIA SPACE-TRACK.ORG API","2014-01-18T22:33:02","18 SPCS","PAYLOAD A","2013-037A","EARTH","TEME","UTC","SGP4","2014-01-18T16:40:02.226143","14.67984922","0.00094390","98.0473","38.4367","140.5800","219.6025","0","U","39208","999","2681","0.00004139100000","0.00000189","0.0000000000000","7045.649","98.093","674.165","660.864","PAYLOAD","LARGE","PRC","2013-07-19","TSC","","1616905","94929654","0 PAYLOAD A","1 39208U 13037A   14018.69447021  .00000189  00000-0  41391-4 0  9993","2 39208 098.0473 038.4367 0009439 140.5800 219.6025 14.67984922 26813"
"2.0","GENERATED VIA SPACE-TRACK.ORG API","2014-01-19T00:00:53","18 SPCS","PAYLOAD B","2013-037B","EARTH","TEME","UTC","SGP4","2014-01-18T20:38:11.618016","14.67355935","0.00057360","98.0464","38.3719","129.0801","231.0925","0","U","39209","999","2681","0.00006137400000","0.00000299","0.0000000000000","7047.663","98.135","673.570","665.485","PAYLOAD","LARGE","PRC","2013-07-19","TSC","","1617017","94931726","0 PAYLOAD B","1 39209U 13037B   14018.85985669  .00000299  00000-0  61374-4 0  9992","2 39209 098.0464 038.3719 0005736 129.0801 231.0925 14.67355935 26816"
"2.0","GENERATED VIA SPACE-TRACK.ORG API","2014-01-19T00:02:30","18 SPCS","PAYLOAD C","2013-037C","EARTH","TEME","UTC","SGP4","2014-01-18T21:45:09.325151","14.95259523","0.00340080","97.6870","38.3520","147.2855","213.0510","0","U","39210","999","2726","0.00001456800000","0.00000104","0.0000000000000","6959.708","96.304","605.242","557.905","PAYLOAD","LARGE","PRC","2013-07-19","TSC","","1617019","94931765","0 PAYLOAD C","1 39210U 13037C   14018.90635793  .00000104  00000-0  14568-4 0  9998","2 39210 097.6870 038.3520 0034008 147.2855 213.0510 14.95259523 27266"
"2.0","GENERATED VIA SPACE-TRACK.ORG API","2014-01-19T06:40:58","18 SPCS","PAYLOAD A","2013-037A","EARTH","TEME","UTC","SGP4","2014-01-19T02:28:57.297215","14.67984903","0.00094880","98.0467","38.8378","139.3203","220.8712","0","U","39208","999","2687","0.00003444800000","0.00000149","0.0000000000000","7045.649","98.093","674.199","660.829","PAYLOAD","LARGE","PRC","2013-07-19","TSC","","1617099","94932543","0 PAYLOAD A","1 39208U 13037A   14019.10344094  .00000149  00000-0  34448-4 0  9997","2 39208 098.0467 038.8378 0009488 139.3203 220.8712 14.67984903 26871"
"2.0","GENERATED VIA SPACE-TRACK.ORG API","2014-01-19T07:50:52","18 SPCS","PAYLOAD B","2013-037B","EARTH","TEME","UTC","SGP4","2014-01-19T04:49:09.971039","14.67356307","0.00057420","98.0464","38.7067","127.9597","232.2126","0","U","39209","999","2686","0.00006384900000","0.00000313","0.0000000000000","7047.661","98.135","673.573","665.480","PAYLOAD","LARGE","PRC","2013-07-19","TSC","","1617193","94934681","0 PAYLOAD B","1 39209U 13037B   14019.20080985  .00000313  00000-0  63849-4 0  9995","2 39209 098.0464 038.7067 0005742 127.9597 232.2126 14.67356307 26867"
"2.0","GENERATED VIA SPACE-TRACK.ORG API","2014-01-19T07:52:18","18 SPCS","PAYLOAD C","2013-037C","EARTH","TEME","UTC","SGP4","2014-01-19T05:46:58.613952","14.95259783","0.00340130","97.6870","38.6800","146.1941","214.1462","0","U","39210","999","2731","0.00001556900000","0.00000115","0.0000000000000","6959.707","96.304","605.245","557.900","PAYLOAD","LARGE","PRC","2013-07-19","TSC","","1617195","94934722","0 PAYLOAD C","1 39210U 13037C   14019.24095618  .00000115  00000-0  15569-4 0  9996","2 39210 097.6870 038.6800 0034013 146.1941 214.1462 14.95259783 27312"
"2.0","GENERATED VIA SPACE-TRACK.ORG API","2014-01-19T15:42:51","18 SPCS","PAYLOAD C","2013-037C","EARTH","TEME","UTC","SGP4","2014-01-19T12:12:26.063136","14.95260100","0.00340670","97.6870","38.9425","145.3050","215.0406","0","U","39210","999","2735","0.00001774100000","0.00000139","0.0000000000000","6959.706","96.304","605.281","557.862","PAYLOAD","LARGE","PRC","2013-07-19","TSC","","1617325","94937659","0 PAYLOAD C","1 39210U 13037C   14019.50863499  .00000139  00000-0  17741-4 0  9995","2 39210 097.6870 038.9425 0034067 145.3050 215.0406 14.95260100 27356"
"2.0","GENERATED VIA SPACE-TRACK.ORG API","2014-01-19T14:27:52","18 SPCS","PAYLOAD A","2013-037A","EARTH","TEME","UTC","SGP4","2014-01-19T12:17:52.237824","14.67985257","0.00094940","98.0466","39.2399","138.0608","222.1329","0","U","39208","999","2693","0.00004030900000","0.00000183","0.0000000000000","7045.648","98.093","674.202","660.824","PAYLOAD","LARGE","PRC","2013-07-19","TSC","","1617234","94935510","0 PAYLOAD A","1 39208U 13037A   14019.51241016  .00000183  00000-0  40309-4 0  9993","2 39208 098.0466 039.2399 0009494 138.0608 222.1329 14.67985257 26939"
"2.0","GENERATED VIA SPACE-TRACK.ORG API","2014-01-19T15:42:32","18 SPCS","PAYLOAD B","2013-037B","EARTH","TEME","UTC","SGP4","2014-01-19T13:00:08.341343","14.67356354","0.00057850","98.0465","39.0416","127.2228","232.9498","0","U","39209","999","2691","0.00005630400000","0.00000270","0.0000000000000","7047.661","98.135","673.603","665.449","PAYLOAD","LARGE","PRC","2013-07-19","TSC","","1617324","94937616","0 PAYLOAD B","1 39209U 13037B   14019.54176321  .00000270  00000-0  56304-4 0  9992","2 39209 098.0465 039.0416 0005785 127.2228 232.9498 14.67356354 26918"
"2.0","GENERATED VIA SPACE-TRACK.ORG API","2014-01-19T23:20:44","18 SPCS","PAYLOAD C","2013-037C","EARTH","TEME","UTC","SGP4","2014-01-19T20:14:15.429695","14.95260475","0.00340780","97.6867","39.2704","144.2083","216.1454","0","U","39210","999","2740","0.00002331700000","0.00000201","0.0000000000000","6959.705","96.304","605.288","557.853","PAYLOAD","LARGE","PRC","2013-07-19","TSC","","1617470","94940095","0 PAYLOAD C","1 39210U 13037C   14019.84323414  .00000201  00000-0  23317-4 0  9996","2 39210 097.6867 039.2704 0034078 144.2083 216.1454 14.95260475 27408"
"2.0","GENERATED VIA SPACE-TRACK.ORG API","2014-01-19T22:22:21","18 SPCS","PAYLOAD A","2013-037A","EARTH","TEME","UTC","SGP4","2014-01-19T20:28:38.068895","14.67984479","0.00096110","98.0466","39.5750","137.1054","223.0901","0","U","39208","999","2698","0.00001453600000","0.00000035","0.0000000000000","7045.651","98.093","674.287","660.744","PAYLOAD","LARGE","PRC","2013-07-19","TSC","","1617403","94938454","0 PAYLOAD A","1 39208U 13037A   14019.85321839  .00000035  00000-0  14536-4 0  9991","2 39208 098.0466 039.5750 0009611 137.1054 223.0901 14.67984479 26985"
"2.0","GENERATED VIA SPACE-TRACK.ORG API","2014-01-19T23:19:55","18 SPCS","PAYLOAD B","2013-037B","EARTH","TEME","UTC","SGP4","2014-01-19T21:11:06.752255","14.67356854","0.00057650","98.0462","39.3764","125.8191","234.3564","0","U","39209","999","2696","0.00006692700000","0.00000330","0.0000000000000","7047.660","98.135","673.588","665.462","PAYLOAD","LARGE","PRC","2013-07-19","TSC","","1617469","94940064","0 PAYLOAD B","1 39209U 13037B   14019.88271704  .00000330  00000-0  66927-4 0  9999","2 39209 098.0462 039.3764 0005765 125.8191 234.3564 14.67356854 26965"
"2.0","GENERATED VIA SPACE-TRACK.ORG API","2014-01-20T07:45:19","18 SPCS","PAYLOAD C","2013-037C","EARTH","TEME","UTC","SGP4","2014-01-20T04:16:04.702080","14.95260993","0.00340820","97.6867","39.5985","143.1171","217.2411","0","U","39210","999","2745","0.00002752900000","0.00000248","0.0000000000000","6959.704","96.304","605.289","557.849","PAYLOAD","LARGE","PRC","2013-07-19","TSC","","1617664","94942781","0 PAYLOAD C","1 39210U 13037C   14020.17783220  .00000248  00000-0  27529-4 0  9999","2 39210 097.6867 039.5985 0034082 143.1171 217.2411 14.95260993 27458"
"2.0","GENERATED VIA SPACE-TRACK.ORG API","2014-01-20T06:27:13","18 SPCS","PAYLOAD A","2013-037A","EARTH","TEME","UTC","SGP4","2014-01-20T04:39:23.868000","14.67984534","0.00096100","98.0466","39.9100","136.0348","224.1623","0","U","39208","999","2703","0.00001450500000","0.00000035","0.0000000000000","7045.651","98.093","674.286","660.745","PAYLOAD","LARGE","PRC","2013-07-19","TSC","","1617584","94940800","0 PAYLOAD A","1 39208U 13037A   14020.19402625  .00000035  00000-0  14505-4 0  9999","2 39208 098.0466 039.9100 0009610 136.0348 224.1623 14.67984534 27033"
"2.0","GENERATED VIA SPACE-TRACK.ORG API","2014-01-20T07:45:01","18 SPCS","PAYLOAD B","2013-037B","EARTH","TEME","UTC","SGP4","2014-01-20T05:22:05.056031","14.67357310","0.00057990","98.0460","39.7110","125.4933","234.6816","0","U","39209","999","2701","0.00006867300000","0.00000340","0.0000000000000","7047.658","98.135","673.610","665.436","PAYLOAD","LARGE","PRC","2013-07-19","TSC","","1617663","94942749","0 PAYLOAD B","1 39209U 13037B   14020.22366963  .00000340  00000-0  68673-4 0  9992","2 39209 098.0460 039.7110 0005799 125.4933 234.6816 14.67357310 27017"
"2.0","GENERATED VIA SPACE-TRACK.ORG API","2014-01-20T14:28:35","18 SPCS","PAYLOAD A","2013-037A","EARTH","TEME","UTC","SGP4","2014-01-20T11:12:00.504863","14.67984548","0.00096120","98.0466","40.1780","135.1744","225.0237","0","U","39208","999","2707","0.00001366300000","0.00000030","0.0000000000000","7045.651","98.093","674.288","660.743","PAYLOAD","LARGE","PRC","2013-07-19","TSC","","1617702","94943413","0 PAYLOAD A","1 39208U 13037A   14020.46667251  .00000030  00000-0  13663-4 0  9996","2 39208 098.0466 040.1780 0009612 135.1744 225.0237 14.67984548 27073"
"2.0","GENERATED VIA SPACE-TRACK.ORG API","2014-01-20T15:45:01","18 SPCS","PAYLOAD C","2013-037C","EARTH","TEME","UTC","SGP4","2014-01-20T12:17:53.996064","14.95261511","0.00341290","97.6866","39.9269","142.0217","218.3436","0","U","39210","999","2750","0.00003081700000","0.00000285","0.0000000000000","6959.702","96.304","605.320","557.814","PAYLOAD","LARGE","PRC","2013-07-19","TSC","","1617781","94945339","0 PAYLOAD C","1 39210U 13037C   14020.51243051  .00000285  00000-0  30817-4 0  9995","2 39210 097.6866 039.9269 0034129 142.0217 218.3436 14.95261511 27509"
"2.0","GENERATED VIA SPACE-TRACK.ORG API","2014-01-20T15:44:13","18 SPCS","PAYLOAD B","2013-037B","EARTH","TEME","UTC","SGP4","2014-01-20T13:33:03.396960","14.67357739","0.00058250","98.0461","40.0459","124.5989","235.5773","0","U","39209","999","2706","0.00007125600000","0.00000355","0.0000000000000","7047.657","98.135","673.627","665.417","PAYLOAD","LARGE","PRC","2013-07-19","TSC","","1617780","94945313","0 PAYLOAD B","1 39209U 13037B   14020.56462265  .00000355  00000-0  71256-4 0  9998","2 39209 098.0461 040.0459 0005825 124.5989 235.5773 14.67357739 27062"
"2.0","GENERATED VIA SPACE-TRACK.ORG API","2014-01-20T22:25:42","18 SPCS","PAYLOAD A","2013-037A","EARTH","TEME","UTC","SGP4","2014-01-20T19:22:46.300512","14.67985000","0.00096330","98.0467","40.5131","134.1280","226.0750","0","U","39208","999","2712","0.00001979600000","0.00000065","0.0000000000000","7045.649","98.093","674.301","660.727","PAYLOAD","LARGE","PRC","2013-07-19","TSC","","1617883","94946238","0 PAYLOAD A","1 39208U 13037A   14020.80748033  .00000065  00000-0  19796-4 0  9993","2 39208 098.0467 040.5131 0009633 134.1280 226.0750 14.67985000 27126"
"2.0","GENERATED VIA SPACE-TRACK.ORG API","2014-01-20T23:32:25","18 SPCS","PAYLOAD C","2013-037C","EARTH","TEME","UTC","SGP4","2014-01-20T20:19:43.334975","14.95261210","0.00341790","97.6863","40.2544","140.9704","219.4003","0","U","39210","999","2755","0.00002419400000","0.00000211","0.0000000000000","6959.703","96.304","605.356","557.780","PAYLOAD","LARGE","PRC","2013-07-19","TSC","","1617966","94948196","0 PAYLOAD C","1 39210U 13037C   14020.84702934  .00000211  00000-0  24194-4 0  9991","2 39210 097.6863 040.2544 0034179 140.9704 219.4003 14.95261210 27553"
"2.0","GENERATED VIA SPACE-TRACK.ORG API","2014-01-20T23:31:32","18 SPCS","PAYLOAD B","2013-037B","EARTH","TEME","UTC","SGP4","2014-01-20T21:44:01.762944","14.67358147","0.00058030","98.0459","40.3807","123.4869","236.6906","0","U","39209","999","2711","0.00007814500000","0.00000394","0.0000000000000","7047.656","98.135","673.610","665.431","PAYLOAD","LARGE","PRC","2013-07-19","TSC","","1617964","94948157","0 PAYLOAD B","1 39209U 13037B   14020.90557596  .00000394  00000-0  78145-4 0  9995","2 39209 098.0459 040.3807 0005803 123.4869 236.6906 14.67358147 27110"
"2.0","GENERATED VIA SPACE-TRACK.ORG API","2014-01-21T06:25:38","18 SPCS","PAYLOAD A","2013-037A","EARTH","TEME","UTC","SGP4","2014-01-21T03:33:31.924224","14.67986249","0.00096650","98.0465","40.8477","133.5806","226.6227","0","U","39208","999","2717","0.00004254500000","0.00000196","0.0000000000000","7045.645","98.093","674.320","660.700","PAYLOAD","LARGE","PRC","2013-07-19","TSC","","1618072","94948950","0 PAYLOAD A","1 39208U 13037A   14021.14828616  .00000196  00000-0  42545-4 0  9990","2 39208 098.0465 040.8477 0009665 133.5806 226.6227 14.67986249 27178"
"2.0","GENERATED VIA SPACE-TRACK.ORG API","2014-01-21T07:28:48","18 SPCS","PAYLOAD B","2013-037B","EARTH","TEME","UTC","SGP4","2014-01-21T04:16:48.391103","14.67358617","0.00058000","98.0460","40.6484","122.7908","237.3859","0","U","39209","999","2715","0.00008342600000","0.00000423","0.0000000000000","7047.654","98.135","673.607","665.431","PAYLOAD","LARGE","PRC","2013-07-19","TSC","","1618146","94950770","0 PAYLOAD B","1 39209U 13037B   14021.17833786  .00000423  00000-0  83426-4 0  9994","2 39209 098.0460 040.6484 0005800 122.7908 237.3859 14.67358617 27150"
"2.0","GENERATED VIA SPACE-TRACK.ORG API","2014-01-21T07:30:46","18 SPCS","PAYLOAD C","2013-037C","EARTH","TEME","UTC","SGP4","2014-01-21T04:21:32.600448","14.95261953","0.00341490","97.6862","40.5824","139.8152","220.5611","0","U","39210","999","2760","0.00003149700000","0.00000292","0.0000000000000","6959.701","96.304","605.332","557.799","PAYLOAD","LARGE","PRC","2013-07-19","TSC","","1618148","94950815","0 PAYLOAD C","1 39210U 13037C   14021.18162732  .00000292  00000-0  31497-4 0  9998","2 39210 097.6862 040.5824 0034149 139.8152 220.5611 14.95261953 27605"
"2.0","GENERATED VIA SPACE-TRACK.ORG API","2014-01-21T14:31:08","18 SPCS","PAYLOAD A","2013-037A","EARTH","TEME","UTC","SGP4","2014-01-21T10:06:08.477280","14.67986457","0.00096960","98.0464","41.1158","132.8272","227.3749","0","U","39208","999","2721","0.00004366600000","0.00000202","0.0000000000000","7045.644","98.093","674.341","660.678","PAYLOAD","LARGE","PRC","2013-07-19","TSC","","1618187","94951553","0 PAYLOAD A","1 39208U 13037A   14021.42093145  .00000202  00000-0  43666-4 0  9995","2 39208 098.0464 041.1158 0009696 132.8272 227.3749 14.67986457 27213"
"2.0","GENERATED VIA SPACE-TRACK.ORG API","2014-01-21T15:48:08","18 SPCS","PAYLOAD C","2013-037C","EARTH","TEME","UTC","SGP4","2014-01-21T12:23:21.840863","14.95262927","0.00341460","97.6863","40.9107","138.7008","221.6816","0","U","39210","999","2765","0.00004106800000","0.00000399","0.0000000000000","6959.698","96.304","605.327","557.798","PAYLOAD","LARGE","PRC","2013-07-19","TSC","","1618288","94953988","0 PAYLOAD C","1 39210U 13037C   14021.51622501  .00000399  00000-0  41068-4 0  9993","2 39210 097.6863 040.9107 0034146 138.7008 221.6816 14.95262927 27655"
"2.0","GENERATED VIA SPACE-TRACK.ORG API","2014-01-21T15:47:02","18 SPCS","PAYLOAD B","2013-037B","EARTH","TEME","UTC","SGP4","2014-01-21T12:27:46.727711","14.67358802","0.00058330","98.0461","40.9834","121.5929","238.5848","0","U","39209","999","2720","0.00007857900000","0.00000396","0.0000000000000","7047.653","98.135","673.629","665.408","PAYLOAD","LARGE","PRC","2013-07-19","TSC","","1618286","94953948","0 PAYLOAD B","1 39209U 13037B   14021.51929083  .00000396  00000-0  78579-4 0  9990","2 39209 098.0461 040.9834 0005833 121.5929 238.5848 14.67358802 27202"
"2.0","GENERATED VIA SPACE-TRACK.ORG API","2014-01-21T22:22:43","18 SPCS","PAYLOAD A","2013-037A","EARTH","TEME","UTC","SGP4","2014-01-21T18:16:54.278112","14.67986333","0.00097970","98.0464","41.4512","131.7697","228.4340","0","U","39208","999","2726","0.00004179300000","0.00000191","0.0000000000000","7045.645","98.093","674.412","660.607","PAYLOAD","LARGE","PRC","2013-07-19","TSC","","1618413","94954897","0 PAYLOAD A","1 39208U 13037A   14021.76173933  .00000191  00000-0  41793-4 0  9992","2 39208 098.0464 041.4512 0009797 131.7697 228.4340 14.67986333 27268"
"2.0","GENERATED VIA SPACE-TRACK.ORG API","2014-01-21T23:24:01","18 SPCS","PAYLOAD C","2013-037C","EARTH","TEME","UTC","SGP4","2014-01-21T20:25:11.138303","14.95262983","0.00341940","97.6861","41.2388","137.6067","222.7820","0","U","39210","999","2770","0.00003783000000","0.00000363","0.0000000000000","6959.698","96.304","605.361","557.765","PAYLOAD","LARGE","PRC","2013-07-19","TSC","","1618485","94956588","0 PAYLOAD C","1 39210U 13037C   14021.85082336  .00000363  00000-0  37830-4 0  9999","2 39210 097.6861 041.2388 0034194 137.6067 222.7820 14.95262983 27709"
"2.0","GENERATED VIA SPACE-TRACK.ORG API","2014-01-21T23:22:20","18 SPCS","PAYLOAD B","2013-037B","EARTH","TEME","UTC","SGP4","2014-01-21T20:38:45.140352","14.67358285","0.00058960","98.0458","41.3180","120.9929","239.1865","0","U","39209","999","2725","0.00005964400000","0.00000289","0.0000000000000","7047.655","98.135","673.675","665.365","PAYLOAD","LARGE","PRC","2013-07-19","TSC","","1618484","94956550","0 PAYLOAD B","1 39209U 13037B   14021.86024468  .00000289  00000-0  59644-4 0  9994","2 39209 098.0458 041.3180 0005896 120.9929 239.1865 14.67358285 27255"
"2.0","GENERATED VIA SPACE-TRACK.ORG API","2014-01-22T06:30:21","18 SPCS","PAYLOAD A","2013-037A","EARTH","TEME","UTC","SGP4","2014-01-22T02:27:39.996864","14.67987044","0.00098600","98.0463","41.7858","130.7886","229.4183","0","U","39208","999","2731","0.00005340900000","0.00000258","0.0000000000000","7045.643","98.093","674.455","660.561","PAYLOAD","LARGE","PRC","2013-07-19","TSC","","1618602","94957447","0 PAYLOAD A","1 39208U 13037A   14022.10254626  .00000258  00000-0  53409-4 0  9991","2 39208 098.0463 041.7858 0009860 130.7886 229.4183 14.67987044 27315"
"2.0","GENERATED VIA SPACE-TRACK.ORG API","2014-01-22T07:44:50","18 SPCS","PAYLOAD C","2013-037C","EARTH","TEME","UTC","SGP4","2014-01-22T04:27:00.352799","14.95263672","0.00341990","97.6860","41.5666","136.5211","223.8724","0","U","39210","999","2775","0.00004208300000","0.00000410","0.0000000000000","6959.695","96.304","605.362","557.759","PAYLOAD","LARGE","PRC","2013-07-19","TSC","","1618690","94959623","0 PAYLOAD C","1 39210U 13037C   14022.18542075  .00000410  00000-0  42083-4 0  9996","2 39210 097.6860 041.5666 0034199 136.5211 223.8724 14.95263672 27750"
"2.0","GENERATED VIA SPACE-TRACK.ORG API","2014-01-22T07:44:32","18 SPCS","PAYLOAD B","2013-037B","EARTH","TEME","UTC","SGP4","2014-01-22T04:49:43.427712","14.67359018","0.00058390","98.0460","41.6527","119.7131","240.4659","0","U","39209","999","2730","0.00007303700000","0.00000365","0.0000000000000","7047.653","98.135","673.633","665.403","PAYLOAD","LARGE","PRC","2013-07-19","TSC","","1618689","94959576","0 PAYLOAD B","1 39209U 13037B   14022.20119708  .00000365  00000-0  73037-4 0  9992","2 39209 098.0460 041.6527 0005839 119.7131 240.4659 14.67359018 27301"
"2.0","GENERATED VIA SPACE-TRACK.ORG API","2014-01-22T14:27:11","18 SPCS","PAYLOAD A","2013-037A","EARTH","TEME","UTC","SGP4","2014-01-22T10:38:25.694016","14.67987795","0.00099010","98.0469","42.1211","129.9739","230.2347","0","U","39208","999","2736","0.00007294900000","0.00000370","0.0000000000000","7045.640","98.093","674.481","660.529","PAYLOAD","LARGE","PRC","2013-07-19","TSC","","1618728","94960289","0 PAYLOAD A","1 39208U 13037A   14022.44335294  .00000370  00000-0  72949-4 0  9994","2 39208 098.0469 042.1211 0009901 129.9739 230.2347 14.67987795 27362"
"2.0","GENERATED VIA SPACE-TRACK.ORG API","2014-01-22T15:35:36","18 SPCS","PAYLOAD C","2013-037C","EARTH","TEME","UTC","SGP4","2014-01-22T12:28:49.563840","14.95264654","0.00341800","97.6863","41.8950","135.3159","225.0839","0","U","39210","999","2780","0.00005017700000","0.00000500","0.0000000000000","6959.692","96.304","605.346","557.769","PAYLOAD","LARGE","PRC","2013-07-19","TSC","","1618803","94962120","0 PAYLOAD C","1 39210U 13037C   14022.52001810  .00000500  00000-0  50177-4 0  9994","2 39210 097.6863 041.8950 0034180 135.3159 225.0839 14.95264654 27808"
"2.0","GENERATED VIA SPACE-TRACK.ORG API","2014-01-22T15:35:19","18 SPCS","PAYLOAD B","2013-037B","EARTH","TEME","UTC","SGP4","2014-01-22T13:00:41.736671","14.67359366","0.00059730","98.0462","41.9874","118.7526","241.4269","0","U","39209","999","2735","0.00007678800000","0.00000386","0.0000000000000","7047.652","98.135","673.726","665.307","PAYLOAD","LARGE","PRC","2013-07-19","TSC","","1618802","94962090","0 PAYLOAD B","1 39209U 13037B   14022.54214973  .00000386  00000-0  76788-4 0  9998","2 39209 098.0462 041.9874 0005973 118.7526 241.4269 14.67359366 27356"
"2.0","GENERATED VIA SPACE-TRACK.ORG API","2014-01-22T22:27:29","18 SPCS","PAYLOAD A","2013-037A","EARTH","TEME","UTC","SGP4","2014-01-22T20:27:20.547360","14.67988198","0.00098990","98.0469","42.5231","128.6724","231.5371","0","U","39208","999","2742","0.00007453700000","0.00000379","0.0000000000000","7045.639","98.093","674.478","660.529","PAYLOAD","LARGE","PRC","2013-07-19","TSC","","1618877","94963015","0 PAYLOAD A","1 39208U 13037A   14022.85232115  .00000379  00000-0  74537-4 0  9991","2 39208 098.0469 042.5231 0009899 128.6724 231.5371 14.67988198 27420"
"2.0","GENERATED VIA SPACE-TRACK.ORG API","2014-01-22T23:39:34","18 SPCS","PAYLOAD C","2013-037C","EARTH","TEME","UTC","SGP4","2014-01-22T20:30:38.812032","14.95265126","0.00343890","97.6863","42.2229","134.1769","226.2302","0","U","39210","999","2785","0.00005269100000","0.00000528","0.0000000000000","6959.691","96.303","605.490","557.622","PAYLOAD","LARGE","PRC","2013-07-19","TSC","","1618967","94965040","0 PAYLOAD C","1 39210U 13037C   14022.85461588  .00000528  00000-0  52691-4 0  9995","2 39210 097.6863 042.2229 0034389 134.1769 226.2302 14.95265126 27855"
"2.0","GENERATED VIA SPACE-TRACK.ORG API","2014-01-22T23:39:16","18 SPCS","PAYLOAD B","2013-037B","EARTH","TEME","UTC","SGP4","2014-01-22T21:11:40.166591","14.67358890","0.00058520","98.0460","42.3227","117.0287","243.1527","0","U","39209","999","2740","0.00005874600000","0.00000284","0.0000000000000","7047.653","98.135","673.642","665.394","PAYLOAD","LARGE","PRC","2013-07-19","TSC","","1618966","94965002","0 PAYLOAD B","1 39209U 13037B   14022.88310378  .00000284  00000-0  58746-4 0  9992","2 39209 098.0460 042.3227 0005852 117.0287 243.1527 14.67358890 27406"
"2.0","GENERATED VIA SPACE-TRACK.ORG API","2014-01-23T08:09:58","18 SPCS","PAYLOAD C","2013-037C","EARTH","TEME","UTC","SGP4","2014-01-23T04:32:27.990240","14.95265734","0.00343590","97.6861","42.5510","133.0315","227.3795","0","U","39210","999","2790","0.00005442100000","0.00000547","0.0000000000000","6959.689","96.303","605.467","557.641","PAYLOAD","LARGE","PRC","2013-07-19","TSC","","1619173","94967695","0 PAYLOAD C","1 39210U 13037C   14023.18921285  .00000547  00000-0  54421-4 0  9991","2 39210 097.6861 042.5510 0034359 133.0315 227.3795 14.95265734 27900"
"2.0","GENERATED VIA SPACE-TRACK.ORG API","2014-01-23T06:44:02","18 SPCS","PAYLOAD A","2013-037A","EARTH","TEME","UTC","SGP4","2014-01-23T04:38:06.287712","14.67987905","0.00099190","98.0470","42.8593","127.9578","232.2524","0","U","39208","999","2747","0.00005800200000","0.00000284","0.0000000000000","7045.640","98.093","674.493","660.516","PAYLOAD","LARGE","PRC","2013-07-19","TSC","","1619102","94965961","0 PAYLOAD A","1 39208U 13037A   14023.19312833  .00000284  00000-0  58002-4 0  9999","2 39208 098.0470 042.8593 0009919 127.9578 232.2524 14.67987905 27476"
"2.0","GENERATED VIA SPACE-TRACK.ORG API","2014-01-23T08:08:34","18 SPCS","PAYLOAD B","2013-037B","EARTH","TEME","UTC","SGP4","2014-01-23T05:22:38.433215","14.67359431","0.00058420","98.0459","42.6575","116.6454","243.5363","0","U","39209","999","2745","0.00006328600000","0.00000310","0.0000000000000","7047.651","98.135","673.634","665.399","PAYLOAD","LARGE","PRC","2013-07-19","TSC","","1619172","94967662","0 PAYLOAD B","1 39209U 13037B   14023.22405594  .00000310  00000-0  63286-4 0  9991","2 39209 098.0459 042.6575 0005842 116.6454 243.5363 14.67359431 27452"
"2.0","GENERATED VIA SPACE-TRACK.ORG API","2014-01-23T12:26:23","18 SPCS","PAYLOAD A","2013-037A","EARTH","TEME","UTC","SGP4","2014-01-23T06:16:15.433535","14.67987941","0.00099320","98.0472","42.9263","127.6660","232.5445","0","U","39208","999","2748","0.00005847500000","0.00000287","0.0000000000000","7045.640","98.093","674.502","660.507","PAYLOAD","LARGE","PRC","2013-07-19","TSC","","1619205","94968197","0 PAYLOAD A","1 39208U 13037A   14023.26128974  .00000287  00000-0  58475-4 0  9995","2 39208 098.0472 042.9263 0009932 127.6660 232.5445 14.67987941 27483"
"2.0","GENERATED VIA SPACE-TRACK.ORG API","2014-01-23T13:21:51","18 SPCS","PAYLOAD B","2013-037B","EARTH","TEME","UTC","SGP4","2014-01-23T08:39:01.736927","14.67359624","0.00058410","98.0459","42.7915","116.2316","243.9495","0","U","39209","999","2747","0.00006557000000","0.00000323","0.0000000000000","7047.651","98.135","673.632","665.399","PAYLOAD","LARGE","PRC","2013-07-19","TSC","","1619267","94969710","0 PAYLOAD B","1 39209U 13037B   14023.36043677  .00000323  00000-0  65570-4 0  9998","2 39209 098.0459 042.7915 0005841 116.2316 243.9495 14.67359624 27479"
"2.0","GENERATED VIA SPACE-TRACK.ORG API","2014-01-23T13:23:25","18 SPCS","PAYLOAD C","2013-037C","EARTH","TEME","UTC","SGP4","2014-01-23T09:21:33.514272","14.95266149","0.00343840","97.6862","42.7479","132.3497","228.0659","0","U","39210","999","2793","0.00005582800000","0.00000563","0.0000000000000","6959.688","96.303","605.483","557.623","PAYLOAD","LARGE","PRC","2013-07-19","TSC","","1619269","94969745","0 PAYLOAD C","1 39210U 13037C   14023.38997123  .00000563  00000-0  55828-4 0  9997","2 39210 097.6862 042.7479 0034384 132.3497 228.0659 14.95266149 27939"
"2.0","GENERATED VIA SPACE-TRACK.ORG API","2014-01-23T15:56:47","18 SPCS","PAYLOAD A","2013-037A","EARTH","TEME","UTC","SGP4","2014-01-23T14:27:01.914335","14.67987657","0.00097290","98.0493","43.2633","127.8982","232.3600","0","U","39208","999","2753","0.00007242000000","0.00000415","0.0000000000000","7045.641","98.093","674.360","660.651","PAYLOAD","LARGE","PRC","2013-07-19","TSC","","1619321","94970476","0 PAYLOAD A","1 39208U 13037A   14023.60210549  .00000415  00000-0  72420-4 0  9992","2 39208 098.0493 043.2633 0009729 127.8982 232.3600 14.67987657 27535"
"2.0","GENERATED VIA SPACE-TRACK.ORG API","2014-01-23T23:21:18","18 SPCS","PAYLOAD A","2013-037A","EARTH","TEME","UTC","SGP4","2014-01-23T19:21:28.594080","14.67987596","0.00100120","98.0471","43.4625","125.9825","234.2275","0","U","39208","999","2756","0.00003882600000","0.00000174","0.0000000000000","7045.641","98.093","674.560","660.452","PAYLOAD","LARGE","PRC","2013-07-19","TSC","","1619432","94971849","0 PAYLOAD A","1 39208U 13037A   14023.80658095  .00000174  00000-0  38826-4 0  9990","2 39208 098.0471 043.4625 0010012 125.9825 234.2275 14.67987596 27560"
"2.0","GENERATED VIA SPACE-TRACK.ORG API","2014-01-24T00:32:45","18 SPCS","PAYLOAD C","2013-037C","EARTH","TEME","UTC","SGP4","2014-01-23T20:36:06.321600","14.95267715","0.00347830","97.6865","43.2079","130.9353","229.4919","0","U","39210","999","2800","0.00006822900000","0.00000701","0.0000000000000","6959.683","96.303","605.756","557.340","PAYLOAD","LARGE","PRC","2013-07-19","TSC","","1619523","94973955","0 PAYLOAD C","1 39210U 13037C   14023.85840650  .00000701  00000-0  68229-4 0  9994","2 39210 097.6865 043.2079 0034783 130.9353 229.4919 14.95267715 28005"
"2.0","GENERATED VIA SPACE-TRACK.ORG API","2014-01-24T00:31:11","18 SPCS","PAYLOAD B","2013-037B","EARTH","TEME","UTC","SGP4","2014-01-23T21:44:35.030400","14.67360236","0.00059550","98.0461","43.3281","115.0944","245.0894","0","U","39209","999","2755","0.00007243800000","0.00000361","0.0000000000000","7047.649","98.135","673.711","665.317","PAYLOAD","LARGE","PRC","2013-07-19","TSC","","1619521","94973911","0 PAYLOAD B","1 39209U 13037B   14023.90596100  .00000361  00000-0  72438-4 0  9995","2 39209 098.0461 043.3281 0005955 115.0944 245.0894 14.67360236 27551"
"2.0","GENERATED VIA SPACE-TRACK.ORG API","2014-01-24T06:15:58","18 SPCS","PAYLOAD A","2013-037A","EARTH","TEME","UTC","SGP4","2014-01-24T03:32:14.280000","14.67988432","0.00099910","98.0470","43.7976","125.6925","234.5214","0","U","39208","999","2761","0.00005291400000","0.00000255","0.0000000000000","7045.638","98.093","674.542","660.464","PAYLOAD","LARGE","PRC","2013-07-19","TSC","","1619566","94974275","0 PAYLOAD A","1 39208U 13037A   14024.14738750  .00000255  00000-0  52914-4 0  9999","2 39208 098.0470 043.7976 0009991 125.6925 234.5214 14.67988432 27615"
"2.0","GENERATED VIA SPACE-TRACK.ORG API","2014-01-24T06:38:28","18 SPCS","PAYLOAD B","2013-037B","EARTH","TEME","UTC","SGP4","2014-01-24T04:17:21.611903","14.67360670","0.00059260","98.0460","43.5958","114.5128","245.6698","0","U","39209","999","2759","0.00007562600000","0.00000379","0.0000000000000","7047.647","98.135","673.689","665.336","PAYLOAD","LARGE","PRC","2013-07-19","TSC","","1619593","94974814","0 PAYLOAD B","1 39209U 13037B   14024.17872236  .00000379  00000-0  75626-4 0  9993","2 39209 098.0460 043.5958 0005926 114.5128 245.6698 14.67360670 27593"
"2.0","GENERATED VIA SPACE-TRACK.ORG API","2014-01-24T06:38:28","18 SPCS","PAYLOAD C","2013-037C","EARTH","TEME","UTC","SGP4","2014-01-24T04:37:55.400448","14.95268671","0.00347560","97.6866","43.5357","129.8943","230.5345","0","U","39210","999","2805","0.00007392400000","0.00000765","0.0000000000000","6959.680","96.303","605.734","557.356","PAYLOAD","LARGE","PRC","2013-07-19","TSC","","1619593","94974827","0 PAYLOAD C","1 39210U 13037C   14024.19300232  .00000765  00000-0  73924-4 0  9997","2 39210 097.6866 043.5357 0034756 129.8943 230.5345 14.95268671 28053"
"2.0","GENERATED VIA SPACE-TRACK.ORG API","2014-01-24T14:15:51","18 SPCS","PAYLOAD A","2013-037A","EARTH","TEME","UTC","SGP4","2014-01-24T11:42:59.978016","14.67989029","0.00099860","98.0473","44.1330","124.6348","235.5808","0","U","39208","999","2766","0.00006595400000","0.00000330","0.0000000000000","7045.636","98.093","674.537","660.465","PAYLOAD","LARGE","PRC","2013-07-19","TSC","","1619625","94974961","0 PAYLOAD A","1 39208U 13037A   14024.48819419  .00000330  00000-0  65954-4 0  9990","2 39208 098.0473 044.1330 0009986 124.6348 235.5808 14.67989029 27667"
"2.0","GENERATED VIA SPACE-TRACK.ORG API","2014-01-24T14:41:48","18 SPCS","PAYLOAD B","2013-037B","EARTH","TEME","UTC","SGP4","2014-01-24T12:28:19.882847","14.67360938","0.00059650","98.0465","43.9312","113.6085","246.5740","0","U","39209","999","2764","0.00007555500000","0.00000379","0.0000000000000","7047.647","98.135","673.716","665.308","PAYLOAD","LARGE","PRC","2013-07-19","TSC","","1619651","94975594","0 PAYLOAD B","1 39209U 13037B   14024.51967457  .00000379  00000-0  75555-4 0  9992","2 39209 098.0465 043.9312 0005965 113.6085 246.5740 14.67360938 27642"
"2.0","GENERATED VIA SPACE-TRACK.ORG API","2014-01-24T14:41:48","18 SPCS","PAYLOAD C","2013-037C","EARTH","TEME","UTC","SGP4","2014-01-24T12:39:44.530272","14.95269367","0.00348040","97.6867","43.8641","128.7731","231.6611","0","U","39210","999","2810","0.00007511000000","0.00000778","0.0000000000000","6959.678","96.303","605.765","557.320","PAYLOAD","LARGE","PRC","2013-07-19","TSC","","1619651","94975609","0 PAYLOAD C","1 39210U 13037C   14024.52759873  .00000778  00000-0  75110-4 0  9996","2 39210 097.6867 043.8641 0034804 128.7731 231.6611 14.95269367 28107"
"2.0","GENERATED VIA SPACE-TRACK.ORG API","2014-01-24T22:16:01","18 SPCS","PAYLOAD A","2013-037A","EARTH","TEME","UTC","SGP4","2014-01-24T19:53:45.763296","14.67987649","0.00100080","98.0473","44.4678","123.7926","236.4219","0","U","39208","999","2771","0.00002140800000","0.00000074","0.0000000000000","7045.641","98.093","674.557","660.454","PAYLOAD","LARGE","PRC","2013-07-19","TSC","","1619707","94976007","0 PAYLOAD A","1 39208U 13037A   14024.82900189  .00000074  00000-0  21408-4 0  9994","2 39208 098.0473 044.4678 0010008 123.7926 236.4219 14.67987649 27712"
"2.0","GENERATED VIA SPACE-TRACK.ORG API","2014-01-24T22:38:07","18 SPCS","PAYLOAD B","2013-037B","EARTH","TEME","UTC","SGP4","2014-01-24T20:39:18.223775","14.67360628","0.00059900","98.0464","44.2661","112.7919","247.3924","0","U","39209","999","2769","0.00005887900000","0.00000285","0.0000000000000","7047.648","98.135","673.734","665.291","PAYLOAD","LARGE","PRC","2013-07-19","TSC","","1619728","94976483","0 PAYLOAD B","1 39209U 13037B   14024.86062759  .00000285  00000-0  58879-4 0  9997","2 39209 098.0464 044.2661 0005990 112.7919 247.3924 14.67360628 27690"
"2.0","GENERATED VIA SPACE-TRACK.ORG API","2014-01-24T22:38:07","18 SPCS","PAYLOAD C","2013-037C","EARTH","TEME","UTC","SGP4","2014-01-24T20:41:33.660960","14.95270594","0.00348220","97.6868","44.1922","127.6188","232.8225","0","U","39210","999","2815","0.00008457000000","0.00000884","0.0000000000000","6959.674","96.303","605.774","557.304","PAYLOAD","LARGE","PRC","2013-07-19","TSC","","1619728","94976497","0 PAYLOAD C","1 39210U 13037C   14024.86219515  .00000884  00000-0  84570-4 0  9995","2 39210 097.6868 044.1922 0034822 127.6188 232.8225 14.95270594 28151"
"2.0","GENERATED VIA SPACE-TRACK.ORG API","2014-01-25T06:21:15","18 SPCS","PAYLOAD A","2013-037A","EARTH","TEME","UTC","SGP4","2014-01-25T04:04:31.513152","14.67988008","0.00099900","98.0474","44.8028","122.6340","237.5835","0","U","39208","999","2776","0.00003281500000","0.00000140","0.0000000000000","7045.639","98.093","674.543","660.466","PAYLOAD","LARGE","PRC","2013-07-19","TSC","","1619792","94976761","0 PAYLOAD A","1 39208U 13037A   14025.16980918  .00000140  00000-0  32815-4 0  9998","2 39208 098.0474 044.8028 0009990 122.6340 237.5835 14.67988008 27763"
"2.0","GENERATED VIA SPACE-TRACK.ORG API","2014-01-25T07:13:19","18 SPCS","PAYLOAD C","2013-037C","EARTH","TEME","UTC","SGP4","2014-01-25T04:43:22.678464","14.95271798","0.00348550","97.6868","44.5202","126.6128","233.8316","0","U","39210","999","2820","0.00009085500000","0.00000954","0.0000000000000","6959.670","96.303","605.793","557.277","PAYLOAD","LARGE","PRC","2013-07-19","TSC","","1619841","94977864","0 PAYLOAD C","1 39210U 13037C   14025.19679026  .00000954  00000-0  90855-4 0  9990","2 39210 097.6868 044.5202 0034855 126.6128 233.8316 14.95271798 28200"
"2.0","GENERATED VIA SPACE-TRACK.ORG API","2014-01-25T07:10:25","18 SPCS","PAYLOAD B","2013-037B","EARTH","TEME","UTC","SGP4","2014-01-25T04:50:16.467071","14.67361582","0.00059550","98.0465","44.6010","112.1229","248.0626","0","U","39209","999","2774","0.00007926000000","0.00000400","0.0000000000000","7047.645","98.135","673.706","665.313","PAYLOAD","LARGE","PRC","2013-07-19","TSC","","1619840","94977839","0 PAYLOAD B","1 39209U 13037B   14025.20157948  .00000400  00000-0  79260-4 0  9997","2 39209 098.0465 044.6010 0005955 112.1229 248.0626 14.67361582 27745"
"2.0","GENERATED VIA SPACE-TRACK.ORG API","2014-01-25T14:51:41","18 SPCS","PAYLOAD A","2013-037A","EARTH","TEME","UTC","SGP4","2014-01-25T12:15:17.211167","14.67988475","0.00100090","98.0476","45.1383","121.5423","238.6763","0","U","39208","999","2781","0.00004422600000","0.00000205","0.0000000000000","7045.638","98.093","674.555","660.451","PAYLOAD","LARGE","PRC","2013-07-19","TSC","","1619921","94979262","0 PAYLOAD A","1 39208U 13037A   14025.51061587  .00000205  00000-0  44226-4 0  9990","2 39208 098.0476 045.1383 0010009 121.5423 238.6763 14.67988475 27812"
"2.0","GENERATED VIA SPACE-TRACK.ORG API","2014-01-25T17:39:28","18 SPCS","PAYLOAD C","2013-037C","EARTH","TEME","UTC","SGP4","2014-01-25T12:45:11.695104","14.95273313","0.00348900","97.6872","44.8485","125.4989","234.9496","0","U","39210","999","2825","0.00010350000000","0.00001095","0.0000000000000","6959.665","96.303","605.813","557.248","PAYLOAD","LARGE","PRC","2013-07-19","TSC","","1620131","94984447","0 PAYLOAD C","1 39210U 13037C   14025.53138536  .00001095  00000-0  10350-3 0  9992","2 39210 097.6872 044.8485 0034890 125.4989 234.9496 14.95273313 28253"
"2.0","GENERATED VIA SPACE-TRACK.ORG API","2014-01-25T17:36:18","18 SPCS","PAYLOAD B","2013-037B","EARTH","TEME","UTC","SGP4","2014-01-25T13:01:14.690496","14.67361649","0.00059960","98.0467","44.9360","111.8557","248.3277","0","U","39209","999","2779","0.00007169400000","0.00000357","0.0000000000000","7047.644","98.135","673.735","665.284","PAYLOAD","LARGE","PRC","2013-07-19","TSC","","1620128","94984386","0 PAYLOAD B","1 39209U 13037B   14025.54253114  .00000357  00000-0  71694-4 0  9990","2 39209 098.0467 044.9360 0005996 111.8557 248.3277 14.67361649 27797"
"2.0","GENERATED VIA SPACE-TRACK.ORG API","2014-01-25T22:34:32","18 SPCS","PAYLOAD A","2013-037A","EARTH","TEME","UTC","SGP4","2014-01-25T20:26:02.874623","14.67988130","0.00100520","98.0474","45.4737","121.0876","239.1304","0","U","39208","999","2786","0.00001898300000","0.00000061","0.0000000000000","7045.639","98.093","674.586","660.422","PAYLOAD","LARGE","PRC","2013-07-19","TSC","","1620223","94985841","0 PAYLOAD A","1 39208U 13037A   14025.85142216  .00000061  00000-0  18983-4 0  9997","2 39208 098.0474 045.4737 0010052 121.0876 239.1304 14.67988130 27861"
"2.0","GENERATED VIA SPACE-TRACK.ORG API","2014-01-25T23:47:02","18 SPCS","PAYLOAD C","2013-037C","EARTH","TEME","UTC","SGP4","2014-01-25T20:47:00.762719","14.95274639","0.00349550","97.6874","45.1767","124.3467","236.1095","0","U","39210","999","2830","0.00011348000000","0.00001206","0.0000000000000","6959.661","96.303","605.854","557.199","PAYLOAD","LARGE","PRC","2013-07-19","TSC","","1620310","94987886","0 PAYLOAD C","1 39210U 13037C   14025.86598105  .00001206  00000-0  11348-3 0  9992","2 39210 097.6874 045.1767 0034955 124.3467 236.1095 14.95274639 28300"
"2.0","GENERATED VIA SPACE-TRACK.ORG API","2014-01-25T23:45:21","18 SPCS","PAYLOAD B","2013-037B","EARTH","TEME","UTC","SGP4","2014-01-25T21:12:12.995999","14.67362240","0.00059690","98.0469","45.2711","110.1319","250.0538","0","U","39209","999","2784","0.00008760200000","0.00000447","0.0000000000000","7047.642","98.135","673.714","665.301","PAYLOAD","LARGE","PRC","2013-07-19","TSC","","1620308","94987832","0 PAYLOAD B","1 39209U 13037B   14025.88348375  .00000447  00000-0  87602-4 0  9997","2 39209 098.0469 045.2711 0005969 110.1319 250.0538 14.67362240 27845"
"2.0","GENERATED VIA SPACE-TRACK.ORG API","2014-01-26T06:34:02","18 SPCS","PAYLOAD A","2013-037A","EARTH","TEME","UTC","SGP4","2014-01-26T04:36:48.607200","14.67988041","0.00100730","98.0474","45.8087","120.1981","240.0222","0","U","39208","999","2791","0.00001103300000","0.00000015","0.0000000000000","7045.639","98.093","674.601","660.407","PAYLOAD","LARGE","PRC","2013-07-19","TSC","","1620396","94988482","0 PAYLOAD A","1 39208U 13037A   14026.19222925  .00000015  00000-0  11033-4 0  9999","2 39208 098.0474 045.8087 0010073 120.1981 240.0222 14.67988041 27910"
"2.0","GENERATED VIA SPACE-TRACK.ORG API","2014-01-26T08:14:40","18 SPCS","PAYLOAD C","2013-037C","EARTH","TEME","UTC","SGP4","2014-01-26T04:48:49.702464","14.95275908","0.00349510","97.6876","45.5048","123.2718","237.1863","0","U","39210","999","2835","0.00011844000000","0.00001261","0.0000000000000","6959.657","96.303","605.847","557.198","PAYLOAD","LARGE","PRC","2013-07-19","TSC","","1620466","94990093","0 PAYLOAD C","1 39210U 13037C   14026.20057526  .00001261  00000-0  11844-3 0  9990","2 39210 097.6876 045.5048 0034951 123.2718 237.1863 14.95275908 28350"
"2.0","GENERATED VIA SPACE-TRACK.ORG API","2014-01-26T08:12:16","18 SPCS","PAYLOAD B","2013-037B","EARTH","TEME","UTC","SGP4","2014-01-26T05:23:11.206463","14.67362782","0.00059720","98.0469","45.6062","109.4799","250.7058","0","U","39209","999","2789","0.00008970200000","0.00000459","0.0000000000000","7047.641","98.135","673.715","665.297","PAYLOAD","LARGE","PRC","2013-07-19","TSC","","1620465","94990058","0 PAYLOAD B","1 39209U 13037B   14026.22443526  .00000459  00000-0  89702-4 0  9996","2 39209 098.0469 045.6062 0005972 109.4799 250.7058 14.67362782 27895"
"2.0","GENERATED VIA SPACE-TRACK.ORG API","2014-01-26T14:40:35","18 SPCS","PAYLOAD A","2013-037A","EARTH","TEME","UTC","SGP4","2014-01-26T11:09:25.182720","14.67989307","0.00101800","98.0474","46.0768","119.8788","240.3500","0","U","39208","999","2795","0.00004285300000","0.00000197","0.0000000000000","7045.635","98.093","674.673","660.328","PAYLOAD","LARGE","PRC","2013-07-19","TSC","","1620502","94990803","0 PAYLOAD A","1 39208U 13037A   14026.46487480  .00000197  00000-0  42853-4 0  9993","2 39208 098.0474 046.0768 0010180 119.8788 240.3500 14.67989307 27950"
"2.0","GENERATED VIA SPACE-TRACK.ORG API","2014-01-26T16:30:45","18 SPCS","PAYLOAD C","2013-037C","EARTH","TEME","UTC","SGP4","2014-01-26T12:50:38.682815","14.95277405","0.00350200","97.6879","45.8334","122.1130","238.3513","0","U","39210","999","2840","0.00012866000000","0.00001375","0.0000000000000","6959.653","96.303","605.891","557.145","PAYLOAD","LARGE","PRC","2013-07-19","TSC","","1620606","94993226","0 PAYLOAD C","1 39210U 13037C   14026.53516994  .00001375  00000-0  12866-3 0  9996","2 39210 097.6879 045.8334 0035020 122.1130 238.3513 14.95277405 28403"
"2.0","GENERATED VIA SPACE-TRACK.ORG API","2014-01-26T16:29:22","18 SPCS","PAYLOAD B","2013-037B","EARTH","TEME","UTC","SGP4","2014-01-26T13:34:09.428160","14.67362981","0.00060130","98.0470","45.9413","109.1129","251.0725","0","U","39209","999","2794","0.00008422400000","0.00000428","0.0000000000000","7047.640","98.135","673.743","665.267","PAYLOAD","LARGE","PRC","2013-07-19","TSC","","1620604","94993181","0 PAYLOAD B","1 39209U 13037B   14026.56538690  .00000428  00000-0  84224-4 0  9990","2 39209 098.0470 045.9413 0006013 109.1129 251.0725 14.67362981 27943"
"2.0","GENERATED VIA SPACE-TRACK.ORG API","2014-01-26T22:25:17","18 SPCS","PAYLOAD A","2013-037A","EARTH","TEME","UTC","SGP4","2014-01-26T19:20:10.743360","14.67990219","0.00100970","98.0479","46.4123","118.5973","241.6247","0","U","39208","999","2800","0.00008090600000","0.00000416","0.0000000000000","7045.632","98.093","674.611","660.383","PAYLOAD","LARGE","PRC","2013-07-19","TSC","","1620723","94994229","0 PAYLOAD A","1 39208U 13037A   14026.80567990  .00000416  00000-0  80906-4 0  9991","2 39208 098.0479 046.4123 0010097 118.5973 241.6247 14.67990219 28006"
"2.0","GENERATED VIA SPACE-TRACK.ORG API","2014-01-26T23:29:33","18 SPCS","PAYLOAD C","2013-037C","EARTH","TEME","UTC","SGP4","2014-01-26T20:52:27.626016","14.95278492","0.00350620","97.6880","46.1618","121.0623","239.4054","0","U","39210","999","2845","0.00013241000000","0.00001417","0.0000000000000","6959.649","96.303","605.916","557.112","PAYLOAD","LARGE","PRC","2013-07-19","TSC","","1620804","94996042","0 PAYLOAD C","1 39210U 13037C   14026.86976419  .00001417  00000-0  13241-3 0  9999","2 39210 097.6880 046.1618 0035062 121.0623 239.4054 14.95278492 28459"
"2.0","GENERATED VIA SPACE-TRACK.ORG API","2014-01-26T23:28:34","18 SPCS","PAYLOAD B","2013-037B","EARTH","TEME","UTC","SGP4","2014-01-26T21:45:07.692192","14.67363208","0.00060350","98.0471","46.2762","108.0330","252.1534","0","U","39209","999","2799","0.00008436700000","0.00000429","0.0000000000000","7047.639","98.135","673.758","665.251","PAYLOAD","LARGE","PRC","2013-07-19","TSC","","1620803","94996011","0 PAYLOAD B","1 39209U 13037B   14026.90633903  .00000429  00000-0  84367-4 0  9990","2 39209 098.0471 046.2762 0006035 108.0330 252.1534 14.67363208 27999"
"2.0","GENERATED VIA SPACE-TRACK.ORG API","2014-01-27T06:24:05","18 SPCS","PAYLOAD A","2013-037A","EARTH","TEME","UTC","SGP4","2014-01-27T03:30:56.343744","14.67991096","0.00101090","98.0477","46.7477","118.0171","242.2055","0","U","39208","999","2805","0.00009463600000","0.00000494","0.0000000000000","7045.630","98.093","674.617","660.372","PAYLOAD","LARGE","PRC","2013-07-19","TSC","","1620971","94996737","0 PAYLOAD A","1 39208U 13037A   14027.14648546  .00000494  00000-0  94636-4 0  9997","2 39208 098.0477 046.7477 0010109 118.0171 242.2055 14.67991096 28051"
"2.0","GENERATED VIA SPACE-TRACK.ORG API","2014-01-27T07:09:11","18 SPCS","PAYLOAD B","2013-037B","EARTH","TEME","UTC","SGP4","2014-01-27T04:17:54.271968","14.67363378","0.00060410","98.0470","46.5441","107.1796","253.0070","0","U","39209","999","2803","0.00007833400000","0.00000395","0.0000000000000","7047.639","98.135","673.761","665.246","PAYLOAD","LARGE","PRC","2013-07-19","TSC","","1621026","94998108","0 PAYLOAD B","1 39209U 13037B   14027.17910037  .00000395  00000-0  78334-4 0  9995","2 39209 098.0470 046.5441 0006041 107.1796 253.0070 14.67363378 28037"
"2.0","GENERATED VIA SPACE-TRACK.ORG API","2014-01-27T07:10:41","18 SPCS","PAYLOAD C","2013-037C","EARTH","TEME","UTC","SGP4","2014-01-27T04:54:16.491456","14.95280500","0.00350760","97.6882","46.4899","120.0451","240.4266","0","U","39210","999","2850","0.00015018000000","0.00001615","0.0000000000000","6959.643","96.303","605.920","557.097","PAYLOAD","LARGE","PRC","2013-07-19","TSC","","1621027","94998138","0 PAYLOAD C","1 39210U 13037C   14027.20435754  .00001615  00000-0  15018-3 0  9994","2 39210 097.6882 046.4899 0035076 120.0451 240.4266 14.95280500 28504"
"2.0","GENERATED VIA SPACE-TRACK.ORG API","2014-01-27T14:33:36","18 SPCS","PAYLOAD A","2013-037A","EARTH","TEME","UTC","SGP4","2014-01-27T11:41:42.000288","14.67991598","0.00100820","98.0478","47.0827","116.7717","243.4519","0","U","39208","999","2810","0.00010178000000","0.00000535","0.0000000000000","7045.628","98.093","674.596","660.390","PAYLOAD","LARGE","PRC","2013-07-19","TSC","","1621064","94998914","0 PAYLOAD A","1 39208U 13037A   14027.48729167  .00000535  00000-0  10178-3 0  9997","2 39208 098.0478 047.0827 0010082 116.7717 243.4519 14.67991598 28107"
"2.0","GENERATED VIA SPACE-TRACK.ORG API","2014-01-27T16:14:37","18 SPCS","PAYLOAD B","2013-037B","EARTH","TEME","UTC","SGP4","2014-01-27T12:28:52.496255","14.67363563","0.00060560","98.0474","46.8791","106.4212","253.7649","0","U","39209","999","2808","0.00007684900000","0.00000386","0.0000000000000","7047.638","98.135","673.771","665.235","PAYLOAD","LARGE","PRC","2013-07-19","TSC","","1621188","95001829","0 PAYLOAD B","1 39209U 13037B   14027.52005204  .00000386  00000-0  76849-4 0  9994","2 39209 098.0474 046.8791 0006056 106.4212 253.7649 14.67363563 28083"
"2.0","GENERATED VIA SPACE-TRACK.ORG API","2014-01-27T16:00:14","18 SPCS","PAYLOAD C","2013-037C","EARTH","TEME","UTC","SGP4","2014-01-27T12:56:05.370720","14.95281468","0.00351270","97.6882","46.8181","118.9513","241.5234","0","U","39210","999","2855","0.00014629000000","0.00001572","0.0000000000000","6959.640","96.302","605.952","557.058","PAYLOAD","LARGE","PRC","2013-07-19","TSC","","1621169","95001377","0 PAYLOAD C","1 39210U 13037C   14027.53895105  .00001572  00000-0  14629-3 0  9999","2 39210 097.6882 046.8181 0035127 118.9513 241.5234 14.95281468 28550"
"2.0","GENERATED VIA SPACE-TRACK.ORG API","2014-01-27T22:39:03","18 SPCS","PAYLOAD A","2013-037A","EARTH","TEME","UTC","SGP4","2014-01-27T19:52:27.799391","14.67990531","0.00104440","98.0474","47.4176","117.0138","243.2157","0","U","39208","999","2815","0.00007001200000","0.00000353","0.0000000000000","7045.631","98.093","674.855","660.138","PAYLOAD","LARGE","PRC","2013-07-19","TSC","","1621287","95002617","0 PAYLOAD A","1 39208U 13037A   14027.82809953  .00000353  00000-0  70012-4 0  9999","2 39208 098.0474 047.4176 0010444 117.0138 243.2157 14.67990531 28154"
"2.0","GENERATED VIA SPACE-TRACK.ORG API","2014-01-28T01:07:33","18 SPCS","PAYLOAD B","2013-037B","EARTH","TEME","UTC","SGP4","2014-01-27T20:39:50.804352","14.67362883","0.00060930","98.0471","47.2142","105.8628","254.3253","0","U","39209","999","2813","0.00004625100000","0.00000213","0.0000000000000","7047.640","98.135","673.800","665.211","PAYLOAD","LARGE","PRC","2013-07-19","TSC","","1621432","95005463","0 PAYLOAD B","1 39209U 13037B   14027.86100468  .00000213  00000-0  46251-4 0  9992","2 39209 098.0471 047.2142 0006093 105.8628 254.3253 14.67362883 28138"
"2.0","GENERATED VIA SPACE-TRACK.ORG API","2014-01-28T01:09:48","18 SPCS","PAYLOAD C","2013-037C","EARTH","TEME","UTC","SGP4","2014-01-27T20:57:54.293184","14.95282908","0.00351060","97.6881","47.1463","117.7770","242.7043","0","U","39210","999","2860","0.00015473000000","0.00001666","0.0000000000000","6959.636","96.302","605.933","557.068","PAYLOAD","LARGE","PRC","2013-07-19","TSC","","1621435","95005513","0 PAYLOAD C","1 39210U 13037C   14027.87354506  .00001666  00000-0  15473-3 0  9993","2 39210 097.6881 047.1463 0035106 117.7770 242.7043 14.95282908 28602"
"2.0","GENERATED VIA SPACE-TRACK.ORG API","2014-01-28T06:29:06","18 SPCS","PAYLOAD A","2013-037A","EARTH","TEME","UTC","SGP4","2014-01-28T04:03:13.381631","14.67991777","0.00103590","98.0472","47.7528","115.3435","244.8842","0","U","39208","999","2820","0.00010304000000","0.00000542","0.0000000000000","7045.627","98.093","674.791","660.194","PAYLOAD","LARGE","PRC","2013-07-19","TSC","","1621547","95006363","0 PAYLOAD A","1 39208U 13037A   14028.16890488  .00000542  00000-0  10304-3 0  9997","2 39208 098.0472 047.7528 0010359 115.3435 244.8842 14.67991777 28209"
"2.0","GENERATED VIA SPACE-TRACK.ORG API","2014-01-28T07:45:34","18 SPCS","PAYLOAD B","2013-037B","EARTH","TEME","UTC","SGP4","2014-01-28T04:50:48.994943","14.67364068","0.00061920","98.0472","47.5495","105.3855","254.8045","0","U","39209","999","2818","0.00008137300000","0.00000412","0.0000000000000","7047.637","98.135","673.865","665.138","PAYLOAD","LARGE","PRC","2013-07-19","TSC","","1621628","95008354","0 PAYLOAD B","1 39209U 13037B   14028.20195596  .00000412  00000-0  81373-4 0  9992","2 39209 098.0472 047.5495 0006192 105.3855 254.8045 14.67364068 28186"
"2.0","GENERATED VIA SPACE-TRACK.ORG API","2014-01-28T07:49:39","18 SPCS","PAYLOAD C","2013-037C","EARTH","TEME","UTC","SGP4","2014-01-28T04:59:43.068767","14.95284374","0.00351280","97.6881","47.4744","116.7034","243.7794","0","U","39210","999","2865","0.00015811000000","0.00001704","0.0000000000000","6959.631","96.302","605.944","557.048","PAYLOAD","LARGE","PRC","2013-07-19","TSC","","1621629","95008395","0 PAYLOAD C","1 39210U 13037C   14028.20813737  .00001704  00000-0  15811-3 0  9996","2 39210 097.6881 047.4744 0035128 116.7034 243.7794 14.95284374 28651"
"2.0","GENERATED VIA SPACE-TRACK.ORG API","2014-01-28T14:26:48","18 SPCS","PAYLOAD A","2013-037A","EARTH","TEME","UTC","SGP4","2014-01-28T12:13:59.047680","14.67991491","0.00103330","98.0472","48.0879","113.8286","246.3997","0","U","39208","999","2825","0.00007100300000","0.00000359","0.0000000000000","7045.628","98.093","674.774","660.213","PAYLOAD","LARGE","PRC","2013-07-19","TSC","","1621657","95008953","0 PAYLOAD A","1 39208U 13037A   14028.50971120  .00000359  00000-0  71003-4 0  9998","2 39208 098.0472 048.0879 0010333 113.8286 246.3997 14.67991491 28257"
"2.0","GENERATED VIA SPACE-TRACK.ORG API","2014-01-28T15:38:50","18 SPCS","PAYLOAD C","2013-037C","EARTH","TEME","UTC","SGP4","2014-01-28T13:01:31.870272","14.95285432","0.00351210","97.6881","47.8026","115.6258","244.8591","0","U","39210","999","2870","0.00015678000000","0.00001689","0.0000000000000","6959.628","96.302","605.936","557.050","PAYLOAD","LARGE","PRC","2013-07-19","TSC","","1621737","95010867","0 PAYLOAD C","1 39210U 13037C   14028.54272998  .00001689  00000-0  15678-3 0  9994","2 39210 097.6881 047.8026 0035121 115.6258 244.8591 14.95285432 28706"
"2.0","GENERATED VIA SPACE-TRACK.ORG API","2014-01-28T15:38:31","18 SPCS","PAYLOAD B","2013-037B","EARTH","TEME","UTC","SGP4","2014-01-28T13:01:47.184672","14.67364241","0.00062540","98.0474","47.8841","104.3774","255.8113","0","U","39209","999","2823","0.00007673800000","0.00000386","0.0000000000000","7047.636","98.135","673.909","665.093","PAYLOAD","LARGE","PRC","2013-07-19","TSC","","1621736","95010827","0 PAYLOAD B","1 39209U 13037B   14028.54290723  .00000386  00000-0  76738-4 0  9996","2 39209 098.0474 047.8841 0006254 104.3774 255.8113 14.67364241 28230"
"2.0","GENERATED VIA SPACE-TRACK.ORG API","2014-01-28T22:31:25","18 SPCS","PAYLOAD A","2013-037A","EARTH","TEME","UTC","SGP4","2014-01-28T20:24:44.839872","14.67990148","0.00103940","98.0470","48.4228","113.9742","246.2590","0","U","39208","999","2830","0.00002614600000","0.00000102","0.0000000000000","7045.633","98.093","674.821","660.174","PAYLOAD","LARGE","PRC","2013-07-19","TSC","","1621848","95011774","0 PAYLOAD A","1 39208U 13037A   14028.85051898  .00000102  00000-0  26146-4 0  9991","2 39208 098.0470 048.4228 0010394 113.9742 246.2590 14.67990148 28304"
"2.0","GENERATED VIA SPACE-TRACK.ORG API","2014-01-28T23:37:42","18 SPCS","PAYLOAD C","2013-037C","EARTH","TEME","UTC","SGP4","2014-01-28T21:03:20.696832","14.95286011","0.00350690","97.6880","48.1308","114.5807","245.9069","0","U","39210","999","2875","0.00014803000000","0.00001592","0.0000000000000","6959.626","96.302","605.898","557.084","PAYLOAD","LARGE","PRC","2013-07-19","TSC","","1621909","95013090","0 PAYLOAD C","1 39210U 13037C   14028.87732288  .00001592  00000-0  14803-3 0  9995","2 39210 097.6880 048.1308 0035069 114.5807 245.9069 14.95286011 28752"
"2.0","GENERATED VIA SPACE-TRACK.ORG API","2014-01-28T23:36:46","18 SPCS","PAYLOAD B","2013-037B","EARTH","TEME","UTC","SGP4","2014-01-28T21:12:45.456479","14.67364394","0.00061200","98.0470","48.2186","103.0384","257.1528","0","U","39209","999","2828","0.00007285300000","0.00000364","0.0000000000000","7047.636","98.135","673.814","665.187","PAYLOAD","LARGE","PRC","2013-07-19","TSC","","1621908","95013065","0 PAYLOAD B","1 39209U 13037B   14028.88385945  .00000364  00000-0  72853-4 0  9994","2 39209 098.0470 048.2186 0006120 103.0384 257.1528 14.67364394 28287"
"2.0","GENERATED VIA SPACE-TRACK.ORG API","2014-01-29T07:54:19","18 SPCS","PAYLOAD A","2013-037A","EARTH","TEME","UTC","SGP4","2014-01-29T04:35:30.382368","14.67990941","0.00104400","98.0470","48.7578","113.4822","246.7485","0","U","39208","999","2835","0.00004366900000","0.00000202","0.0000000000000","7045.630","98.093","674.851","660.139","PAYLOAD","LARGE","PRC","2013-07-19","TSC","","1622293","95013762","0 PAYLOAD A","1 39208U 13037A   14029.19132387  .00000202  00000-0  43669-4 0  9992","2 39208 098.0470 048.7578 0010440 113.4822 246.7485 14.67990941 28355"
"2.0","GENERATED VIA SPACE-TRACK.ORG API","2014-01-29T09:05:59","18 SPCS","PAYLOAD C","2013-037C","EARTH","TEME","UTC","SGP4","2014-01-29T05:05:09.452544","14.95287399","0.00350570","97.6879","48.4592","113.5123","246.9792","0","U","39210","999","2880","0.00015004000000","0.00001614","0.0000000000000","6959.622","96.302","605.885","557.088","PAYLOAD","LARGE","PRC","2013-07-19","TSC","","1622366","95015568","0 PAYLOAD C","1 39210U 13037C   14029.21191496  .00001614  00000-0  15004-3 0  9993","2 39210 097.6879 048.4592 0035057 113.5123 246.9792 14.95287399 28805"
"2.0","GENERATED VIA SPACE-TRACK.ORG API","2014-01-29T09:05:21","18 SPCS","PAYLOAD B","2013-037B","EARTH","TEME","UTC","SGP4","2014-01-29T05:23:43.586592","14.67365505","0.00061290","98.0470","48.5536","102.9629","257.2287","0","U","39209","999","2833","0.00009625400000","0.00000496","0.0000000000000","7047.632","98.135","673.816","665.177","PAYLOAD","LARGE","PRC","2013-07-19","TSC","","1622365","95015542","0 PAYLOAD B","1 39209U 13037B   14029.22481003  .00000496  00000-0  96254-4 0  9992","2 39209 098.0470 048.5536 0006129 102.9629 257.2287 14.67365505 28332"
"2.0","GENERATED VIA SPACE-TRACK.ORG API","2014-01-29T14:28:11","18 SPCS","PAYLOAD A","2013-037A","EARTH","TEME","UTC","SGP4","2014-01-29T11:08:06.888767","14.67991385","0.00104640","98.0471","49.0261","112.4266","247.8052","0","U","39208","999","2839","0.00004964300000","0.00000236","0.0000000000000","7045.629","98.093","674.866","660.121","PAYLOAD","LARGE","PRC","2013-07-19","TSC","","1622424","95016264","0 PAYLOAD A","1 39208U 13037A   14029.46396862  .00000236  00000-0  49643-4 0  9997","2 39208 098.0471 049.0261 0010464 112.4266 247.8052 14.67991385 28395"
"2.0","GENERATED VIA SPACE-TRACK.ORG API","2014-01-29T15:41:07","18 SPCS","PAYLOAD C","2013-037C","EARTH","TEME","UTC","SGP4","2014-01-29T13:06:58.192704","14.95288763","0.00350580","97.6879","48.7872","112.3946","248.1002","0","U","39210","999","2885","0.00015448000000","0.00001664","0.0000000000000","6959.618","96.302","605.882","557.084","PAYLOAD","LARGE","PRC","2013-07-19","TSC","","1622520","95018424","0 PAYLOAD C","1 39210U 13037C   14029.54650686  .00001664  00000-0  15448-3 0  9997","2 39210 097.6879 048.7872 0035058 112.3946 248.1002 14.95288763 28859"
"2.0","GENERATED VIA SPACE-TRACK.ORG API","2014-01-29T15:40:23","18 SPCS","PAYLOAD B","2013-037B","EARTH","TEME","UTC","SGP4","2014-01-29T13:34:41.729663","14.67365746","0.00061650","98.0471","48.8884","101.3868","258.8022","0","U","39209","999","2838","0.00009032100000","0.00000462","0.0000000000000","7047.631","98.135","673.841","665.151","PAYLOAD","LARGE","PRC","2013-07-19","TSC","","1622519","95018421","0 PAYLOAD B","1 39209U 13037B   14029.56576076  .00000462  00000-0  90321-4 0  9996","2 39209 098.0471 048.8884 0006165 101.3868 258.8022 14.67365746 28386"
"2.0","GENERATED VIA SPACE-TRACK.ORG API","2014-01-29T15:38:10","18 SPCS","PAYLOAD A","2013-037A","EARTH","TEME","UTC","SGP4","2014-01-29T14:24:25.141536","14.67991385","0.00104460","98.0475","49.1601","111.6621","248.5690","0","U","39208","999","2841","0.00004771100000","0.00000225","0.0000000000000","7045.629","98.093","674.854","660.134","PAYLOAD","LARGE","PRC","2013-07-19","TSC","","1622516","95018340","0 PAYLOAD A","1 39208U 13037A   14029.60029099  .00000225  00000-0  47711-4 0  9990","2 39208 098.0475 049.1601 0010446 111.6621 248.5690 14.67991385 28413"
"2.0","GENERATED VIA SPACE-TRACK.ORG API","2014-01-29T22:26:44","18 SPCS","PAYLOAD A","2013-037A","EARTH","TEME","UTC","SGP4","2014-01-29T17:40:43.413312","14.67990292","0.00104490","98.0470","49.2945","111.2809","248.9473","0","U","39208","999","2843","0.00000240680000","-0.00000034","0.0000000000000","7045.632","98.093","674.859","660.135","PAYLOAD","LARGE","PRC","2013-07-19","TSC","","1622643","95019362","0 PAYLOAD A","1 39208U 13037A   14029.73661358 -.00000034  00000-0  24068-5 0  9994","2 39208 098.0470 049.2945 0010449 111.2809 248.9473 14.67990292 28438"
"2.0","GENERATED VIA SPACE-TRACK.ORG API","2014-01-29T23:22:45","18 SPCS","PAYLOAD C","2013-037C","EARTH","TEME","UTC","SGP4","2014-01-29T21:08:46.986431","14.95289254","0.00349910","97.6878","49.1152","111.3009","249.1968","0","U","39210","999","2890","0.00014742000000","0.00001585","0.0000000000000","6959.616","96.302","605.833","557.129","PAYLOAD","LARGE","PRC","2013-07-19","TSC","","1622713","95020908","0 PAYLOAD C","1 39210U 13037C   14029.88109938  .00001585  00000-0  14742-3 0  9991","2 39210 097.6878 049.1152 0034991 111.3009 249.1968 14.95289254 28902"
"2.0","GENERATED VIA SPACE-TRACK.ORG API","2014-01-29T23:26:11","18 SPCS","PAYLOAD B","2013-037B","EARTH","TEME","UTC","SGP4","2014-01-29T21:45:39.951359","14.67365716","0.00061870","98.0467","49.2235","101.5695","258.6220","0","U","39209","999","2843","0.00007803200000","0.00000393","0.0000000000000","7047.631","98.135","673.857","665.136","PAYLOAD","LARGE","PRC","2013-07-19","TSC","","1622720","95021027","0 PAYLOAD B","1 39209U 13037B   14029.90671240  .00000393  00000-0  78032-4 0  9991","2 39209 098.0467 049.2235 0006187 101.5695 258.6220 14.67365716 28431"
"2.0","GENERATED VIA SPACE-TRACK.ORG API","2014-01-30T12:46:54","18 SPCS","PAYLOAD A","2013-037A","EARTH","TEME","UTC","SGP4","2014-01-30T01:51:29.152800","14.67990298","0.00104480","98.0469","49.6295","110.2183","250.0150","0","U","39208","999","2848","0.00000230820000","-0.00000035","0.0000000000000","7045.632","98.093","674.858","660.136","PAYLOAD","LARGE","PRC","2013-07-19","TSC","","1623469","95021977","0 PAYLOAD A","1 39208U 13037A   14030.07742075 -.00000035  00000-0  23082-5 0  9995","2 39208 098.0469 049.6295 0010448 110.2183 250.0150 14.67990298 28488"
"2.0","GENERATED VIA SPACE-TRACK.ORG API","2014-01-30T14:42:42","18 SPCS","PAYLOAD A","2013-037A","EARTH","TEME","UTC","SGP4","2014-01-30T03:29:38.280480","14.67990296","0.00104470","98.0469","49.6965","110.0064","250.2267","0","U","39208","999","2849","0.00000226540000","-0.00000035","0.0000000000000","7045.632","98.093","674.858","660.137","PAYLOAD","LARGE","PRC","2013-07-19","TSC","","1623608","95025322","0 PAYLOAD A","1 39208U 13037A   14030.14558195 -.00000035  00000-0  22654-5 0  9995","2 39208 098.0469 049.6965 0010447 110.0064 250.2267 14.67990296 28497"
"2.0","GENERATED VIA SPACE-TRACK.ORG API","2014-01-30T14:19:17","18 SPCS","PAYLOAD B","2013-037B","EARTH","TEME","UTC","SGP4","2014-01-30T04:18:26.444736","14.67366799","0.00061650","98.0466","49.4912","100.2072","259.9839","0","U","39209","999","2847","0.00010667000000","0.00000555","0.0000000000000","7047.628","98.134","673.838","665.148","PAYLOAD","LARGE","PRC","2013-07-19","TSC","","1623584","95024733","0 PAYLOAD B","1 39209U 13037B   14030.17947274  .00000555  00000-0  10667-3 0  9994","2 39209 098.0466 049.4912 0006165 100.2072 259.9839 14.67366799 28471"
"2.0","GENERATED VIA SPACE-TRACK.ORG API","2014-01-30T14:20:48","18 SPCS","PAYLOAD C","2013-037C","EARTH","TEME","UTC","SGP4","2014-01-30T05:10:35.683391","14.95290032","0.00349890","97.6879","49.4434","110.0436","250.4549","0","U","39210","999","2895","0.00013989000000","0.00001501","0.0000000000000","6959.614","96.302","605.830","557.128","PAYLOAD","LARGE","PRC","2013-07-19","TSC","","1623586","95024779","0 PAYLOAD C","1 39210U 13037C   14030.21569078  .00001501  00000-0  13989-3 0  9995","2 39210 097.6879 049.4434 0034989 110.0436 250.4549 14.95290032 28957"
"2.0","GENERATED VIA SPACE-TRACK.ORG API","2014-01-30T15:41:25","18 SPCS","PAYLOAD C","2013-037C","EARTH","TEME","UTC","SGP4","2014-01-30T08:23:19.176864","14.95290459","0.00349850","97.6878","49.5746","109.6226","250.8781","0","U","39210","999","2897","0.00013957000000","0.00001497","0.0000000000000","6959.612","96.302","605.825","557.129","PAYLOAD","LARGE","PRC","2013-07-19","TSC","","1623679","95027021","0 PAYLOAD C","1 39210U 13037C   14030.34952751  .00001497  00000-0  13957-3 0  9992","2 39210 097.6878 049.5746 0034985 109.6226 250.8781 14.95290459 28977"
"2.0","GENERATED VIA SPACE-TRACK.ORG API","2014-01-30T15:41:07","18 SPCS","PAYLOAD B","2013-037B","EARTH","TEME","UTC","SGP4","2014-01-30T09:13:01.322975","14.67367146","0.00061650","98.0468","49.6920","99.2947","260.8955","0","U","39209","999","2850","0.00011058000000","0.00000577","0.0000000000000","7047.627","98.134","673.837","665.147","PAYLOAD","LARGE","PRC","2013-07-19","TSC","","1623678","95027000","0 PAYLOAD B","1 39209U 13037B   14030.38404309  .00000577  00000-0  11058-3 0  9993","2 39209 098.0468 049.6920 0006165 099.2947 260.8955 14.67367146 28503"
"2.0","GENERATED VIA SPACE-TRACK.ORG API","2014-01-31T00:10:51","18 SPCS","PAYLOAD B","2013-037B","EARTH","TEME","UTC","SGP4","2014-01-30T20:40:22.798272","14.67366821","0.00061900","98.0466","50.1611","98.4652","261.7255","0","U","39209","999","2857","0.00008545100000","0.00000435","0.0000000000000","7047.628","98.134","673.855","665.130","PAYLOAD","LARGE","PRC","2013-07-19","TSC","","1623955","95031290","0 PAYLOAD B","1 39209U 13037B   14030.86137498  .00000435  00000-0  85451-4 0  9990","2 39209 098.0466 050.1611 0006190 098.4652 261.7255 14.67366821 28576"
"2.0","GENERATED VIA SPACE-TRACK.ORG API","2014-01-31T00:12:36","18 SPCS","PAYLOAD C","2013-037C","EARTH","TEME","UTC","SGP4","2014-01-30T21:14:13.178400","14.95290742","0.00349600","97.6875","50.0991","107.9011","252.6034","0","U","39210","999","2905","0.00012183000000","0.00001300","0.0000000000000","6959.611","96.302","605.807","557.146","PAYLOAD","LARGE","PRC","2013-07-19","TSC","","1623957","95031347","0 PAYLOAD C","1 39210U 13037C   14030.88487475  .00001300  00000-0  12183-3 0  9990","2 39210 097.6875 050.0991 0034960 107.9011 252.6034 14.95290742 29055"
"2.0","GENERATED VIA SPACE-TRACK.ORG API","2014-01-30T22:31:23","18 SPCS","PAYLOAD A","2013-037A","EARTH","TEME","UTC","SGP4","2014-01-30T21:29:18.740255","14.67990730","0.00104860","98.0468","50.4331","107.7924","252.4446","0","U","39208","999","2860","0.00001191500000","0.00000020","0.0000000000000","7045.631","98.093","674.884","660.108","PAYLOAD","LARGE","PRC","2013-07-19","TSC","","1623834","95028779","0 PAYLOAD A","1 39208U 13037A   14030.89535579  .00000020  00000-0  11915-4 0  9998","2 39208 098.0468 050.4331 0010486 107.7924 252.4446 14.67990730 28603"
"2.0","GENERATED VIA SPACE-TRACK.ORG API","2014-01-31T07:25:17","18 SPCS","PAYLOAD B","2013-037B","EARTH","TEME","UTC","SGP4","2014-01-31T04:51:20.926656","14.67367341","0.00061680","98.0465","50.4957","97.6269","262.5639","0","U","39209","999","2862","0.00008773500000","0.00000448","0.0000000000000","7047.626","98.134","673.838","665.144","PAYLOAD","LARGE","PRC","2013-07-19","TSC","","1624189","95033810","0 PAYLOAD B","1 39209U 13037B   14031.20232554  .00000448  00000-0  87735-4 0  9999","2 39209 098.0465 050.4957 0006168 097.6269 262.5639 14.67367341 28620"
"2.0","GENERATED VIA SPACE-TRACK.ORG API","2014-01-31T07:25:20","18 SPCS","PAYLOAD C","2013-037C","EARTH","TEME","UTC","SGP4","2014-01-31T05:16:01.817472","14.95291814","0.00349450","97.6874","50.4272","106.8408","253.6648","0","U","39210","999","2910","0.00012386000000","0.00001322","0.0000000000000","6959.608","96.302","605.793","557.153","PAYLOAD","LARGE","PRC","2013-07-19","TSC","","1624190","95033840","0 PAYLOAD C","1 39210U 13037C   14031.21946548  .00001322  00000-0  12386-3 0  9998","2 39210 097.6874 050.4272 0034945 106.8408 253.6648 14.95291814 29100"
"2.0","GENERATED VIA SPACE-TRACK.ORG API","2014-01-31T06:25:14","18 SPCS","PAYLOAD A","2013-037A","EARTH","TEME","UTC","SGP4","2014-01-31T05:40:04.162655","14.67993732","0.00103890","98.0465","50.7682","106.8454","253.3943","0","U","39208","999","2865","0.00008669600000","0.00000449","0.0000000000000","7045.621","98.093","674.806","660.166","PAYLOAD","LARGE","PRC","2013-07-19","TSC","","1624118","95032134","0 PAYLOAD A","1 39208U 13037A   14031.23615929  .00000449  00000-0  86696-4 0  9998","2 39208 098.0465 050.7682 0010389 106.8454 253.3943 14.67993732 28654"
"2.0","GENERATED VIA SPACE-TRACK.ORG API","2014-01-31T14:29:12","18 SPCS","PAYLOAD A","2013-037A","EARTH","TEME","UTC","SGP4","2014-01-31T12:12:40.558463","14.67994025","0.00103020","98.0466","51.0365","105.7392","254.4944","0","U","39208","999","2869","0.00009142300000","0.00000476","0.0000000000000","7045.620","98.093","674.744","660.227","PAYLOAD","LARGE","PRC","2013-07-19","TSC","","1624220","95034448","0 PAYLOAD A","1 39208U 13037A   14031.50880276  .00000476  00000-0  91423-4 0  9991","2 39208 098.0466 051.0365 0010302 105.7392 254.4944 14.67994025 28694"
"2.0","GENERATED VIA SPACE-TRACK.ORG API","2014-01-31T15:30:58","18 SPCS","PAYLOAD B","2013-037B","EARTH","TEME","UTC","SGP4","2014-01-31T13:02:19.054175","14.67368357","0.00062040","98.0466","50.8306","96.4689","263.7234","0","U","39209","999","2867","0.00011076000000","0.00000578","0.0000000000000","7047.623","98.134","673.860","665.116","PAYLOAD","LARGE","PRC","2013-07-19","TSC","","1624302","95036369","0 PAYLOAD B","1 39209U 13037B   14031.54327609  .00000578  00000-0  11076-3 0  9990","2 39209 098.0466 050.8306 0006204 096.4689 263.7234 14.67368357 28674"
"2.0","GENERATED VIA SPACE-TRACK.ORG API","2014-01-31T15:34:22","18 SPCS","PAYLOAD C","2013-037C","EARTH","TEME","UTC","SGP4","2014-01-31T13:17:50.491103","14.95291619","0.00349910","97.6875","50.7558","105.7663","254.7385","0","U","39210","999","2915","0.00010642000000","0.00001128","0.0000000000000","6959.609","96.302","605.826","557.121","PAYLOAD","LARGE","PRC","2013-07-19","TSC","","1624305","95036423","0 PAYLOAD C","1 39210U 13037C   14031.55405661  .00001128  00000-0  10642-3 0  9998","2 39210 097.6875 050.7558 0034991 105.7663 254.7385 14.95291619 29151"
"2.0","GENERATED VIA SPACE-TRACK.ORG API","2014-01-31T22:25:30","18 SPCS","PAYLOAD A","2013-037A","EARTH","TEME","UTC","SGP4","2014-01-31T20:23:26.165760","14.67993759","0.00103220","98.0463","51.3712","105.5653","254.6689","0","U","39208","999","2874","0.00007413900000","0.00000377","0.0000000000000","7045.621","98.093","674.759","660.214","PAYLOAD","LARGE","PRC","2013-07-19","TSC","","1624396","95037284","0 PAYLOAD A","1 39208U 13037A   14031.84960840  .00000377  00000-0  74139-4 0  9999","2 39208 098.0463 051.3712 0010322 105.5653 254.6689 14.67993759 28747"
"2.0","GENERATED VIA SPACE-TRACK.ORG API","2014-01-31T23:32:09","18 SPCS","PAYLOAD B","2013-037B","EARTH","TEME","UTC","SGP4","2014-01-31T21:13:17.217119","14.67368387","0.00061920","98.0463","51.1653","95.4879","264.7039","0","U","39209","999","2872","0.00010377000000","0.00000539","0.0000000000000","7047.623","98.134","673.852","665.124","PAYLOAD","LARGE","PRC","2013-07-19","TSC","","1624484","95039215","0 PAYLOAD B","1 39209U 13037B   14031.88422705  .00000539  00000-0  10377-3 0  9990","2 39209 098.0463 051.1653 0006192 095.4879 264.7039 14.67368387 28729"
"2.0","GENERATED VIA SPACE-TRACK.ORG API","2014-01-31T23:32:21","18 SPCS","PAYLOAD C","2013-037C","EARTH","TEME","UTC","SGP4","2014-01-31T21:19:39.249407","14.95291495","0.00350050","97.6874","51.0838","104.6832","255.8257","0","U","39210","999","2920","0.00009327900000","0.00000981","0.0000000000000","6959.609","96.302","605.836","557.112","PAYLOAD","LARGE","PRC","2013-07-19","TSC","","1624485","95039254","0 PAYLOAD C","1 39210U 13037C   14031.88864872  .00000981  00000-0  93279-4 0  9991","2 39210 097.6874 051.0838 0035005 104.6832 255.8257 14.95291495 29206"
"2.0","GENERATED VIA SPACE-TRACK.ORG API","2014-02-01T06:26:17","18 SPCS","PAYLOAD A","2013-037A","EARTH","TEME","UTC","SGP4","2014-02-01T04:34:11.754048","14.67994095","0.00103450","98.0463","51.7061","104.4425","255.7919","0","U","39208","999","2879","0.00007710300000","0.00000394","0.0000000000000","7045.620","98.093","674.774","660.196","PAYLOAD","LARGE","PRC","2013-07-19","TSC","","1624644","95040071","0 PAYLOAD A","1 39208U 13037A   14032.19041382  .00000394  00000-0  77103-4 0  9992","2 39208 098.0463 051.7061 0010345 104.4425 255.7919 14.67994095 28795"
"2.0","GENERATED VIA SPACE-TRACK.ORG API","2014-02-01T07:31:46","18 SPCS","PAYLOAD C","2013-037C","EARTH","TEME","UTC","SGP4","2014-02-01T05:21:27.919584","14.95292050","0.00349550","97.6871","51.4118","103.6467","256.8651","0","U","39210","999","2925","0.00008988300000","0.00000943","0.0000000000000","6959.607","96.302","605.800","557.145","PAYLOAD","LARGE","PRC","2013-07-19","TSC","","1624733","95042107","0 PAYLOAD C","1 39210U 13037C   14032.22323981  .00000943  00000-0  89883-4 0  9995","2 39210 097.6871 051.4118 0034955 103.6467 256.8651 14.95292050 29256"
"2.0","GENERATED VIA SPACE-TRACK.ORG API","2014-02-01T07:30:21","18 SPCS","PAYLOAD B","2013-037B","EARTH","TEME","UTC","SGP4","2014-02-01T05:24:15.316128","14.67368896","0.00061760","98.0463","51.5003","94.4687","265.7230","0","U","39209","999","2877","0.00010415000000","0.00000541","0.0000000000000","7047.621","98.134","673.839","665.134","PAYLOAD","LARGE","PRC","2013-07-19","TSC","","1624731","95042063","0 PAYLOAD B","1 39209U 13037B   14032.22517727  .00000541  00000-0  10415-3 0  9994","2 39209 098.0463 051.5003 0006176 094.4687 265.7230 14.67368896 28774"
"2.0","GENERATED VIA SPACE-TRACK.ORG API","2014-02-01T14:31:24","18 SPCS","PAYLOAD A","2013-037A","EARTH","TEME","UTC","SGP4","2014-02-01T12:44:57.366528","14.67993070","0.00103370","98.0463","52.0410","103.3735","256.8574","0","U","39208","999","2884","0.00003720400000","0.00000165","0.0000000000000","7045.623","98.093","674.771","660.205","PAYLOAD","LARGE","PRC","2013-07-19","TSC","","1624778","95042863","0 PAYLOAD A","1 39208U 13037A   14032.53121952  .00000165  00000-0  37204-4 0  9996","2 39208 098.0463 052.0410 0010337 103.3735 256.8574 14.67993070 28847"
"2.0","GENERATED VIA SPACE-TRACK.ORG API","2014-02-01T15:46:09","18 SPCS","PAYLOAD C","2013-037C","EARTH","TEME","UTC","SGP4","2014-02-01T13:23:16.559519","14.95291987","0.00349540","97.6869","51.7398","102.6445","257.8649","0","U","39210","999","2930","0.00008169100000","0.00000852","0.0000000000000","6959.608","96.302","605.799","557.146","PAYLOAD","LARGE","PRC","2013-07-19","TSC","","1624873","95045142","0 PAYLOAD C","1 39210U 13037C   14032.55783055  .00000852  00000-0  81691-4 0  9991","2 39210 097.6869 051.7398 0034954 102.6445 257.8649 14.95291987 29302"
"2.0","GENERATED VIA SPACE-TRACK.ORG API","2014-02-01T15:45:03","18 SPCS","PAYLOAD B","2013-037B","EARTH","TEME","UTC","SGP4","2014-02-01T13:35:13.413407","14.67368936","0.00061800","98.0464","51.8351","93.4753","266.7138","0","U","39209","999","2882","0.00009392800000","0.00000483","0.0000000000000","7047.621","98.134","673.841","665.131","PAYLOAD","LARGE","PRC","2013-07-19","TSC","","1624872","95045110","0 PAYLOAD B","1 39209U 13037B   14032.56612747  .00000483  00000-0  93928-4 0  9995","2 39209 098.0464 051.8351 0006180 093.4753 266.7138 14.67368936 28821"
"2.0","GENERATED VIA SPACE-TRACK.ORG API","2014-02-01T22:30:23","18 SPCS","PAYLOAD A","2013-037A","EARTH","TEME","UTC","SGP4","2014-02-01T19:17:33.955007","14.67992941","0.00103480","98.0463","52.3091","102.5040","257.7324","0","U","39208","999","2888","0.00003161700000","0.00000133","0.0000000000000","7045.624","98.093","674.779","660.198","PAYLOAD","LARGE","PRC","2013-07-19","TSC","","1624937","95046098","0 PAYLOAD A","1 39208U 13037A   14032.80386522  .00000133  00000-0  31617-4 0  9999","2 39208 098.0463 052.3091 0010348 102.5040 257.7324 14.67992941 28880"
"2.0","GENERATED VIA SPACE-TRACK.ORG API","2014-02-01T23:48:15","18 SPCS","PAYLOAD C","2013-037C","EARTH","TEME","UTC","SGP4","2014-02-01T21:25:05.348064","14.95291133","0.00349440","97.6869","52.0679","101.5041","259.0093","0","U","39210","999","2935","0.00005993000000","0.00000610","0.0000000000000","6959.610","96.302","605.795","557.156","PAYLOAD","LARGE","PRC","2013-07-19","TSC","","1625038","95048321","0 PAYLOAD C","1 39210U 13037C   14032.89242301  .00000610  00000-0  59930-4 0  9995","2 39210 097.6869 052.0679 0034944 101.5041 259.0093 14.95291133 29352"
"2.0","GENERATED VIA SPACE-TRACK.ORG API","2014-02-01T23:46:41","18 SPCS","PAYLOAD B","2013-037B","EARTH","TEME","UTC","SGP4","2014-02-01T21:46:11.585856","14.67369121","0.00061730","98.0464","52.1695","92.4094","267.7820","0","U","39209","999","2887","0.00009089700000","0.00000466","0.0000000000000","7047.620","98.134","673.836","665.135","PAYLOAD","LARGE","PRC","2013-07-19","TSC","","1625036","95048278","0 PAYLOAD B","1 39209U 13037B   14032.90707854  .00000466  00000-0  90897-4 0  9990","2 39209 098.0464 052.1695 0006173 092.4094 267.7820 14.67369121 28876"
"2.0","GENERATED VIA SPACE-TRACK.ORG API","2014-02-02T06:27:40","18 SPCS","PAYLOAD A","2013-037A","EARTH","TEME","UTC","SGP4","2014-02-02T00:12:01.319903","14.67993091","0.00103370","98.0462","52.5100","101.8833","258.3534","0","U","39208","999","2891","0.00003480700000","0.00000151","0.0000000000000","7045.623","98.093","674.771","660.205","PAYLOAD","LARGE","PRC","2013-07-19","TSC","","1625169","95049114","0 PAYLOAD A","1 39208U 13037A   14033.00834861  .00000151  00000-0  34807-4 0  9990","2 39208 098.0462 052.5100 0010337 101.8833 258.3534 14.67993091 28913"
"2.0","GENERATED VIA SPACE-TRACK.ORG API","2014-02-02T07:55:04","18 SPCS","PAYLOAD B","2013-037B","EARTH","TEME","UTC","SGP4","2014-02-02T04:18:58.049855","14.67369439","0.00061580","98.0463","52.4375","91.8800","268.3111","0","U","39209","999","2891","0.00009010800000","0.00000461","0.0000000000000","7047.619","98.134","673.824","665.144","PAYLOAD","LARGE","PRC","2013-07-19","TSC","","1625262","95051104","0 PAYLOAD B","1 39209U 13037B   14033.17983854  .00000461  00000-0  90108-4 0  9996","2 39209 098.0463 052.4375 0006158 091.8800 268.3111 14.67369439 28911"
"2.0","GENERATED VIA SPACE-TRACK.ORG API","2014-02-02T07:57:12","18 SPCS","PAYLOAD C","2013-037C","EARTH","TEME","UTC","SGP4","2014-02-02T05:26:54.022560","14.95291428","0.00348900","97.6867","52.3960","100.5683","259.9486","0","U","39210","999","2940","0.00005558400000","0.00000561","0.0000000000000","6959.609","96.302","605.756","557.192","PAYLOAD","LARGE","PRC","2013-07-19","TSC","","1625264","95051152","0 PAYLOAD C","1 39210U 13037C   14033.22701415  .00000561  00000-0  55584-4 0  9995","2 39210 097.6867 052.3960 0034890 100.5683 259.9486 14.95291428 29405"
"2.0","GENERATED VIA SPACE-TRACK.ORG API","2014-02-02T15:24:14","18 SPCS","PAYLOAD B","2013-037B","EARTH","TEME","UTC","SGP4","2014-02-02T09:13:32.910816","14.67369566","0.00061590","98.0464","52.6384","91.1309","269.0599","0","U","39209","999","2894","0.00008682200000","0.00000443","0.0000000000000","7047.619","98.134","673.825","665.143","PAYLOAD","LARGE","PRC","2013-07-19","TSC","","1625375","95053456","0 PAYLOAD B","1 39209U 13037B   14033.38440869  .00000443  00000-0  86822-4 0  9991","2 39209 098.0464 052.6384 0006159 091.1309 269.0599 14.67369566 28944"
"2.0","GENERATED VIA SPACE-TRACK.ORG API","2014-02-02T14:23:43","18 SPCS","PAYLOAD A","2013-037A","EARTH","TEME","UTC","SGP4","2014-02-02T11:39:05.162687","14.67993724","0.00103550","98.0465","52.9792","100.3694","259.8699","0","U","39208","999","2898","0.00004646300000","0.00000218","0.0000000000000","7045.621","98.093","674.782","660.190","PAYLOAD","LARGE","PRC","2013-07-19","TSC","","1625303","95051679","0 PAYLOAD A","1 39208U 13037A   14033.48547642  .00000218  00000-0  46463-4 0  9995","2 39208 098.0465 052.9792 0010355 100.3694 259.8699 14.67993724 28984"
"2.0","GENERATED VIA SPACE-TRACK.ORG API","2014-02-02T15:24:00","18 SPCS","PAYLOAD C","2013-037C","EARTH","TEME","UTC","SGP4","2014-02-02T13:28:42.645216","14.95291561","0.00348790","97.6868","52.7241","99.5164","260.9986","0","U","39210","999","2945","0.00005281800000","0.00000530","0.0000000000000","6959.609","96.302","605.748","557.199","PAYLOAD","LARGE","PRC","2013-07-19","TSC","","1625374","95053443","0 PAYLOAD C","1 39210U 13037C   14033.56160469  .00000530  00000-0  52818-4 0  9993","2 39210 097.6868 052.7241 0034879 099.5164 260.9986 14.95291561 29450"
"2.0","GENERATED VIA SPACE-TRACK.ORG API","2014-02-02T23:35:13","18 SPCS","PAYLOAD B","2013-037B","EARTH","TEME","UTC","SGP4","2014-02-02T17:24:31.051296","14.67369042","0.00061350","98.0461","52.9731","90.5596","269.6292","0","U","39209","999","2899","0.00006705100000","0.00000331","0.0000000000000","7047.621","98.134","673.809","665.162","PAYLOAD","LARGE","PRC","2013-07-19","TSC","","1625533","95056213","0 PAYLOAD B","1 39209U 13037B   14033.72535939  .00000331  00000-0  67051-4 0  9991","2 39209 098.0461 052.9731 0006135 090.5596 269.6292 14.67369042 28995"
"2.0","GENERATED VIA SPACE-TRACK.ORG API","2014-02-02T22:25:58","18 SPCS","PAYLOAD A","2013-037A","EARTH","TEME","UTC","SGP4","2014-02-02T19:49:50.750976","14.67993635","0.00103540","98.0460","53.3141","99.2173","261.0212","0","U","39208","999","2903","0.00003642500000","0.00000161","0.0000000000000","7045.621","98.093","674.782","660.191","PAYLOAD","LARGE","PRC","2013-07-19","TSC","","1625450","95054329","0 PAYLOAD A","1 39208U 13037A   14033.82628184  .00000161  00000-0  36425-4 0  9998","2 39208 098.0460 053.3141 0010354 099.2173 261.0212 14.67993635 29033"
"2.0","GENERATED VIA SPACE-TRACK.ORG API","2014-02-02T23:35:33","18 SPCS","PAYLOAD C","2013-037C","EARTH","TEME","UTC","SGP4","2014-02-02T21:30:31.375872","14.95290504","0.00348970","97.6865","53.0525","98.3989","262.1164","0","U","39210","999","2950","0.00003056100000","0.00000282","0.0000000000000","6959.612","96.302","605.764","557.190","PAYLOAD","LARGE","PRC","2013-07-19","TSC","","1625534","95056248","0 PAYLOAD C","1 39210U 13037C   14033.89619648  .00000282  00000-0  30561-4 0  9992","2 39210 097.6865 053.0525 0034897 098.3989 262.1164 14.95290504 29502"
"2.0","GENERATED VIA SPACE-TRACK.ORG API","2014-02-03T07:33:25","18 SPCS","PAYLOAD B","2013-037B","EARTH","TEME","UTC","SGP4","2014-02-03T01:35:29.162400","14.67369944","0.00061100","98.0461","53.3079","89.9466","270.2458","0","U","39209","999","2904","0.00008389100000","0.00000426","0.0000000000000","7047.618","98.134","673.789","665.177","PAYLOAD","LARGE","PRC","2013-07-19","TSC","","1625742","95058999","0 PAYLOAD B","1 39209U 13037B   14034.06630975  .00000426  00000-0  83891-4 0  9990","2 39209 098.0461 053.3079 0006110 089.9466 270.2458 14.67369944 29046"
"2.0","GENERATED VIA SPACE-TRACK.ORG API","2014-02-03T06:28:15","18 SPCS","PAYLOAD A","2013-037A","EARTH","TEME","UTC","SGP4","2014-02-03T04:00:36.245951","14.67994897","0.00102640","98.0461","53.6497","98.9032","261.3379","0","U","39208","999","2908","0.00006394500000","0.00000318","0.0000000000000","7045.617","98.092","674.714","660.251","PAYLOAD","LARGE","PRC","2013-07-19","TSC","","1625658","95057044","0 PAYLOAD A","1 39208U 13037A   14034.16708618  .00000318  00000-0  63945-4 0  9998","2 39208 098.0461 053.6497 0010264 098.9032 261.3379 14.67994897 29084"
"2.0","GENERATED VIA SPACE-TRACK.ORG API","2014-02-03T07:35:03","18 SPCS","PAYLOAD C","2013-037C","EARTH","TEME","UTC","SGP4","2014-02-03T05:32:20.070239","14.95291002","0.00348660","97.6864","53.3807","97.5167","263.0050","0","U","39210","999","2955","0.00003141200000","0.00000292","0.0000000000000","6959.611","96.302","605.741","557.210","PAYLOAD","LARGE","PRC","2013-07-19","TSC","","1625745","95059070","0 PAYLOAD C","1 39210U 13037C   14034.23078785  .00000292  00000-0  31412-4 0  9999","2 39210 097.6864 053.3807 0034866 097.5167 263.0050 14.95291002 29555"
"2.0","GENERATED VIA SPACE-TRACK.ORG API","2014-02-03T15:42:26","18 SPCS","PAYLOAD B","2013-037B","EARTH","TEME","UTC","SGP4","2014-02-03T09:46:27.231167","14.67370190","0.00061420","98.0460","53.6429","88.7895","271.4017","0","U","39209","999","2909","0.00007943000000","0.00000401","0.0000000000000","7047.617","98.134","673.811","665.153","PAYLOAD","LARGE","PRC","2013-07-19","TSC","","1625900","95061906","0 PAYLOAD B","1 39209U 13037B   14034.40725962  .00000401  00000-0  79430-4 0  9996","2 39209 098.0460 053.6429 0006142 088.7895 271.4017 14.67370190 29099"
"2.0","GENERATED VIA SPACE-TRACK.ORG API","2014-02-03T15:42:45","18 SPCS","PAYLOAD C","2013-037C","EARTH","TEME","UTC","SGP4","2014-02-03T11:57:46.939679","14.95291424","0.00349190","97.6866","53.6433","96.6509","263.8690","0","U","39210","999","2959","0.00003662600000","0.00000350","0.0000000000000","6959.609","96.302","605.777","557.172","PAYLOAD","LARGE","PRC","2013-07-19","TSC","","1625901","95061933","0 PAYLOAD C","1 39210U 13037C   14034.49845995  .00000350  00000-0  36626-4 0  9999","2 39210 097.6866 053.6433 0034919 096.6509 263.8690 14.95291424 29594"
"2.0","GENERATED VIA SPACE-TRACK.ORG API","2014-02-03T14:32:11","18 SPCS","PAYLOAD A","2013-037A","EARTH","TEME","UTC","SGP4","2014-02-03T12:11:21.734879","14.67995540","0.00102950","98.0469","53.9854","97.8659","262.3727","0","U","39208","999","2913","0.00007618300000","0.00000389","0.0000000000000","7045.615","98.092","674.734","660.227","PAYLOAD","LARGE","PRC","2013-07-19","TSC","","1625808","95059799","0 PAYLOAD A","1 39208U 13037A   14034.50789045  .00000389  00000-0  76183-4 0  9995","2 39208 098.0469 053.9854 0010295 097.8659 262.3727 14.67995540 29139"
"2.0","GENERATED VIA SPACE-TRACK.ORG API","2014-02-04T00:21:40","18 SPCS","PAYLOAD B","2013-037B","EARTH","TEME","UTC","SGP4","2014-02-03T17:57:25.334495","14.67369750","0.00061490","98.0459","53.9776","88.5839","271.6057","0","U","39209","999","2914","0.00005943000000","0.00000288","0.0000000000000","7047.618","98.134","673.817","665.150","PAYLOAD","LARGE","PRC","2013-07-19","TSC","","1626102","95065090","0 PAYLOAD B","1 39209U 13037B   14034.74820989  .00000288  00000-0  59430-4 0  9999","2 39209 098.0459 053.9776 0006149 088.5839 271.6057 14.67369750 29140"
"2.0","GENERATED VIA SPACE-TRACK.ORG API","2014-02-03T22:48:04","18 SPCS","PAYLOAD A","2013-037A","EARTH","TEME","UTC","SGP4","2014-02-03T20:22:07.273920","14.67995408","0.00103020","98.0467","54.3204","97.1032","263.1336","0","U","39208","999","2918","0.00006311700000","0.00000314","0.0000000000000","7045.616","98.092","674.739","660.222","PAYLOAD","LARGE","PRC","2013-07-19","TSC","","1625987","95063002","0 PAYLOAD A","1 39208U 13037A   14034.84869530  .00000314  00000-0  63117-4 0  9991","2 39208 098.0467 054.3204 0010302 097.1032 263.1336 14.67995408 29181"
"2.0","GENERATED VIA SPACE-TRACK.ORG API","2014-02-04T00:23:37","18 SPCS","PAYLOAD C","2013-037C","EARTH","TEME","UTC","SGP4","2014-02-03T21:35:57.329375","14.95291553","0.00348910","97.6864","54.0369","95.3871","265.1335","0","U","39210","999","2965","0.00003470800000","0.00000328","0.0000000000000","6959.609","96.302","605.757","557.191","PAYLOAD","LARGE","PRC","2013-07-19","TSC","","1626104","95065128","0 PAYLOAD C","1 39210U 13037C   14034.89996909  .00000328  00000-0  34708-4 0  9999","2 39210 097.6864 054.0369 0034891 095.3871 265.1335 14.95291553 29653"
"2.0","GENERATED VIA SPACE-TRACK.ORG API","2014-02-04T08:07:24","18 SPCS","PAYLOAD B","2013-037B","EARTH","TEME","UTC","SGP4","2014-02-04T02:08:23.422271","14.67371004","0.00061920","98.0457","54.3127","87.4304","272.7634","0","U","39209","999","2919","0.00008666000000","0.00000442","0.0000000000000","7047.614","98.134","673.843","665.115","PAYLOAD","LARGE","PRC","2013-07-19","TSC","","1626316","95067943","0 PAYLOAD B","1 39209U 13037B   14035.08915998  .00000442  00000-0  86660-4 0  9999","2 39209 098.0457 054.3127 0006192 087.4304 272.7634 14.67371004 29199"
"2.0","GENERATED VIA SPACE-TRACK.ORG API","2014-02-04T06:27:47","18 SPCS","PAYLOAD A","2013-037A","EARTH","TEME","UTC","SGP4","2014-02-04T04:32:52.843200","14.67995812","0.00103070","98.0466","54.6554","96.0247","264.2134","0","U","39208","999","2923","0.00007018300000","0.00000354","0.0000000000000","7045.614","98.092","674.741","660.218","PAYLOAD","LARGE","PRC","2013-07-19","TSC","","1626228","95065909","0 PAYLOAD A","1 39208U 13037A   14035.18950050  .00000354  00000-0  70183-4 0  9992","2 39208 098.0466 054.6554 0010307 096.0247 264.2134 14.67995812 29235"
"2.0","GENERATED VIA SPACE-TRACK.ORG API","2014-02-04T08:09:35","18 SPCS","PAYLOAD C","2013-037C","EARTH","TEME","UTC","SGP4","2014-02-04T05:37:45.939936","14.95292232","0.00348740","97.6864","54.3651","94.4599","266.0637","0","U","39210","999","2970","0.00003805500000","0.00000366","0.0000000000000","6959.607","96.302","605.743","557.201","PAYLOAD","LARGE","PRC","2013-07-19","TSC","","1626318","95067994","0 PAYLOAD C","1 39210U 13037C   14035.23455949  .00000366  00000-0  38055-4 0  9993","2 39210 097.6864 054.3651 0034874 094.4599 266.0637 14.95292232 29704"
"2.0","GENERATED VIA SPACE-TRACK.ORG API","2014-02-04T15:26:22","18 SPCS","PAYLOAD B","2013-037B","EARTH","TEME","UTC","SGP4","2014-02-04T10:19:21.444383","14.67371608","0.00062080","98.0458","54.6475","86.3877","273.8044","0","U","39209","999","2924","0.00009404900000","0.00000484","0.0000000000000","7047.612","98.134","673.853","665.102","PAYLOAD","LARGE","PRC","2013-07-19","TSC","","1626451","95070304","0 PAYLOAD B","1 39209U 13037B   14035.43010931  .00000484  00000-0  94049-4 0  9997","2 39209 098.0458 054.6475 0006208 086.3877 273.8044 14.67371608 29243"
"2.0","GENERATED VIA SPACE-TRACK.ORG API","2014-02-04T14:24:11","18 SPCS","PAYLOAD A","2013-037A","EARTH","TEME","UTC","SGP4","2014-02-04T11:05:29.278752","14.67996099","0.00103150","98.0466","54.9233","95.1555","265.0828","0","U","39208","999","2927","0.00007297300000","0.00000370","0.0000000000000","7045.614","98.092","674.746","660.211","PAYLOAD","LARGE","PRC","2013-07-19","TSC","","1626382","95068620","0 PAYLOAD A","1 39208U 13037A   14035.46214443  .00000370  00000-0  72973-4 0  9999","2 39208 098.0466 054.9233 0010315 095.1555 265.0828 14.67996099 29274"
"2.0","GENERATED VIA SPACE-TRACK.ORG API","2014-02-04T15:26:35","18 SPCS","PAYLOAD C","2013-037C","EARTH","TEME","UTC","SGP4","2014-02-04T12:03:12.789504","14.95292396","0.00348920","97.6864","54.6275","93.6034","266.9178","0","U","39210","999","2974","0.00003618700000","0.00000345","0.0000000000000","6959.606","96.302","605.755","557.188","PAYLOAD","LARGE","PRC","2013-07-19","TSC","","1626452","95070335","0 PAYLOAD C","1 39210U 13037C   14035.50223136  .00000345  00000-0  36187-4 0  9995","2 39210 097.6864 054.6275 0034892 093.6034 266.9178 14.95292396 29748"
"2.0","GENERATED VIA SPACE-TRACK.ORG API","2014-02-04T23:48:58","18 SPCS","PAYLOAD B","2013-037B","EARTH","TEME","UTC","SGP4","2014-02-04T18:30:19.484640","14.67371648","0.00062110","98.0459","54.9826","85.6810","274.5083","0","U","39209","999","2929","0.00008785500000","0.00000449","0.0000000000000","7047.612","98.134","673.855","665.100","PAYLOAD","LARGE","PRC","2013-07-19","TSC","","1626682","95073807","0 PAYLOAD B","1 39209U 13037B   14035.77105885  .00000449  00000-0  87855-4 0  9995","2 39209 098.0459 054.9826 0006211 085.6810 274.5083 14.67371648 29290"
"2.0","GENERATED VIA SPACE-TRACK.ORG API","2014-02-04T22:26:55","18 SPCS","PAYLOAD A","2013-037A","EARTH","TEME","UTC","SGP4","2014-02-04T19:16:14.860991","14.67995627","0.00102840","98.0466","55.2585","94.3228","265.9148","0","U","39208","999","2932","0.00005299900000","0.00000256","0.0000000000000","7045.615","98.092","674.726","660.234","PAYLOAD","LARGE","PRC","2013-07-19","TSC","","1626571","95071348","0 PAYLOAD A","1 39208U 13037A   14035.80294978  .00000256  00000-0  52999-4 0  9997","2 39208 098.0466 055.2585 0010284 094.3228 265.9148 14.67995627 29327"
"2.0","GENERATED VIA SPACE-TRACK.ORG API","2014-02-04T23:50:45","18 SPCS","PAYLOAD C","2013-037C","EARTH","TEME","UTC","SGP4","2014-02-04T21:41:23.174880","14.95292685","0.00349480","97.6864","55.0212","92.3649","268.1584","0","U","39210","999","2980","0.00003918400000","0.00000378","0.0000000000000","6959.605","96.302","605.793","557.148","PAYLOAD","LARGE","PRC","2013-07-19","TSC","","1626685","95073862","0 PAYLOAD C","1 39210U 13037C   14035.90374045  .00000378  00000-0  39184-4 0  9991","2 39210 097.6864 055.0212 0034948 092.3649 268.1584 14.95292685 29807"
"2.0","GENERATED VIA SPACE-TRACK.ORG API","2014-02-05T07:18:31","18 SPCS","PAYLOAD B","2013-037B","EARTH","TEME","UTC","SGP4","2014-02-05T02:41:17.552543","14.67372002","0.00061800","98.0457","55.3172","85.5582","274.6341","0","U","39209","999","2934","0.00008395800000","0.00000427","0.0000000000000","7047.611","98.134","673.832","665.121","PAYLOAD","LARGE","PRC","2013-07-19","TSC","","1626852","95076172","0 PAYLOAD B","1 39209U 13037B   14036.11200871  .00000427  00000-0  83958-4 0  9991","2 39209 098.0457 055.3172 0006180 085.5582 274.6341 14.67372002 29346"
"2.0","GENERATED VIA SPACE-TRACK.ORG API","2014-02-05T06:25:23","18 SPCS","PAYLOAD A","2013-037A","EARTH","TEME","UTC","SGP4","2014-02-05T05:05:09.525984","14.67995760","0.00102800","98.0466","55.6604","93.1424","267.0955","0","U","39208","999","2938","0.00004884800000","0.00000232","0.0000000000000","7045.615","98.092","674.723","660.237","PAYLOAD","LARGE","PRC","2013-07-19","TSC","","1626786","95074620","0 PAYLOAD A","1 39208U 13037A   14036.21191581  .00000232  00000-0  48848-4 0  9991","2 39208 098.0466 055.6604 0010280 093.1424 267.0955 14.67995760 29387"
"2.0","GENERATED VIA SPACE-TRACK.ORG API","2014-02-05T07:29:27","18 SPCS","PAYLOAD C","2013-037C","EARTH","TEME","UTC","SGP4","2014-02-05T05:43:11.743103","14.95293855","0.00348830","97.6863","55.3494","91.3468","269.1798","0","U","39210","999","2985","0.00004887900000","0.00000486","0.0000000000000","6959.602","96.302","605.744","557.190","PAYLOAD","LARGE","PRC","2013-07-19","TSC","","1626853","95076203","0 PAYLOAD C","1 39210U 13037C   14036.23833036  .00000486  00000-0  48879-4 0  9999","2 39210 097.6863 055.3494 0034883 091.3468 269.1798 14.95293855 29850"
"2.0","GENERATED VIA SPACE-TRACK.ORG API","2014-02-05T15:52:07","18 SPCS","PAYLOAD B","2013-037B","EARTH","TEME","UTC","SGP4","2014-02-05T09:14:03.954336","14.67372709","0.00061890","98.0460","55.5852","84.5513","275.6408","0","U","39209","999","2938","0.00009577200000","0.00000493","0.0000000000000","7047.609","98.134","673.836","665.112","PAYLOAD","LARGE","PRC","2013-07-19","TSC","","1627014","95079305","0 PAYLOAD B","1 39209U 13037B   14036.38476799  .00000493  00000-0  95772-4 0  9994","2 39209 098.0460 055.5852 0006189 084.5513 275.6408 14.67372709 29382"
"2.0","GENERATED VIA SPACE-TRACK.ORG API","2014-02-05T14:32:17","18 SPCS","PAYLOAD A","2013-037A","EARTH","TEME","UTC","SGP4","2014-02-05T13:15:55.047744","14.67996335","0.00102950","98.0467","55.9956","91.9151","268.3230","0","U","39208","999","2943","0.00005996800000","0.00000296","0.0000000000000","7045.613","98.092","674.731","660.224","PAYLOAD","LARGE","PRC","2013-07-19","TSC","","1626914","95076923","0 PAYLOAD A","1 39208U 13037A   14036.55272046  .00000296  00000-0  59968-4 0  9999","2 39208 098.0467 055.9956 0010295 091.9151 268.3230 14.67996335 29435"
"2.0","GENERATED VIA SPACE-TRACK.ORG API","2014-02-05T15:53:47","18 SPCS","PAYLOAD C","2013-037C","EARTH","TEME","UTC","SGP4","2014-02-05T13:45:00.243072","14.95294372","0.00348870","97.6863","55.6777","90.2332","270.2892","0","U","39210","999","2990","0.00005032600000","0.00000502","0.0000000000000","6959.600","96.302","605.745","557.185","PAYLOAD","LARGE","PRC","2013-07-19","TSC","","1627016","95079357","0 PAYLOAD C","1 39210U 13037C   14036.57291948  .00000502  00000-0  50326-4 0  9995","2 39210 097.6863 055.6777 0034887 090.2332 270.2892 14.95294372 29908"
"2.0","GENERATED VIA SPACE-TRACK.ORG API","2014-02-05T22:31:11","18 SPCS","PAYLOAD A","2013-037A","EARTH","TEME","UTC","SGP4","2014-02-05T16:32:13.265952","14.67996004","0.00103020","98.0468","56.1294","91.6321","268.6057","0","U","39208","999","2945","0.00004267100000","0.00000196","0.0000000000000","7045.614","98.092","674.737","660.220","PAYLOAD","LARGE","PRC","2013-07-19","TSC","","1627112","95080377","0 PAYLOAD A","1 39208U 13037A   14036.68904243  .00000196  00000-0  42671-4 0  9996","2 39208 098.0468 056.1294 0010302 091.6321 268.6057 14.67996004 29454"
"2.0","GENERATED VIA SPACE-TRACK.ORG API","2014-02-05T23:41:23","18 SPCS","PAYLOAD B","2013-037B","EARTH","TEME","UTC","SGP4","2014-02-05T17:25:01.985088","14.67372597","0.00062210","98.0462","55.9202","84.5221","275.6675","0","U","39209","999","2943","0.00008690900000","0.00000443","0.0000000000000","7047.609","98.134","673.859","665.090","PAYLOAD","LARGE","PRC","2013-07-19","TSC","","1627200","95082448","0 PAYLOAD B","1 39209U 13037B   14036.72571742  .00000443  00000-0  86909-4 0  9993","2 39209 098.0462 055.9202 0006221 084.5221 275.6675 14.67372597 29437"
"2.0","GENERATED VIA SPACE-TRACK.ORG API","2014-02-05T23:43:22","18 SPCS","PAYLOAD C","2013-037C","EARTH","TEME","UTC","SGP4","2014-02-05T21:46:48.824255","14.95295116","0.00349740","97.6866","56.0063","89.2708","271.2540","0","U","39210","999","2995","0.00005771800000","0.00000585","0.0000000000000","6959.598","96.302","605.803","557.122","PAYLOAD","LARGE","PRC","2013-07-19","TSC","","1627203","95082488","0 PAYLOAD C","1 39210U 13037C   14036.90750954  .00000585  00000-0  57718-4 0  9992","2 39210 097.6866 056.0063 0034974 089.2708 271.2540 14.95295116 29959"
"2.0","GENERATED VIA SPACE-TRACK.ORG API","2014-02-06T01:59:27","18 SPCS","PAYLOAD B","2013-037B","EARTH","TEME","UTC","SGP4","2014-02-06T01:36:00.022751","14.67373062","0.00062760","98.0467","56.2553","83.6586","276.5326","0","U","39209","999","2948","0.00008783600000","0.00000449","0.0000000000000","7047.608","98.134","673.896","665.050","PAYLOAD","LARGE","PRC","2013-07-19","TSC","","1627231","95082707","0 PAYLOAD B","1 39209U 13037B   14037.06666693  .00000449  00000-0  87836-4 0  9997","2 39209 098.0467 056.2553 0006276 083.6586 276.5326 14.67373062 29485"
"2.0","GENERATED VIA SPACE-TRACK.ORG API","2014-02-06T07:50:28","18 SPCS","PAYLOAD B","2013-037B","EARTH","TEME","UTC","SGP4","2014-02-06T03:14:11.639615","14.67373192","0.00062320","98.0461","56.3221","83.9504","276.2423","0","U","39209","999","2949","0.00008900500000","0.00000455","0.0000000000000","7047.607","98.134","673.864","665.080","PAYLOAD","LARGE","PRC","2013-07-19","TSC","","1627410","95085659","0 PAYLOAD B","1 39209U 13037B   14037.13485694  .00000455  00000-0  89005-4 0  9992","2 39209 098.0461 056.3221 0006232 083.9504 276.2423 14.67373192 29497"
"2.0","GENERATED VIA SPACE-TRACK.ORG API","2014-02-06T05:03:44","18 SPCS","PAYLOAD A","2013-037A","EARTH","TEME","UTC","SGP4","2014-02-06T03:59:17.032703","14.67996198","0.00102970","98.0470","56.5983","89.1604","271.0763","0","U","39208","999","2952","0.00004109300000","0.00000187","0.0000000000000","7045.613","98.092","674.733","660.223","PAYLOAD","LARGE","PRC","2013-07-19","TSC","","1627261","95082737","0 PAYLOAD A","1 39208U 13037A   14037.16616936  .00000187  00000-0  41093-4 0  9996","2 39208 098.0470 056.5983 0010297 089.1604 271.0763 14.67996198 29529"
"2.0","GENERATED VIA SPACE-TRACK.ORG API","2014-02-06T07:52:25","18 SPCS","PAYLOAD C","2013-037C","EARTH","TEME","UTC","SGP4","2014-02-06T05:48:37.326815","14.95296014","0.00349320","97.6867","56.3344","88.0969","272.4270","0","U","39210","999","3000","0.00006267700000","0.00000640","0.0000000000000","6959.595","96.302","605.771","557.149","PAYLOAD","LARGE","PRC","2013-07-19","TSC","","1627412","95085713","0 PAYLOAD C","1 39210U 13037C   14037.24209869  .00000640  00000-0  62677-4 0  9996","2 39210 097.6867 056.3344 0034932 088.0969 272.4270 14.95296014 30004"
"2.0","GENERATED VIA SPACE-TRACK.ORG API","2014-02-06T12:36:28","18 SPCS","PAYLOAD A","2013-037A","EARTH","TEME","UTC","SGP4","2014-02-06T07:15:35.276831","14.67996594","0.00103680","98.0472","56.7327","89.9113","270.3324","0","U","39208","999","2954","0.00004487300000","0.00000209","0.0000000000000","7045.612","98.092","674.782","660.172","PAYLOAD","LARGE","PRC","2013-07-19","TSC","","1627443","95086324","0 PAYLOAD A","1 39208U 13037A   14037.30249163  .00000209  00000-0  44873-4 0  9990","2 39208 098.0472 056.7327 0010368 089.9113 270.3324 14.67996594 29544"
"2.0","GENERATED VIA SPACE-TRACK.ORG API","2014-02-06T13:33:50","18 SPCS","PAYLOAD B","2013-037B","EARTH","TEME","UTC","SGP4","2014-02-06T08:08:46.434048","14.67373549","0.00062360","98.0465","56.5235","83.2340","276.9577","0","U","39209","999","2952","0.00009486500000","0.00000488","0.0000000000000","7047.606","98.134","673.866","665.076","PAYLOAD","LARGE","PRC","2013-07-19","TSC","","1627516","95088086","0 PAYLOAD B","1 39209U 13037B   14037.33942632  .00000488  00000-0  94865-4 0  9990","2 39209 098.0465 056.5235 0006236 083.2340 276.9577 14.67373549 29520"
"2.0","GENERATED VIA SPACE-TRACK.ORG API","2014-02-06T13:35:26","18 SPCS","PAYLOAD C","2013-037C","EARTH","TEME","UTC","SGP4","2014-02-06T09:01:20.714880","14.95296466","0.00349130","97.6867","56.4657","87.7105","272.8133","0","U","39210","999","3002","0.00006597500000","0.00000677","0.0000000000000","6959.594","96.301","605.757","557.161","PAYLOAD","LARGE","PRC","2013-07-19","TSC","","1627518","95088111","0 PAYLOAD C","1 39210U 13037C   14037.37593420  .00000677  00000-0  65975-4 0  9993","2 39210 097.6867 056.4657 0034913 087.7105 272.8133 14.95296466 30024"
"2.0","GENERATED VIA SPACE-TRACK.ORG API","2014-02-06T20:21:18","18 SPCS","PAYLOAD A","2013-037A","EARTH","TEME","UTC","SGP4","2014-02-06T15:26:20.698367","14.67997773","0.00103950","98.0480","57.0695","89.1992","271.0425","0","U","39208","999","2959","0.00008366000000","0.00000431","0.0000000000000","7045.608","98.092","674.797","660.149","PAYLOAD","LARGE","PRC","2013-07-19","TSC","","1627663","95089999","0 PAYLOAD A","1 39208U 13037A   14037.64329512  .00000431  00000-0  83660-4 0  9998","2 39208 098.0480 057.0695 0010395 089.1992 271.0425 14.67997773 29597"
"2.0","GENERATED VIA SPACE-TRACK.ORG API","2014-02-06T21:32:54","18 SPCS","PAYLOAD B","2013-037B","EARTH","TEME","UTC","SGP4","2014-02-06T16:19:44.430239","14.67373344","0.00062630","98.0466","56.8584","82.8600","277.3276","0","U","39209","999","2957","0.00008224800000","0.00000417","0.0000000000000","7047.607","98.134","673.886","665.058","PAYLOAD","LARGE","PRC","2013-07-19","TSC","","1627754","95092104","0 PAYLOAD B","1 39209U 13037B   14037.68037535  .00000417  00000-0  82248-4 0  9999","2 39209 098.0466 056.8584 0006263 082.8600 277.3276 14.67373344 29574"
"2.0","GENERATED VIA SPACE-TRACK.ORG API","2014-02-06T21:34:20","18 SPCS","PAYLOAD C","2013-037C","EARTH","TEME","UTC","SGP4","2014-02-06T17:03:09.203616","14.95296635","0.00349350","97.6866","56.7937","86.7715","273.7484","0","U","39210","999","3007","0.00006254300000","0.00000639","0.0000000000000","6959.593","96.301","605.771","557.145","PAYLOAD","LARGE","PRC","2013-07-19","TSC","","1627756","95092140","0 PAYLOAD C","1 39210U 13037C   14037.71052319  .00000639  00000-0  62543-4 0  9994","2 39210 097.6866 056.7937 0034935 086.7715 273.7484 14.95296635 30079"
"2.0","GENERATED VIA SPACE-TRACK.ORG API","2014-02-06T22:46:07","18 SPCS","PAYLOAD B","2013-037B","EARTH","TEME","UTC","SGP4","2014-02-06T19:36:07.705439","14.67373489","0.00062670","98.0465","56.9923","82.4556","277.7362","0","U","39209","999","2959","0.00008230100000","0.00000417","0.0000000000000","7047.606","98.134","673.888","665.055","PAYLOAD","LARGE","PRC","2013-07-19","TSC","","1627816","95093241","0 PAYLOAD B","1 39209U 13037B   14037.81675585  .00000417  00000-0  82301-4 0  9997","2 39209 098.0465 056.9923 0006267 082.4556 277.7362 14.67373489 29593"
"2.0","GENERATED VIA SPACE-TRACK.ORG API","2014-02-06T22:20:45","18 SPCS","PAYLOAD A","2013-037A","EARTH","TEME","UTC","SGP4","2014-02-06T20:20:47.967359","14.67997946","0.00104140","98.0478","57.2705","88.3032","271.9362","0","U","39208","999","2962","0.00008105700000","0.00000416","0.0000000000000","7045.608","98.092","674.810","660.135","PAYLOAD","LARGE","PRC","2013-07-19","TSC","","1627783","95092505","0 PAYLOAD A","1 39208U 13037A   14037.84777740  .00000416  00000-0  81057-4 0  9991","2 39208 098.0478 057.2705 0010414 088.3032 271.9362 14.67997946 29621"
"2.0","GENERATED VIA SPACE-TRACK.ORG API","2014-02-06T22:46:07","18 SPCS","PAYLOAD C","2013-037C","EARTH","TEME","UTC","SGP4","2014-02-06T21:52:14.346623","14.95297506","0.00349100","97.6866","56.9904","86.1892","274.3353","0","U","39210","999","3010","0.00007120900000","0.00000735","0.0000000000000","6959.590","96.301","605.751","557.159","PAYLOAD","LARGE","PRC","2013-07-19","TSC","","1627816","95093259","0 PAYLOAD C","1 39210U 13037C   14037.91127716  .00000735  00000-0  71209-4 0  9996","2 39210 097.6866 056.9904 0034910 086.1892 274.3353 14.95297506 30102"
"2.0","GENERATED VIA SPACE-TRACK.ORG API","2014-02-07T08:07:28","18 SPCS","PAYLOAD B","2013-037B","EARTH","TEME","UTC","SGP4","2014-02-07T03:47:05.691264","14.67374358","0.00062160","98.0464","57.3278","81.5060","278.6872","0","U","39209","999","2964","0.00009529300000","0.00000491","0.0000000000000","7047.604","98.134","673.849","665.088","PAYLOAD","LARGE","PRC","2013-07-19","TSC","","1628001","95096002","0 PAYLOAD B","1 39209U 13037B   14038.15770476  .00000491  00000-0  95293-4 0  9996","2 39209 098.0464 057.3278 0006216 081.5060 278.6872 14.67374358 29642"
"2.0","GENERATED VIA SPACE-TRACK.ORG API","2014-02-07T08:09:11","18 SPCS","PAYLOAD C","2013-037C","EARTH","TEME","UTC","SGP4","2014-02-07T04:17:41.085599","14.95298092","0.00348790","97.6865","57.2528","85.3010","275.2203","0","U","39210","999","3014","0.00007235400000","0.00000748","0.0000000000000","6959.589","96.301","605.728","557.179","PAYLOAD","LARGE","PRC","2013-07-19","TSC","","1628002","95096045","0 PAYLOAD C","1 39210U 13037C   14038.17894775  .00000748  00000-0  72354-4 0  9997","2 39210 097.6865 057.2528 0034879 085.3010 275.2203 14.95298092 30143"
"2.0","GENERATED VIA SPACE-TRACK.ORG API","2014-02-07T06:27:47","18 SPCS","PAYLOAD A","2013-037A","EARTH","TEME","UTC","SGP4","2014-02-07T04:31:33.458880","14.67998432","0.00104000","98.0477","57.6056","87.3358","272.9041","0","U","39208","999","2967","0.00008520400000","0.00000440","0.0000000000000","7045.606","98.092","674.799","660.144","PAYLOAD","LARGE","PRC","2013-07-19","TSC","","1627912","95093899","0 PAYLOAD A","1 39208U 13037A   14038.18858170  .00000440  00000-0  85204-4 0  9991","2 39208 098.0477 057.6056 0010400 087.3358 272.9041 14.67998432 29679"
"2.0","GENERATED VIA SPACE-TRACK.ORG API","2014-02-07T14:26:24","18 SPCS","PAYLOAD A","2013-037A","EARTH","TEME","UTC","SGP4","2014-02-07T11:04:09.843456","14.67998724","0.00104120","98.0479","57.8737","86.6317","273.6083","0","U","39208","999","2971","0.00008471000000","0.00000437","0.0000000000000","7045.605","98.092","674.806","660.134","PAYLOAD","LARGE","PRC","2013-07-19","TSC","","1628042","95096701","0 PAYLOAD A","1 39208U 13037A   14038.46122504  .00000437  00000-0  84710-4 0  9994","2 39208 098.0479 057.8737 0010412 086.6317 273.6083 14.67998724 29712"
"2.0","GENERATED VIA SPACE-TRACK.ORG API","2014-02-07T15:35:26","18 SPCS","PAYLOAD B","2013-037B","EARTH","TEME","UTC","SGP4","2014-02-07T11:58:03.644256","14.67374766","0.00062070","98.0467","57.6629","80.6260","279.5649","0","U","39209","999","2969","0.00009510100000","0.00000490","0.0000000000000","7047.602","98.134","673.842","665.093","PAYLOAD","LARGE","PRC","2013-07-19","TSC","","1628120","95098468","0 PAYLOAD B","1 39209U 13037B   14038.49865329  .00000490  00000-0  95101-4 0  9992","2 39209 098.0467 057.6629 0006207 080.6260 279.5649 14.67374766 29690"
"2.0","GENERATED VIA SPACE-TRACK.ORG API","2014-02-07T15:35:38","18 SPCS","PAYLOAD C","2013-037C","EARTH","TEME","UTC","SGP4","2014-02-07T12:19:29.537183","14.95299440","0.00348690","97.6867","57.5811","84.2758","276.2469","0","U","39210","999","3019","0.00008294600000","0.00000866","0.0000000000000","6959.584","96.301","605.717","557.182","PAYLOAD","LARGE","PRC","2013-07-19","TSC","","1628121","95098496","0 PAYLOAD C","1 39210U 13037C   14038.51353631  .00000866  00000-0  82946-4 0  9995","2 39210 097.6867 057.5811 0034869 084.2758 276.2469 14.95299440 30197"
"2.0","GENERATED VIA SPACE-TRACK.ORG API","2014-02-07T22:46:13","18 SPCS","PAYLOAD A","2013-037A","EARTH","TEME","UTC","SGP4","2014-02-07T19:14:55.342751","14.67998240","0.00104000","98.0477","58.2089","85.3221","274.9139","0","U","39208","999","2976","0.00006787300000","0.00000341","0.0000000000000","7045.607","98.092","674.799","660.144","PAYLOAD","LARGE","PRC","2013-07-19","TSC","","1628251","95099634","0 PAYLOAD A","1 39208U 13037A   14038.80202943  .00000341  00000-0  67873-4 0  9993","2 39208 098.0477 058.2089 0010400 085.3221 274.9139 14.67998240 29766"
"2.0","GENERATED VIA SPACE-TRACK.ORG API","2014-02-08T00:26:19","18 SPCS","PAYLOAD B","2013-037B","EARTH","TEME","UTC","SGP4","2014-02-07T20:09:01.655135","14.67374611","0.00061840","98.0466","57.9977","80.6660","279.5246","0","U","39209","999","2974","0.00008135700000","0.00000412","0.0000000000000","7047.603","98.134","673.826","665.110","PAYLOAD","LARGE","PRC","2013-07-19","TSC","","1628360","95101911","0 PAYLOAD B","1 39209U 13037B   14038.83960249  .00000412  00000-0  81357-4 0  9999","2 39209 098.0466 057.9977 0006184 080.6660 279.5246 14.67374611 29744"
"2.0","GENERATED VIA SPACE-TRACK.ORG API","2014-02-08T00:28:01","18 SPCS","PAYLOAD C","2013-037C","EARTH","TEME","UTC","SGP4","2014-02-07T20:21:17.949887","14.95300603","0.00349000","97.6867","57.9092","83.2644","277.2565","0","U","39210","999","3024","0.00009289900000","0.00000977","0.0000000000000","6959.581","96.301","605.735","557.157","PAYLOAD","LARGE","PRC","2013-07-19","TSC","","1628363","95101970","0 PAYLOAD C","1 39210U 13037C   14038.84812442  .00000977  00000-0  92899-4 0  9992","2 39210 097.6867 057.9092 0034900 083.2644 277.2565 14.95300603 30249"
"2.0","GENERATED VIA SPACE-TRACK.ORG API","2014-02-08T07:21:47","18 SPCS","PAYLOAD B","2013-037B","EARTH","TEME","UTC","SGP4","2014-02-08T04:19:59.615040","14.67375450","0.00061580","98.0466","58.3325","79.7457","280.4454","0","U","39209","999","2979","0.00009458200000","0.00000487","0.0000000000000","7047.600","98.134","673.805","665.125","PAYLOAD","LARGE","PRC","2013-07-19","TSC","","1628520","95104400","0 PAYLOAD B","1 39209U 13037B   14039.18055110  .00000487  00000-0  94582-4 0  9996","2 39209 098.0466 058.3325 0006158 079.7457 280.4454 14.67375450 29799"
"2.0","GENERATED VIA SPACE-TRACK.ORG API","2014-02-08T07:23:06","18 SPCS","PAYLOAD C","2013-037C","EARTH","TEME","UTC","SGP4","2014-02-08T04:23:06.335807","14.95301653","0.00348870","97.6867","58.2372","82.1930","278.3261","0","U","39210","999","3029","0.00009682400000","0.00001021","0.0000000000000","6959.578","96.301","605.722","557.163","PAYLOAD","LARGE","PRC","2013-07-19","TSC","","1628521","95104432","0 PAYLOAD C","1 39210U 13037C   14039.18271222  .00001021  00000-0  96824-4 0  9998","2 39210 097.6867 058.2372 0034887 082.1930 278.3261 14.95301653 30290"
"2.0","GENERATED VIA SPACE-TRACK.ORG API","2014-02-08T06:25:54","18 SPCS","PAYLOAD A","2013-037A","EARTH","TEME","UTC","SGP4","2014-02-08T05:03:49.987872","14.67998732","0.00103970","98.0480","58.6112","83.9365","276.3025","0","U","39208","999","2982","0.00007726500000","0.00000395","0.0000000000000","7045.605","98.092","674.795","660.145","PAYLOAD","LARGE","PRC","2013-07-19","TSC","","1628444","95102668","0 PAYLOAD A","1 39208U 13037A   14039.21099523  .00000395  00000-0  77265-4 0  9992","2 39208 098.0480 058.6112 0010397 083.9365 276.3025 14.67998732 29822"
"2.0","GENERATED VIA SPACE-TRACK.ORG API","2014-02-08T15:35:12","18 SPCS","PAYLOAD B","2013-037B","EARTH","TEME","UTC","SGP4","2014-02-08T10:52:45.976224","14.67375850","0.00061780","98.0467","58.6004","78.8574","281.3331","0","U","39209","999","2983","0.00009628900000","0.00000496","0.0000000000000","7047.599","98.134","673.818","665.110","PAYLOAD","LARGE","PRC","2013-07-19","TSC","","1628641","95107113","0 PAYLOAD B","1 39209U 13037B   14039.45330991  .00000496  00000-0  96289-4 0  9995","2 39209 098.0467 058.6004 0006178 078.8574 281.3331 14.67375850 29832"
"2.0","GENERATED VIA SPACE-TRACK.ORG API","2014-02-08T14:29:38","18 SPCS","PAYLOAD A","2013-037A","EARTH","TEME","UTC","SGP4","2014-02-08T11:36:26.371584","14.67998973","0.00103950","98.0480","58.8792","83.0991","277.1396","0","U","39208","999","2986","0.00007738700000","0.00000395","0.0000000000000","7045.604","98.092","674.793","660.145","PAYLOAD","LARGE","PRC","2013-07-19","TSC","","1628560","95105112","0 PAYLOAD A","1 39208U 13037A   14039.48363856  .00000395  00000-0  77387-4 0  9999","2 39208 098.0480 058.8792 0010395 083.0991 277.1396 14.67998973 29863"
"2.0","GENERATED VIA SPACE-TRACK.ORG API","2014-02-08T15:36:53","18 SPCS","PAYLOAD C","2013-037C","EARTH","TEME","UTC","SGP4","2014-02-08T12:24:54.703583","14.95302973","0.00348980","97.6866","58.5650","81.2398","279.2795","0","U","39210","999","3034","0.00010410000000","0.00001102","0.0000000000000","6959.573","96.301","605.726","557.151","PAYLOAD","LARGE","PRC","2013-07-19","TSC","","1628643","95107159","0 PAYLOAD C","1 39210U 13037C   14039.51729981  .00001102  00000-0  10410-3 0  9991","2 39210 097.6866 058.5650 0034898 081.2398 279.2795 14.95302973 30345"
"2.0","GENERATED VIA SPACE-TRACK.ORG API","2014-02-08T22:34:23","18 SPCS","PAYLOAD A","2013-037A","EARTH","TEME","UTC","SGP4","2014-02-08T19:47:11.845824","14.67998814","0.00103640","98.0478","59.2138","82.2058","278.0318","0","U","39208","999","2991","0.00005967000000","0.00000294","0.0000000000000","7045.605","98.092","674.772","660.168","PAYLOAD","LARGE","PRC","2013-07-19","TSC","","1628799","95108298","0 PAYLOAD A","1 39208U 13037A   14039.82444266  .00000294  00000-0  59670-4 0  9995","2 39208 098.0478 059.2138 0010364 082.2058 278.0318 14.67998814 29914"
"2.0","GENERATED VIA SPACE-TRACK.ORG API","2014-02-09T00:06:31","18 SPCS","PAYLOAD C","2013-037C","EARTH","TEME","UTC","SGP4","2014-02-08T20:26:43.028159","14.95304686","0.00349560","97.6868","58.8934","80.0752","280.4424","0","U","39210","999","3039","0.00011931000000","0.00001272","0.0000000000000","6959.568","96.301","605.761","557.105","PAYLOAD","LARGE","PRC","2013-07-19","TSC","","1628914","95110914","0 PAYLOAD C","1 39210U 13037C   14039.85188690  .00001272  00000-0  11931-3 0  9991","2 39210 097.6868 058.8934 0034956 080.0752 280.4424 14.95304686 30392"
"2.0","GENERATED VIA SPACE-TRACK.ORG API","2014-02-09T00:05:06","18 SPCS","PAYLOAD B","2013-037B","EARTH","TEME","UTC","SGP4","2014-02-08T20:41:55.561632","14.67375902","0.00061720","98.0467","59.0025","77.7260","282.4639","0","U","39209","999","2989","0.00008588700000","0.00000438","0.0000000000000","7047.599","98.134","673.813","665.114","PAYLOAD","LARGE","PRC","2013-07-19","TSC","","1628913","95110870","0 PAYLOAD B","1 39209U 13037B   14039.86244863  .00000438  00000-0  85887-4 0  9990","2 39209 098.0467 059.0025 0006172 077.7260 282.4639 14.67375902 29891"
"2.0","GENERATED VIA SPACE-TRACK.ORG API","2014-02-09T06:31:56","18 SPCS","PAYLOAD A","2013-037A","EARTH","TEME","UTC","SGP4","2014-02-08T23:03:30.046751","14.67998887","0.00103600","98.0478","59.3477","81.7766","278.4614","0","U","39208","999","2993","0.00005883400000","0.00000289","0.0000000000000","7045.605","98.092","674.769","660.170","PAYLOAD","LARGE","PRC","2013-07-19","TSC","","1629031","95111755","0 PAYLOAD A","1 39208U 13037A   14039.96076443  .00000289  00000-0  58834-4 0  9993","2 39208 098.0478 059.3477 0010360 081.7766 278.4614 14.67998887 29932"
"2.0","GENERATED VIA SPACE-TRACK.ORG API","2014-02-09T07:41:14","18 SPCS","PAYLOAD B","2013-037B","EARTH","TEME","UTC","SGP4","2014-02-09T03:14:41.872703","14.67377070","0.00061810","98.0467","59.2703","77.2574","282.9329","0","U","39209","999","2993","0.00011112000000","0.00000580","0.0000000000000","7047.595","98.134","673.816","665.104","PAYLOAD","LARGE","PRC","2013-07-19","TSC","","1629121","95113820","0 PAYLOAD B","1 39209U 13037B   14040.13520686  .00000580  00000-0  11112-3 0  9999","2 39209 098.0467 059.2703 0006181 077.2574 282.9329 14.67377070 29933"
"2.0","GENERATED VIA SPACE-TRACK.ORG API","2014-02-09T07:42:28","18 SPCS","PAYLOAD C","2013-037C","EARTH","TEME","UTC","SGP4","2014-02-09T04:28:31.319904","14.95306141","0.00349280","97.6868","59.2212","79.0526","281.4638","0","U","39210","999","3044","0.00012617000000","0.00001348","0.0000000000000","6959.564","96.301","605.737","557.120","PAYLOAD","LARGE","PRC","2013-07-19","TSC","","1629122","95113859","0 PAYLOAD C","1 39210U 13037C   14040.18647361  .00001348  00000-0  12617-3 0  9990","2 39210 097.6868 059.2212 0034928 079.0526 281.4638 14.95306141 30444"
"2.0","GENERATED VIA SPACE-TRACK.ORG API","2014-02-09T14:24:06","18 SPCS","PAYLOAD A","2013-037A","EARTH","TEME","UTC","SGP4","2014-02-09T10:30:33.711551","14.67999195","0.00103580","98.0478","59.8168","80.2480","279.9894","0","U","39208","999","3000","0.00005843300000","0.00000287","0.0000000000000","7045.604","98.092","674.767","660.171","PAYLOAD","LARGE","PRC","2013-07-19","TSC","","1629161","95114474","0 PAYLOAD A","1 39208U 13037A   14040.43789018  .00000287  00000-0  58433-4 0  9999","2 39208 098.0478 059.8168 0010358 080.2480 279.9894 14.67999195 30007"
"2.0","GENERATED VIA SPACE-TRACK.ORG API","2014-02-09T15:29:31","18 SPCS","PAYLOAD B","2013-037B","EARTH","TEME","UTC","SGP4","2014-02-09T11:25:39.779040","14.67377924","0.00062180","98.0469","59.6053","76.3720","283.8184","0","U","39209","999","2998","0.00012114000000","0.00000637","0.0000000000000","7047.592","98.134","673.839","665.075","PAYLOAD","LARGE","PRC","2013-07-19","TSC","","1629238","95116283","0 PAYLOAD B","1 39209U 13037B   14040.47615485  .00000637  00000-0  12114-3 0  9994","2 39209 098.0469 059.6053 0006218 076.3720 283.8184 14.67377924 29983"
"2.0","GENERATED VIA SPACE-TRACK.ORG API","2014-02-09T15:31:06","18 SPCS","PAYLOAD C","2013-037C","EARTH","TEME","UTC","SGP4","2014-02-09T12:30:19.583999","14.95307547","0.00349560","97.6869","59.5496","77.9796","282.5349","0","U","39210","999","3049","0.00013160000000","0.00001409","0.0000000000000","6959.559","96.301","605.752","557.096","PAYLOAD","LARGE","PRC","2013-07-19","TSC","","1629239","95116313","0 PAYLOAD C","1 39210U 13037C   14040.52106000  .00001409  00000-0  13160-3 0  9990","2 39210 097.6869 059.5496 0034956 077.9796 282.5349 14.95307547 30496"
"2.0","GENERATED VIA SPACE-TRACK.ORG API","2014-02-09T22:33:07","18 SPCS","PAYLOAD A","2013-037A","EARTH","TEME","UTC","SGP4","2014-02-09T18:41:19.054463","14.68000260","0.00103050","98.0474","60.1518","79.8248","280.4116","0","U","39208","999","3005","0.00007416000000","0.00000377","0.0000000000000","7045.600","98.092","674.726","660.205","PAYLOAD","LARGE","PRC","2013-07-19","TSC","","1629364","95117400","0 PAYLOAD A","1 39208U 13037A   14040.77869276  .00000377  00000-0  74160-4 0  9996","2 39208 098.0474 060.1518 0010305 079.8248 280.4116 14.68000260 30051"
"2.0","GENERATED VIA SPACE-TRACK.ORG API","2014-02-09T23:57:33","18 SPCS","PAYLOAD B","2013-037B","EARTH","TEME","UTC","SGP4","2014-02-09T19:36:37.726848","14.67377983","0.00061780","98.0466","59.9400","75.5224","284.6669","0","U","39209","999","3003","0.00011173000000","0.00000584","0.0000000000000","7047.592","98.134","673.811","665.103","PAYLOAD","LARGE","PRC","2013-07-19","TSC","","1629483","95119815","0 PAYLOAD B","1 39209U 13037B   14040.81710332  .00000584  00000-0  11173-3 0  9994","2 39209 098.0466 059.9400 0006178 075.5224 284.6669 14.67377983 30034"
"2.0","GENERATED VIA SPACE-TRACK.ORG API","2014-02-09T23:59:08","18 SPCS","PAYLOAD C","2013-037C","EARTH","TEME","UTC","SGP4","2014-02-09T20:32:07.861056","14.95308894","0.00349940","97.6869","59.8776","76.8497","283.6635","0","U","39210","999","3054","0.00013799000000","0.00001480","0.0000000000000","6959.555","96.301","605.774","557.066","PAYLOAD","LARGE","PRC","2013-07-19","TSC","","1629485","95119871","0 PAYLOAD C","1 39210U 13037C   14040.85564654  .00001480  00000-0  13799-3 0  9996","2 39210 097.6869 059.8776 0034994 076.8497 283.6635 14.95308894 30540"
"2.0","GENERATED VIA SPACE-TRACK.ORG API","2014-02-10T06:27:59","18 SPCS","PAYLOAD A","2013-037A","EARTH","TEME","UTC","SGP4","2014-02-10T02:52:04.456992","14.68000910","0.00103050","98.0473","60.4867","78.8749","281.3615","0","U","39208","999","3010","0.00007917700000","0.00000406","0.0000000000000","7045.598","98.092","674.724","660.203","PAYLOAD","LARGE","PRC","2013-07-19","TSC","","1629584","95120689","0 PAYLOAD A","1 39208U 13037A   14041.11949603  .00000406  00000-0  79177-4 0  9994","2 39208 098.0473 060.4867 0010305 078.8749 281.3615 14.68000910 30107"
"2.0","GENERATED VIA SPACE-TRACK.ORG API","2014-02-10T07:38:11","18 SPCS","PAYLOAD B","2013-037B","EARTH","TEME","UTC","SGP4","2014-02-10T03:47:35.602943","14.67379466","0.00062030","98.0467","60.2754","74.4094","285.7820","0","U","39209","999","3008","0.00013947000000","0.00000740","0.0000000000000","7047.587","98.134","673.824","665.081","PAYLOAD","LARGE","PRC","2013-07-19","TSC","","1629668","95122734","0 PAYLOAD B","1 39209U 13037B   14041.15805096  .00000740  00000-0  13947-3 0  9999","2 39209 098.0467 060.2754 0006203 074.4094 285.7820 14.67379466 30088"
"2.0","GENERATED VIA SPACE-TRACK.ORG API","2014-02-10T07:39:06","18 SPCS","PAYLOAD C","2013-037C","EARTH","TEME","UTC","SGP4","2014-02-10T04:33:56.026655","14.95311056","0.00350170","97.6870","60.2057","75.6155","284.8952","0","U","39210","999","3059","0.00015328000000","0.00001651","0.0000000000000","6959.548","96.301","605.784","557.043","PAYLOAD","LARGE","PRC","2013-07-19","TSC","","1629669","95122762","0 PAYLOAD C","1 39210U 13037C   14041.19023179  .00001651  00000-0  15328-3 0  9996","2 39210 097.6870 060.2057 0035017 075.6155 284.8952 14.95311056 30599"
"2.0","GENERATED VIA SPACE-TRACK.ORG API","2014-02-10T14:23:59","18 SPCS","PAYLOAD A","2013-037A","EARTH","TEME","UTC","SGP4","2014-02-10T11:02:49.873344","14.68002109","0.00103460","98.0474","60.8217","77.7765","282.4621","0","U","39208","999","3015","0.00010662000000","0.00000563","0.0000000000000","7045.594","98.092","674.749","660.170","PAYLOAD","LARGE","PRC","2013-07-19","TSC","","1629714","95123304","0 PAYLOAD A","1 39208U 13037A   14041.46029946  .00000563  00000-0  10662-3 0  9998","2 39208 098.0474 060.8217 0010346 077.7765 282.4621 14.68002109 30158"
"2.0","GENERATED VIA SPACE-TRACK.ORG API","2014-02-10T15:20:49","18 SPCS","PAYLOAD B","2013-037B","EARTH","TEME","UTC","SGP4","2014-02-10T11:58:33.441888","14.67380255","0.00062150","98.0473","60.6107","73.1994","286.9895","0","U","39209","999","3013","0.00014652000000","0.00000780","0.0000000000000","7047.585","98.134","673.830","665.070","PAYLOAD","LARGE","PRC","2013-07-19","TSC","","1629781","95124835","0 PAYLOAD B","1 39209U 13037B   14041.49899817  .00000780  00000-0  14652-3 0  9998","2 39209 098.0473 060.6107 0006215 073.1994 286.9895 14.67380255 30138"
"2.0","GENERATED VIA SPACE-TRACK.ORG API","2014-02-10T15:20:49","18 SPCS","PAYLOAD C","2013-037C","EARTH","TEME","UTC","SGP4","2014-02-10T12:35:44.197439","14.95312644","0.00350230","97.6871","60.5338","74.6156","285.8938","0","U","39210","999","3064","0.00015853000000","0.00001710","0.0000000000000","6959.543","96.300","605.783","557.034","PAYLOAD","LARGE","PRC","2013-07-19","TSC","","1629781","95124865","0 PAYLOAD C","1 39210U 13037C   14041.52481710  .00001710  00000-0  15853-3 0  9991","2 39210 097.6871 060.5338 0035023 074.6156 285.8938 14.95312644 30647"
"2.0","GENERATED VIA SPACE-TRACK.ORG API","2014-02-10T22:32:52","18 SPCS","PAYLOAD A","2013-037A","EARTH","TEME","UTC","SGP4","2014-02-10T19:13:35.258592","14.68002337","0.00103710","98.0474","61.1569","76.5186","283.7160","0","U","39208","999","3020","0.00010489000000","0.00000553","0.0000000000000","7045.594","98.092","674.766","660.152","PAYLOAD","LARGE","PRC","2013-07-19","TSC","","1629942","95125688","0 PAYLOAD A","1 39208U 13037A   14041.80110253  .00000553  00000-0  10489-3 0  9994","2 39208 098.0474 061.1569 0010371 076.5186 283.7160 14.68002337 30205"
"2.0","GENERATED VIA SPACE-TRACK.ORG API","2014-02-10T23:54:28","18 SPCS","PAYLOAD B","2013-037B","EARTH","TEME","UTC","SGP4","2014-02-10T20:09:31.336127","14.67380309","0.00062010","98.0469","60.9457","72.9136","287.2739","0","U","39209","999","3018","0.00013434000000","0.00000711","0.0000000000000","7047.585","98.134","673.820","665.079","PAYLOAD","LARGE","PRC","2013-07-19","TSC","","1630021","95126971","0 PAYLOAD B","1 39209U 13037B   14041.83994602  .00000711  00000-0  13434-3 0  9995","2 39209 098.0469 060.9457 0006201 072.9136 287.2739 14.67380309 30180"
"2.0","GENERATED VIA SPACE-TRACK.ORG API","2014-02-10T23:55:56","18 SPCS","PAYLOAD C","2013-037C","EARTH","TEME","UTC","SGP4","2014-02-10T20:37:32.404512","14.95313929","0.00350440","97.6870","60.8620","73.4624","287.0452","0","U","39210","999","3069","0.00016320000000","0.00001762","0.0000000000000","6959.539","96.300","605.793","557.015","PAYLOAD","LARGE","PRC","2013-07-19","TSC","","1630022","95127002","0 PAYLOAD C","1 39210U 13037C   14041.85940283  .00001762  00000-0  16320-3 0  9999","2 39210 097.6870 060.8620 0035044 073.4624 287.0452 14.95313929 30690"
"2.0","GENERATED VIA SPACE-TRACK.ORG API","2014-02-11T06:26:18","18 SPCS","PAYLOAD A","2013-037A","EARTH","TEME","UTC","SGP4","2014-02-11T03:24:20.692223","14.68002599","0.00103700","98.0473","61.4920","75.6289","284.6069","0","U","39208","999","3025","0.00010005000000","0.00000525","0.0000000000000","7045.593","98.092","674.764","660.152","PAYLOAD","LARGE","PRC","2013-07-19","TSC","","1630177","95127975","0 PAYLOAD A","1 39208U 13037A   14042.14190616  .00000525  00000-0  10005-3 0  9996","2 39208 098.0473 061.4920 0010370 075.6289 284.6069 14.68002599 30254"
"2.0","GENERATED VIA SPACE-TRACK.ORG API","2014-02-11T08:00:43","18 SPCS","PAYLOAD B","2013-037B","EARTH","TEME","UTC","SGP4","2014-02-11T04:20:29.171615","14.67381599","0.00061480","98.0468","61.2803","71.7978","288.3906","0","U","39209","999","3023","0.00015541000000","0.00000831","0.0000000000000","7047.580","98.133","673.778","665.113","PAYLOAD","LARGE","PRC","2013-07-19","TSC","","1630279","95130058","0 PAYLOAD B","1 39209U 13037B   14042.18089319  .00000831  00000-0  15541-3 0  9998","2 39209 098.0468 061.2803 0006148 071.7978 288.3906 14.67381599 30235"
"2.0","GENERATED VIA SPACE-TRACK.ORG API","2014-02-11T08:02:33","18 SPCS","PAYLOAD C","2013-037C","EARTH","TEME","UTC","SGP4","2014-02-11T04:39:20.456064","14.95316048","0.00350060","97.6870","61.1900","72.3371","288.1671","0","U","39210","999","3074","0.00017422000000","0.00001885","0.0000000000000","6959.533","96.300","605.760","557.035","PAYLOAD","LARGE","PRC","2013-07-19","TSC","","1630280","95130080","0 PAYLOAD C","1 39210U 13037C   14042.19398676  .00001885  00000-0  17422-3 0  9990","2 39210 097.6870 061.1900 0035006 072.3371 288.1671 14.95316048 30746"
"2.0","GENERATED VIA SPACE-TRACK.ORG API","2014-02-11T12:26:01","18 SPCS","PAYLOAD B","2013-037B","EARTH","TEME","UTC","SGP4","2014-02-11T07:36:52.295615","14.67381891","0.00061390","98.0469","61.4143","71.3742","288.8133","0","U","39209","999","3025","0.00015711000000","0.00000840","0.0000000000000","7047.580","98.133","673.771","665.118","PAYLOAD","LARGE","PRC","2013-07-19","TSC","","1630312","95130312","0 PAYLOAD B","1 39209U 13037B   14042.31727194  .00000840  00000-0  15711-3 0  9992","2 39209 098.0469 061.4143 0006139 071.3742 288.8133 14.67381891 30254"
"2.0","GENERATED VIA SPACE-TRACK.ORG API","2014-02-11T14:38:32","18 SPCS","PAYLOAD A","2013-037A","EARTH","TEME","UTC","SGP4","2014-02-11T11:35:06.068832","14.68003100","0.00103730","98.0473","61.8272","74.8778","285.3577","0","U","39208","999","3030","0.00010229000000","0.00000538","0.0000000000000","7045.591","98.092","674.765","660.148","PAYLOAD","LARGE","PRC","2013-07-19","TSC","","1630342","95131000","0 PAYLOAD A","1 39208U 13037A   14042.48270913  .00000538  00000-0  10229-3 0  9994","2 39208 098.0473 061.8272 0010373 074.8778 285.3577 14.68003100 30302"
"2.0","GENERATED VIA SPACE-TRACK.ORG API","2014-02-11T16:24:38","18 SPCS","PAYLOAD B","2013-037B","EARTH","TEME","UTC","SGP4","2014-02-11T12:31:26.996736","14.67382206","0.00061590","98.0469","61.6152","70.8900","289.2971","0","U","39209","999","3028","0.00015463000000","0.00000826","0.0000000000000","7047.579","98.133","673.784","665.103","PAYLOAD","LARGE","PRC","2013-07-19","TSC","","1630440","95133035","0 PAYLOAD B","1 39209U 13037B   14042.52184024  .00000826  00000-0  15463-3 0  9992","2 39209 098.0469 061.6152 0006159 070.8900 289.2971 14.67382206 30287"
"2.0","GENERATED VIA SPACE-TRACK.ORG API","2014-02-11T16:32:08","18 SPCS","PAYLOAD C","2013-037C","EARTH","TEME","UTC","SGP4","2014-02-11T12:41:08.532671","14.95317643","0.00350780","97.6869","61.5179","71.4725","289.0300","0","U","39210","999","3079","0.00017895000000","0.00001938","0.0000000000000","6959.528","96.300","605.806","556.980","PAYLOAD","LARGE","PRC","2013-07-19","TSC","","1630456","95133343","0 PAYLOAD C","1 39210U 13037C   14042.52857098  .00001938  00000-0  17895-3 0  9998","2 39210 097.6869 061.5179 0035078 071.4725 289.0300 14.95317643 30794"
"2.0","GENERATED VIA SPACE-TRACK.ORG API","2014-02-11T22:39:28","18 SPCS","PAYLOAD A","2013-037A","EARTH","TEME","UTC","SGP4","2014-02-11T19:45:51.539615","14.68003189","0.00102920","98.0471","62.1614","75.7639","284.4778","0","U","39208","999","3035","0.00009597900000","0.00000502","0.0000000000000","7045.591","98.092","674.707","660.205","PAYLOAD","LARGE","PRC","2013-07-19","TSC","","1630553","95134329","0 PAYLOAD A","1 39208U 13037A   14042.82351319  .00000502  00000-0  95979-4 0  9999","2 39208 098.0471 062.1614 0010292 075.7639 284.4778 14.68003189 30355"
"2.0","GENERATED VIA SPACE-TRACK.ORG API","2014-02-12T00:10:44","18 SPCS","PAYLOAD B","2013-037B","EARTH","TEME","UTC","SGP4","2014-02-11T20:42:24.917759","14.67381725","0.00061580","98.0467","61.9502","71.3944","288.7928","0","U","39209","999","3033","0.00012921000000","0.00000682","0.0000000000000","7047.580","98.133","673.785","665.105","PAYLOAD","LARGE","PRC","2013-07-19","TSC","","1630651","95136278","0 PAYLOAD B","1 39209U 13037B   14042.86278840  .00000682  00000-0  12921-3 0  9995","2 39209 098.0467 061.9502 0006158 071.3944 288.7928 14.67381725 30337"
"2.0","GENERATED VIA SPACE-TRACK.ORG API","2014-02-12T00:13:01","18 SPCS","PAYLOAD C","2013-037C","EARTH","TEME","UTC","SGP4","2014-02-11T20:42:56.620511","14.95318757","0.00351320","97.6868","61.8463","70.7380","289.7632","0","U","39210","999","3084","0.00017735000000","0.00001920","0.0000000000000","6959.524","96.300","605.840","556.939","PAYLOAD","LARGE","PRC","2013-07-19","TSC","","1630653","95136313","0 PAYLOAD C","1 39210U 13037C   14042.86315533  .00001920  00000-0  17735-3 0  9992","2 39210 097.6868 061.8463 0035132 070.7380 289.7632 14.95318757 30840"
"2.0","GENERATED VIA SPACE-TRACK.ORG API","2014-02-12T07:36:06","18 SPCS","PAYLOAD B","2013-037B","EARTH","TEME","UTC","SGP4","2014-02-12T03:15:11.180447","14.67382434","0.00061670","98.0466","62.2180","70.0625","290.1242","0","U","39209","999","3037","0.00013824000000","0.00000734","0.0000000000000","7047.578","98.133","673.789","665.097","PAYLOAD","LARGE","PRC","2013-07-19","TSC","","1630863","95138485","0 PAYLOAD B","1 39209U 13037B   14043.13554607  .00000734  00000-0  13824-3 0  9995","2 39209 098.0466 062.2180 0006167 070.0625 290.1242 14.67382434 30372"
"2.0","GENERATED VIA SPACE-TRACK.ORG API","2014-02-12T06:46:37","18 SPCS","PAYLOAD A","2013-037A","EARTH","TEME","UTC","SGP4","2014-02-12T03:56:36.767615","14.68003941","0.00101840","98.0464","62.4961","74.4882","285.7462","0","U","39208","999","3040","0.00009904400000","0.00000520","0.0000000000000","7045.588","98.092","674.629","660.278","PAYLOAD","LARGE","PRC","2013-07-19","TSC","","1630817","95137412","0 PAYLOAD A","1 39208U 13037A   14043.16431444  .00000520  00000-0  99044-4 0  9992","2 39208 098.0464 062.4961 0010184 074.4882 285.7462 14.68003941 30407"
"2.0","GENERATED VIA SPACE-TRACK.ORG API","2014-02-12T07:36:25","18 SPCS","PAYLOAD C","2013-037C","EARTH","TEME","UTC","SGP4","2014-02-12T04:44:44.654784","14.95320334","0.00350960","97.6866","62.1738","69.6563","290.8428","0","U","39210","999","3089","0.00018006000000","0.00001950","0.0000000000000","6959.520","96.300","605.810","556.959","PAYLOAD","LARGE","PRC","2013-07-19","TSC","","1630864","95138526","0 PAYLOAD C","1 39210U 13037C   14043.19773906  .00001950  00000-0  18006-3 0  9996","2 39210 097.6866 062.1738 0035096 069.6563 290.8428 14.95320334 30891"
"2.0","GENERATED VIA SPACE-TRACK.ORG API","2014-02-12T16:12:43","18 SPCS","PAYLOAD B","2013-037B","EARTH","TEME","UTC","SGP4","2014-02-12T11:26:09.021120","14.67382802","0.00061780","98.0467","62.5530","69.1543","291.0322","0","U","39209","999","3042","0.00013288000000","0.00000703","0.0000000000000","7047.577","98.133","673.796","665.088","PAYLOAD","LARGE","PRC","2013-07-19","TSC","","1631061","95141937","0 PAYLOAD B","1 39209U 13037B   14043.47649330  .00000703  00000-0  13288-3 0  9990","2 39209 098.0467 062.5530 0006178 069.1543 291.0322 14.67382802 30429"
"2.0","GENERATED VIA SPACE-TRACK.ORG API","2014-02-12T14:31:45","18 SPCS","PAYLOAD A","2013-037A","EARTH","TEME","UTC","SGP4","2014-02-12T12:07:22.099295","14.68004725","0.00101980","98.0464","62.8310","73.2905","286.9424","0","U","39208","999","3045","0.00011100000000","0.00000588","0.0000000000000","7045.586","98.092","674.636","660.266","PAYLOAD","LARGE","PRC","2013-07-19","TSC","","1630947","95139662","0 PAYLOAD A","1 39208U 13037A   14043.50511689  .00000588  00000-0  11100-3 0  9990","2 39208 098.0464 062.8310 0010198 073.2905 286.9424 14.68004725 30454"
"2.0","GENERATED VIA SPACE-TRACK.ORG API","2014-02-12T16:14:32","18 SPCS","PAYLOAD C","2013-037C","EARTH","TEME","UTC","SGP4","2014-02-12T12:46:32.638080","14.95322375","0.00351200","97.6868","62.5021","68.5540","291.9430","0","U","39210","999","3094","0.00019095000000","0.00002072","0.0000000000000","6959.513","96.300","605.820","556.936","PAYLOAD","LARGE","PRC","2013-07-19","TSC","","1631063","95141985","0 PAYLOAD C","1 39210U 13037C   14043.53232220  .00002072  00000-0  19095-3 0  9998","2 39210 097.6868 062.5021 0035120 068.5540 291.9430 14.95322375 30941"
"2.0","GENERATED VIA SPACE-TRACK.ORG API","2014-02-12T18:48:40","18 SPCS","PAYLOAD A","2013-037A","EARTH","TEME","UTC","SGP4","2014-02-12T17:01:49.304351","14.68004208","0.00101800","98.0468","63.0324","72.6299","287.5982","0","U","39208","999","3048","0.00009157500000","0.00000477","0.0000000000000","7045.588","98.092","674.625","660.280","PAYLOAD","LARGE","PRC","2013-07-19","TSC","","1631126","95142463","0 PAYLOAD A","1 39208U 13037A   14043.70959843  .00000477  00000-0  91575-4 0  9992","2 39208 098.0468 063.0324 0010180 072.6299 287.5982 14.68004208 30481"
"2.0","GENERATED VIA SPACE-TRACK.ORG API","2014-02-12T23:43:03","18 SPCS","PAYLOAD B","2013-037B","EARTH","TEME","UTC","SGP4","2014-02-12T19:37:06.897215","14.67382531","0.00061710","98.0464","62.8874","69.0938","291.0921","0","U","39209","999","3047","0.00011379000000","0.00000595","0.0000000000000","7047.577","98.133","673.792","665.093","PAYLOAD","LARGE","PRC","2013-07-19","TSC","","1631284","95145098","0 PAYLOAD B","1 39209U 13037B   14043.81744094  .00000595  00000-0  11379-3 0  9999","2 39209 098.0464 062.8874 0006171 069.0938 291.0921 14.67382531 30479"
"2.0","GENERATED VIA SPACE-TRACK.ORG API","2014-02-12T21:47:58","18 SPCS","PAYLOAD C","2013-037C","EARTH","TEME","UTC","SGP4","2014-02-12T20:48:20.622240","14.95323367","0.00351710","97.6873","62.8312","67.3911","293.1007","0","U","39210","999","3099","0.00018562000000","0.00002013","0.0000000000000","6959.510","96.300","605.852","556.898","PAYLOAD","LARGE","PRC","2013-07-19","TSC","","1631170","95142508","0 PAYLOAD C","1 39210U 13037C   14043.86690535  .00002013  00000-0  18562-3 0  9994","2 39210 097.6873 062.8312 0035171 067.3911 293.1007 14.95323367 30999"
"2.0","GENERATED VIA SPACE-TRACK.ORG API","2014-02-12T22:32:20","18 SPCS","PAYLOAD A","2013-037A","EARTH","TEME","UTC","SGP4","2014-02-12T21:56:16.581984","14.68004299","0.00101580","98.0467","63.2334","71.9653","288.2658","0","U","39208","999","3051","0.00008643000000","0.00000447","0.0000000000000","7045.587","98.092","674.609","660.295","PAYLOAD","LARGE","PRC","2013-07-19","TSC","","1631199","95143081","0 PAYLOAD A","1 39208U 13037A   14043.91408081  .00000447  00000-0  86430-4 0  9999","2 39208 098.0467 063.2334 0010158 071.9653 288.2658 14.68004299 30516"
"2.0","GENERATED VIA SPACE-TRACK.ORG API","2014-02-13T00:19:44","18 SPCS","PAYLOAD C","2013-037C","EARTH","TEME","UTC","SGP4","2014-02-13T00:01:03.834048","14.95324207","0.00351090","97.6873","62.9624","67.0414","293.4534","0","U","39210","999","3101","0.00018839000000","0.00002044","0.0000000000000","6959.508","96.300","605.807","556.938","PAYLOAD","LARGE","PRC","2013-07-19","TSC","","1631306","95145332","0 PAYLOAD C","1 39210U 13037C   14044.00073882  .00002044  00000-0  18839-3 0  9992","2 39210 097.6873 062.9624 0035109 067.0414 293.4534 14.95324207 31018"
"2.0","GENERATED VIA SPACE-TRACK.ORG API","2014-02-13T07:29:32","18 SPCS","PAYLOAD C","2013-037C","EARTH","TEME","UTC","SGP4","2014-02-13T03:13:46.966368","14.95324812","0.00350780","97.6868","63.0934","66.5861","293.9053","0","U","39210","999","3103","0.00018788000000","0.00002038","0.0000000000000","6959.506","96.300","605.783","556.958","PAYLOAD","LARGE","PRC","2013-07-19","TSC","","1631448","95147290","0 PAYLOAD C","1 39210U 13037C   14044.13457137  .00002038  00000-0  18788-3 0  9991","2 39210 097.6868 063.0934 0035078 066.5861 293.9053 14.95324812 31038"
"2.0","GENERATED VIA SPACE-TRACK.ORG API","2014-02-13T07:29:13","18 SPCS","PAYLOAD B","2013-037B","EARTH","TEME","UTC","SGP4","2014-02-13T03:48:04.676544","14.67383850","0.00061170","98.0463","63.2224","67.9617","292.2249","0","U","39209","999","3052","0.00013657000000","0.00000724","0.0000000000000","7047.573","98.133","673.749","665.127","PAYLOAD","LARGE","PRC","2013-07-19","TSC","","1631447","95147264","0 PAYLOAD B","1 39209U 13037B   14044.15838746  .00000724  00000-0  13657-3 0  9990","2 39209 098.0463 063.2224 0006117 067.9617 292.2249 14.67383850 30520"
"2.0","GENERATED VIA SPACE-TRACK.ORG API","2014-02-13T06:24:44","18 SPCS","PAYLOAD A","2013-037A","EARTH","TEME","UTC","SGP4","2014-02-13T04:28:52.879295","14.68004228","0.00101330","98.0464","63.5013","71.3596","288.8708","0","U","39208","999","3055","0.00007423100000","0.00000377","0.0000000000000","7045.588","98.092","674.592","660.313","PAYLOAD","LARGE","PRC","2013-07-19","TSC","","1631383","95145809","0 PAYLOAD A","1 39208U 13037A   14044.18672314  .00000377  00000-0  74231-4 0  9999","2 39208 098.0464 063.5013 0010133 071.3596 288.8708 14.68004228 30551"
"2.0","GENERATED VIA SPACE-TRACK.ORG API","2014-02-13T09:08:22","18 SPCS","PAYLOAD C","2013-037C","EARTH","TEME","UTC","SGP4","2014-02-13T08:02:51.688607","14.95326219","0.00351280","97.6872","63.2906","65.9260","294.5630","0","U","39210","999","3106","0.00019780000000","0.00002149","0.0000000000000","6959.501","96.300","605.814","556.919","PAYLOAD","LARGE","PRC","2013-07-19","TSC","","1631462","95147437","0 PAYLOAD C","1 39210U 13037C   14044.33532047  .00002149  00000-0  19780-3 0  9993","2 39210 097.6872 063.2906 0035128 065.9260 294.5630 14.95326219 31060"
"2.0","GENERATED VIA SPACE-TRACK.ORG API","2014-02-13T15:47:14","18 SPCS","PAYLOAD C","2013-037C","EARTH","TEME","UTC","SGP4","2014-02-13T11:15:34.850303","14.95327246","0.00351010","97.6868","63.4212","65.5007","294.9890","0","U","39210","999","3108","0.00020463000000","0.00002225","0.0000000000000","6959.498","96.299","605.792","556.935","PAYLOAD","LARGE","PRC","2013-07-19","TSC","","1631606","95150210","0 PAYLOAD C","1 39210U 13037C   14044.46915336  .00002225  00000-0  20463-3 0  9998","2 39210 097.6868 063.4212 0035101 065.5007 294.9890 14.95327246 31088"
"2.0","GENERATED VIA SPACE-TRACK.ORG API","2014-02-13T15:46:00","18 SPCS","PAYLOAD B","2013-037B","EARTH","TEME","UTC","SGP4","2014-02-13T11:59:02.466239","14.67384193","0.00061350","98.0462","63.5574","66.8211","293.3640","0","U","39209","999","3057","0.00012944000000","0.00000684","0.0000000000000","7047.572","98.133","673.761","665.113","PAYLOAD","LARGE","PRC","2013-07-19","TSC","","1631604","95150165","0 PAYLOAD B","1 39209U 13037B   14044.49933410  .00000684  00000-0  12944-3 0  9994","2 39209 098.0462 063.5574 0006135 066.8211 293.3640 14.67384193 30571"
"2.0","GENERATED VIA SPACE-TRACK.ORG API","2014-02-13T14:32:48","18 SPCS","PAYLOAD A","2013-037A","EARTH","TEME","UTC","SGP4","2014-02-13T12:39:38.211839","14.68004728","0.00101480","98.0464","63.8362","70.5647","289.6647","0","U","39208","999","3060","0.00007941500000","0.00000407","0.0000000000000","7045.586","98.092","674.601","660.301","PAYLOAD","LARGE","PRC","2013-07-19","TSC","","1631506","95148045","0 PAYLOAD A","1 39208U 13037A   14044.52752560  .00000407  00000-0  79415-4 0  9992","2 39208 098.0464 063.8362 0010148 070.5647 289.6647 14.68004728 30607"
"2.0","GENERATED VIA SPACE-TRACK.ORG API","2014-02-13T15:09:57","18 SPCS","PAYLOAD C","2013-037C","EARTH","TEME","UTC","SGP4","2014-02-13T14:28:17.967936","14.95327540","0.00351300","97.6870","63.5527","65.1602","295.3245","0","U","39210","999","3110","0.00020127000000","0.00002188","0.0000000000000","6959.497","96.299","605.811","556.914","PAYLOAD","LARGE","PRC","2013-07-19","TSC","","1631554","95149164","0 PAYLOAD C","1 39210U 13037C   14044.60298574  .00002188  00000-0  20127-3 0  9997","2 39210 097.6870 063.5527 0035130 065.1602 295.3245 14.95327540 31109"
"2.0","GENERATED VIA SPACE-TRACK.ORG API","2014-02-13T23:51:31","18 SPCS","PAYLOAD C","2013-037C","EARTH","TEME","UTC","SGP4","2014-02-13T17:41:01.152096","14.95327820","0.00350910","97.6868","63.6838","64.6674","295.8164","0","U","39210","999","3112","0.00019666000000","0.00002136","0.0000000000000","6959.496","96.299","605.783","556.940","PAYLOAD","LARGE","PRC","2013-07-19","TSC","","1631794","95153746","0 PAYLOAD C","1 39210U 13037C   14044.73681889  .00002136  00000-0  19666-3 0  9995","2 39210 097.6868 063.6838 0035091 064.6674 295.8164 14.95327820 31129"
"2.0","GENERATED VIA SPACE-TRACK.ORG API","2014-02-13T23:49:12","18 SPCS","PAYLOAD B","2013-037B","EARTH","TEME","UTC","SGP4","2014-02-13T20:10:00.294815","14.67384164","0.00061390","98.0461","63.8920","66.0101","294.1739","0","U","39209","999","3062","0.00011623000000","0.00000609","0.0000000000000","7047.572","98.133","673.764","665.111","PAYLOAD","LARGE","PRC","2013-07-19","TSC","","1631791","95153706","0 PAYLOAD B","1 39209U 13037B   14044.84028119  .00000609  00000-0  11623-3 0  9994","2 39209 098.0461 063.8920 0006139 066.0101 294.1739 14.67384164 30624"
"2.0","GENERATED VIA SPACE-TRACK.ORG API","2014-02-13T22:33:02","18 SPCS","PAYLOAD A","2013-037A","EARTH","TEME","UTC","SGP4","2014-02-13T20:50:23.575487","14.68005134","0.00101600","98.0464","64.1715","69.6736","290.5562","0","U","39208","999","3065","0.00008669600000","0.00000449","0.0000000000000","7045.585","98.092","674.608","660.291","PAYLOAD","LARGE","PRC","2013-07-19","TSC","","1631682","95151333","0 PAYLOAD A","1 39208U 13037A   14044.86832842  .00000449  00000-0  86696-4 0  9996","2 39208 098.0464 064.1715 0010160 069.6736 290.5562 14.68005134 30659"
"2.0","GENERATED VIA SPACE-TRACK.ORG API","2014-02-14T03:58:45","18 SPCS","PAYLOAD C","2013-037C","EARTH","TEME","UTC","SGP4","2014-02-14T03:19:10.550783","14.95329875","0.00351040","97.6869","64.0778","63.4731","297.0074","0","U","39210","999","3118","0.00019893000000","0.00002162","0.0000000000000","6959.490","96.299","605.786","556.924","PAYLOAD","LARGE","PRC","2013-07-19","TSC","","1631864","95154032","0 PAYLOAD C","1 39210U 13037C   14045.13831656  .00002162  00000-0  19893-3 0  9990","2 39210 097.6869 064.0778 0035104 063.4731 297.0074 14.95329875 31186"
"2.0","GENERATED VIA SPACE-TRACK.ORG API","2014-02-14T07:34:48","18 SPCS","PAYLOAD B","2013-037B","EARTH","TEME","UTC","SGP4","2014-02-14T04:20:58.088832","14.67384698","0.00060970","98.0459","64.2267","65.1388","295.0458","0","U","39209","999","3067","0.00011636000000","0.00000610","0.0000000000000","7047.571","98.133","673.732","665.139","PAYLOAD","LARGE","PRC","2013-07-19","TSC","","1631997","95156579","0 PAYLOAD B","1 39209U 13037B   14045.18122788  .00000610  00000-0  11636-3 0  9995","2 39209 098.0459 064.2267 0006097 065.1388 295.0458 14.67384698 30675"
"2.0","GENERATED VIA SPACE-TRACK.ORG API","2014-02-14T06:28:04","18 SPCS","PAYLOAD A","2013-037A","EARTH","TEME","UTC","SGP4","2014-02-14T05:01:08.896799","14.68005844","0.00101480","98.0466","64.5066","68.6629","291.5665","0","U","39208","999","3070","0.00009790200000","0.00000513","0.0000000000000","7045.582","98.092","674.597","660.298","PAYLOAD","LARGE","PRC","2013-07-19","TSC","","1631911","95154588","0 PAYLOAD A","1 39208U 13037A   14045.20913075  .00000513  00000-0  97902-4 0  9997","2 39208 098.0466 064.5066 0010148 068.6629 291.5665 14.68005844 30709"
"2.0","GENERATED VIA SPACE-TRACK.ORG API","2014-02-14T09:43:26","18 SPCS","PAYLOAD C","2013-037C","EARTH","TEME","UTC","SGP4","2014-02-14T08:08:15.241920","14.95330874","0.00351030","97.6869","64.2748","62.8276","297.6512","0","U","39210","999","3121","0.00020051000000","0.00002179","0.0000000000000","6959.487","96.299","605.782","556.922","PAYLOAD","LARGE","PRC","2013-07-19","TSC","","1632021","95156821","0 PAYLOAD C","1 39210U 13037C   14045.33906530  .00002179  00000-0  20051-3 0  9992","2 39210 097.6869 064.2748 0035103 062.8276 297.6512 14.95330874 31219"
"2.0","GENERATED VIA SPACE-TRACK.ORG API","2014-02-14T11:06:40","18 SPCS","PAYLOAD C","2013-037C","EARTH","TEME","UTC","SGP4","2014-02-14T09:44:36.811103","14.95331644","0.00351300","97.6870","64.3406","62.6530","297.8273","0","U","39210","999","3122","0.00020916000000","0.00002276","0.0000000000000","6959.484","96.299","605.798","556.901","PAYLOAD","LARGE","PRC","2013-07-19","TSC","","1632023","95156823","0 PAYLOAD C","1 39210U 13037C   14045.40598161  .00002276  00000-0  20916-3 0  9995","2 39210 097.6870 064.3406 0035130 062.6530 297.8273 14.95331644 31227"
"2.0","GENERATED VIA SPACE-TRACK.ORG API","2014-02-14T15:27:16","18 SPCS","PAYLOAD B","2013-037B","EARTH","TEME","UTC","SGP4","2014-02-14T12:31:55.850016","14.67385200","0.00061040","98.0461","64.5616","64.4789","295.7036","0","U","39209","999","3072","0.00012035000000","0.00000632","0.0000000000000","7047.569","98.133","673.736","665.132","PAYLOAD","LARGE","PRC","2013-07-19","TSC","","1632121","95159047","0 PAYLOAD B","1 39209U 13037B   14045.52217419  .00000632  00000-0  12035-3 0  9997","2 39209 098.0461 064.5616 0006104 064.4789 295.7036 14.67385200 30720"
"2.0","GENERATED VIA SPACE-TRACK.ORG API","2014-02-14T13:41:51","18 SPCS","PAYLOAD C","2013-037C","EARTH","TEME","UTC","SGP4","2014-02-14T12:57:19.907135","14.95331832","0.00351230","97.6869","64.4717","62.2997","298.1760","0","U","39210","999","3124","0.00020330000000","0.00002210","0.0000000000000","6959.484","96.299","605.793","556.905","PAYLOAD","LARGE","PRC","2013-07-19","TSC","","1632030","95156830","0 PAYLOAD C","1 39210U 13037C   14045.53981374  .00002210  00000-0  20330-3 0  9999","2 39210 097.6869 064.4717 0035123 062.2997 298.1760 14.95331832 31242"
"2.0","GENERATED VIA SPACE-TRACK.ORG API","2014-02-14T14:27:51","18 SPCS","PAYLOAD A","2013-037A","EARTH","TEME","UTC","SGP4","2014-02-14T13:11:54.212927","14.68006657","0.00101780","98.0469","64.8418","67.9032","292.3267","0","U","39208","999","3075","0.00011422000000","0.00000607","0.0000000000000","7045.580","98.092","674.616","660.274","PAYLOAD","LARGE","PRC","2013-07-19","TSC","","1632052","95157357","0 PAYLOAD A","1 39208U 13037A   14045.54993302  .00000607  00000-0  11422-3 0  9991","2 39208 098.0469 064.8418 0010178 067.9032 292.3267 14.68006657 30754"
"2.0","GENERATED VIA SPACE-TRACK.ORG API","2014-02-14T16:52:56","18 SPCS","PAYLOAD C","2013-037C","EARTH","TEME","UTC","SGP4","2014-02-14T16:10:03.055008","14.95331036","0.00351500","97.6869","64.6032","61.8436","298.6269","0","U","39210","999","3126","0.00017951000000","0.00001945","0.0000000000000","6959.486","96.299","605.814","556.889","PAYLOAD","LARGE","PRC","2013-07-19","TSC","","1632154","95159456","0 PAYLOAD C","1 39210U 13037C   14045.67364647  .00001945  00000-0  17951-3 0  9991","2 39210 097.6869 064.6032 0035150 061.8436 298.6269 14.95331036 31264"
"2.0","GENERATED VIA SPACE-TRACK.ORG API","2014-02-14T23:45:27","18 SPCS","PAYLOAD C","2013-037C","EARTH","TEME","UTC","SGP4","2014-02-14T19:22:46.272863","14.95331405","0.00350980","97.6866","64.7344","61.4995","298.9760","0","U","39210","999","3128","0.00017535000000","0.00001898","0.0000000000000","6959.485","96.299","605.777","556.924","PAYLOAD","LARGE","PRC","2013-07-19","TSC","","1632306","95162234","0 PAYLOAD C","1 39210U 13037C   14045.80748001  .00001898  00000-0  17535-3 0  9991","2 39210 097.6866 064.7344 0035098 061.4995 298.9760 14.95331405 31286"
"2.0","GENERATED VIA SPACE-TRACK.ORG API","2014-02-14T23:43:53","18 SPCS","PAYLOAD B","2013-037B","EARTH","TEME","UTC","SGP4","2014-02-14T20:42:53.697599","14.67384969","0.00061120","98.0459","64.8965","63.1820","297.0003","0","U","39209","999","3077","0.00010312000000","0.00000535","0.0000000000000","7047.570","98.133","673.742","665.127","PAYLOAD","LARGE","PRC","2013-07-19","TSC","","1632305","95162211","0 PAYLOAD B","1 39209U 13037B   14045.86312150  .00000535  00000-0  10312-3 0  9990","2 39209 098.0459 064.8965 0006112 063.1820 297.0003 14.67384969 30773"
"2.0","GENERATED VIA SPACE-TRACK.ORG API","2014-02-14T22:31:04","18 SPCS","PAYLOAD A","2013-037A","EARTH","TEME","UTC","SGP4","2014-02-14T21:22:39.646560","14.68005319","0.00102050","98.0467","65.1768","66.4124","293.8157","0","U","39208","999","3080","0.00005819300000","0.00000285","0.0000000000000","7045.584","98.092","674.639","660.259","PAYLOAD","LARGE","PRC","2013-07-19","TSC","","1632216","95160087","0 PAYLOAD A","1 39208U 13037A   14045.89073665  .00000285  00000-0  58193-4 0  9999","2 39208 098.0467 065.1768 0010205 066.4124 293.8157 14.68005319 30805"
"2.0","GENERATED VIA SPACE-TRACK.ORG API","2014-02-15T06:29:22","18 SPCS","PAYLOAD A","2013-037A","EARTH","TEME","UTC","SGP4","2014-02-15T02:17:06.841248","14.68005423","0.00102020","98.0467","65.3778","65.7911","294.4359","0","U","39208","999","3083","0.00005670600000","0.00000277","0.0000000000000","7045.584","98.092","674.637","660.261","PAYLOAD","LARGE","PRC","2013-07-19","TSC","","1632453","95163189","0 PAYLOAD A","1 39208U 13037A   14046.09521807  .00000277  00000-0  56706-4 0  9997","2 39208 098.0467 065.3778 0010202 065.7911 294.4359 14.68005423 30831"
"2.0","GENERATED VIA SPACE-TRACK.ORG API","2014-02-15T08:03:07","18 SPCS","PAYLOAD B","2013-037B","EARTH","TEME","UTC","SGP4","2014-02-15T03:15:39.884256","14.67385588","0.00060570","98.0457","65.1641","62.7148","297.4676","0","U","39209","999","3081","0.00010793000000","0.00000562","0.0000000000000","7047.568","98.133","673.701","665.164","PAYLOAD","LARGE","PRC","2013-07-19","TSC","","1632549","95165371","0 PAYLOAD B","1 39209U 13037B   14046.13587829  .00000562  00000-0  10793-3 0  9991","2 39209 098.0457 065.1641 0006057 062.7148 297.4676 14.67385588 30815"
"2.0","GENERATED VIA SPACE-TRACK.ORG API","2014-02-15T08:04:46","18 SPCS","PAYLOAD C","2013-037C","EARTH","TEME","UTC","SGP4","2014-02-15T03:24:33.937343","14.95334273","0.00349900","97.6866","65.0623","60.4655","300.0046","0","U","39210","999","3133","0.00020478000000","0.00002227","0.0000000000000","6959.476","96.299","605.693","556.990","PAYLOAD","LARGE","PRC","2013-07-19","TSC","","1632550","95165413","0 PAYLOAD C","1 39210U 13037C   14046.14205946  .00002227  00000-0  20478-3 0  9992","2 39210 097.6866 065.0623 0034990 060.4655 300.0046 14.95334273 31336"
"2.0","GENERATED VIA SPACE-TRACK.ORG API","2014-02-15T14:23:36","18 SPCS","PAYLOAD A","2013-037A","EARTH","TEME","UTC","SGP4","2014-02-15T10:27:52.178975","14.68005553","0.00101960","98.0467","65.7128","64.7677","295.4583","0","U","39208","999","3088","0.00005323500000","0.00000257","0.0000000000000","7045.583","98.092","674.632","660.265","PAYLOAD","LARGE","PRC","2013-07-19","TSC","","1632584","95165942","0 PAYLOAD A","1 39208U 13037A   14046.43602059  .00000257  00000-0  53235-4 0  9996","2 39208 098.0467 065.7128 0010196 064.7677 295.4583 14.68005553 30883"
"2.0","GENERATED VIA SPACE-TRACK.ORG API","2014-02-15T15:11:53","18 SPCS","PAYLOAD C","2013-037C","EARTH","TEME","UTC","SGP4","2014-02-15T11:26:21.675263","14.95335414","0.00350390","97.6867","65.3906","59.2527","301.2123","0","U","39210","999","3138","0.00019590000000","0.00002128","0.0000000000000","6959.473","96.299","605.723","556.953","PAYLOAD","LARGE","PRC","2013-07-19","TSC","","1632641","95167356","0 PAYLOAD C","1 39210U 13037C   14046.47663976  .00002128  00000-0  19590-3 0  9992","2 39210 097.6867 065.3906 0035039 059.2527 301.2123 14.95335414 31385"
"2.0","GENERATED VIA SPACE-TRACK.ORG API","2014-02-15T15:10:40","18 SPCS","PAYLOAD B","2013-037B","EARTH","TEME","UTC","SGP4","2014-02-15T11:26:37.623840","14.67386483","0.00060680","98.0458","65.4989","61.6294","298.5526","0","U","39209","999","3086","0.00012200000000","0.00000642","0.0000000000000","7047.565","98.133","673.706","665.153","PAYLOAD","LARGE","PRC","2013-07-19","TSC","","1632640","95167334","0 PAYLOAD B","1 39209U 13037B   14046.47682435  .00000642  00000-0  12200-3 0  9991","2 39209 098.0458 065.4989 0006068 061.6294 298.5526 14.67386483 30862"
"2.0","GENERATED VIA SPACE-TRACK.ORG API","2014-02-15T22:32:39","18 SPCS","PAYLOAD A","2013-037A","EARTH","TEME","UTC","SGP4","2014-02-15T18:38:37.512383","14.68005806","0.00102200","98.0467","66.0477","64.0587","296.1667","0","U","39208","999","3093","0.00005752300000","0.00000282","0.0000000000000","7045.583","98.092","674.648","660.247","PAYLOAD","LARGE","PRC","2013-07-19","TSC","","1632781","95168413","0 PAYLOAD A","1 39208U 13037A   14046.77682306  .00000282  00000-0  57523-4 0  9998","2 39208 098.0467 066.0477 0010220 064.0587 296.1667 14.68005806 30933"
"2.0","GENERATED VIA SPACE-TRACK.ORG API","2014-02-15T23:59:05","18 SPCS","PAYLOAD C","2013-037C","EARTH","TEME","UTC","SGP4","2014-02-15T19:28:09.490079","14.95335234","0.00350190","97.6866","65.7187","58.2061","302.2558","0","U","39210","999","3143","0.00016759000000","0.00001812","0.0000000000000","6959.473","96.299","605.710","556.967","PAYLOAD","LARGE","PRC","2013-07-19","TSC","","1632895","95170943","0 PAYLOAD C","1 39210U 13037C   14046.81122095  .00001812  00000-0  16759-3 0  9995","2 39210 097.6866 065.7187 0035019 058.2061 302.2558 14.95335234 31438"
"2.0","GENERATED VIA SPACE-TRACK.ORG API","2014-02-15T23:57:12","18 SPCS","PAYLOAD B","2013-037B","EARTH","TEME","UTC","SGP4","2014-02-15T19:37:35.431680","14.67386130","0.00060580","98.0456","65.8338","60.9088","299.2718","0","U","39209","999","3091","0.00010243000000","0.00000531","0.0000000000000","7047.566","98.133","673.700","665.162","PAYLOAD","LARGE","PRC","2013-07-19","TSC","","1632893","95170897","0 PAYLOAD B","1 39209U 13037B   14046.81777120  .00000531  00000-0  10243-3 0  9997","2 39209 098.0456 065.8338 0006058 060.9088 299.2718 14.67386130 30910"
"2.0","GENERATED VIA SPACE-TRACK.ORG API","2014-02-16T06:30:05","18 SPCS","PAYLOAD A","2013-037A","EARTH","TEME","UTC","SGP4","2014-02-16T01:11:13.699968","14.68007195","0.00102490","98.0472","66.3169","62.7492","297.4774","0","U","39208","999","3097","0.00009062400000","0.00000471","0.0000000000000","7045.578","98.092","674.664","660.222","PAYLOAD","LARGE","PRC","2013-07-19","TSC","","1633037","95171912","0 PAYLOAD A","1 39208U 13037A   14047.04946412  .00000471  00000-0  90624-4 0  9999","2 39208 098.0472 066.3169 0010249 062.7492 297.4774 14.68007195 30971"
"2.0","GENERATED VIA SPACE-TRACK.ORG API","2014-02-16T07:44:43","18 SPCS","PAYLOAD C","2013-037C","EARTH","TEME","UTC","SGP4","2014-02-16T03:29:57.183071","14.95336316","0.00349360","97.6865","66.0466","57.0860","303.3713","0","U","39210","999","3148","0.00016092000000","0.00001737","0.0000000000000","6959.470","96.299","605.649","557.021","PAYLOAD","LARGE","PRC","2013-07-19","TSC","","1633128","95174130","0 PAYLOAD C","1 39210U 13037C   14047.14580073  .00001737  00000-0  16092-3 0  9992","2 39210 097.6865 066.0466 0034936 057.0860 303.3713 14.95336316 31484"
"2.0","GENERATED VIA SPACE-TRACK.ORG API","2014-02-16T07:43:26","18 SPCS","PAYLOAD B","2013-037B","EARTH","TEME","UTC","SGP4","2014-02-16T03:48:33.164351","14.67387013","0.00060090","98.0453","66.1689","60.3791","299.8026","0","U","39209","999","3096","0.00011542000000","0.00000605","0.0000000000000","7047.563","98.133","673.663","665.193","PAYLOAD","LARGE","PRC","2013-07-19","TSC","","1633127","95174086","0 PAYLOAD B","1 39209U 13037B   14047.15871718  .00000605  00000-0  11542-3 0  9998","2 39209 098.0453 066.1689 0006009 060.3791 299.8026 14.67387013 30965"
"2.0","GENERATED VIA SPACE-TRACK.ORG API","2014-02-16T14:29:46","18 SPCS","PAYLOAD A","2013-037A","EARTH","TEME","UTC","SGP4","2014-02-16T09:21:58.975487","14.68007303","0.00102640","98.0472","66.6518","61.8459","298.3781","0","U","39208","999","3102","0.00007745400000","0.00000396","0.0000000000000","7045.578","98.092","674.674","660.211","PAYLOAD","LARGE","PRC","2013-07-19","TSC","","1633171","95174936","0 PAYLOAD A","1 39208U 13037A   14047.39026592  .00000396  00000-0  77454-4 0  9997","2 39208 098.0472 066.6518 0010264 061.8459 298.3781 14.68007303 31028"
"2.0","GENERATED VIA SPACE-TRACK.ORG API","2014-02-16T15:40:24","18 SPCS","PAYLOAD C","2013-037C","EARTH","TEME","UTC","SGP4","2014-02-16T11:31:44.863103","14.95337853","0.00349700","97.6868","66.3746","55.9080","304.5446","0","U","39210","999","3153","0.00016972000000","0.00001836","0.0000000000000","6959.465","96.299","605.667","556.993","PAYLOAD","LARGE","PRC","2013-07-19","TSC","","1633263","95177091","0 PAYLOAD C","1 39210U 13037C   14047.48038036  .00001836  00000-0  16972-3 0  9993","2 39210 097.6868 066.3746 0034970 055.9080 304.5446 14.95337853 31539"
"2.0","GENERATED VIA SPACE-TRACK.ORG API","2014-02-16T15:38:26","18 SPCS","PAYLOAD B","2013-037B","EARTH","TEME","UTC","SGP4","2014-02-16T11:59:30.872832","14.67387486","0.00060100","98.0455","66.5038","59.3104","300.8691","0","U","39209","999","3101","0.00011549000000","0.00000605","0.0000000000000","7047.562","98.133","673.662","665.191","PAYLOAD","LARGE","PRC","2013-07-19","TSC","","1633259","95177039","0 PAYLOAD B","1 39209U 13037B   14047.49966288  .00000605  00000-0  11549-3 0  9999","2 39209 098.0455 066.5038 0006010 059.3104 300.8691 14.67387486 31019"
"2.0","GENERATED VIA SPACE-TRACK.ORG API","2014-02-16T22:27:13","18 SPCS","PAYLOAD A","2013-037A","EARTH","TEME","UTC","SGP4","2014-02-16T17:32:44.268288","14.68005972","0.00102130","98.0467","66.9867","61.2476","298.9698","0","U","39208","999","3107","0.00001994200000","0.00000066","0.0000000000000","7045.582","98.092","674.643","660.251","PAYLOAD","LARGE","PRC","2013-07-19","TSC","","1633428","95178155","0 PAYLOAD A","1 39208U 13037A   14047.73106792  .00000066  00000-0  19942-4 0  9998","2 39208 098.0467 066.9867 0010213 061.2476 298.9698 14.68005972 31077"
"2.0","GENERATED VIA SPACE-TRACK.ORG API","2014-02-16T23:38:36","18 SPCS","PAYLOAD C","2013-037C","EARTH","TEME","UTC","SGP4","2014-02-16T19:33:32.663231","14.95336838","0.00349230","97.6866","66.7026","54.6583","305.7893","0","U","39210","999","3158","0.00013027000000","0.00001395","0.0000000000000","6959.468","96.299","605.638","557.029","PAYLOAD","LARGE","PRC","2013-07-19","TSC","","1633521","95180187","0 PAYLOAD C","1 39210U 13037C   14047.81496138  .00001395  00000-0  13027-3 0  9999","2 39210 097.6866 066.7026 0034923 054.6583 305.7893 14.95336838 31580"
"2.0","GENERATED VIA SPACE-TRACK.ORG API","2014-02-16T23:37:27","18 SPCS","PAYLOAD B","2013-037B","EARTH","TEME","UTC","SGP4","2014-02-16T20:10:28.638335","14.67387096","0.00059500","98.0453","66.8384","59.2224","300.9554","0","U","39209","999","3106","0.00009481200000","0.00000488","0.0000000000000","7047.563","98.133","673.621","665.235","PAYLOAD","LARGE","PRC","2013-07-19","TSC","","1633519","95180151","0 PAYLOAD B","1 39209U 13037B   14047.84060924  .00000488  00000-0  94812-4 0  9994","2 39209 098.0453 066.8384 0005950 059.2224 300.9554 14.67387096 31069"
"2.0","GENERATED VIA SPACE-TRACK.ORG API","2014-02-17T06:30:53","18 SPCS","PAYLOAD A","2013-037A","EARTH","TEME","UTC","SGP4","2014-02-17T01:43:29.643167","14.68007569","0.00101750","98.0467","67.3220","60.5863","299.6398","0","U","39208","999","3112","0.00007218200000","0.00000366","0.0000000000000","7045.577","98.092","674.611","660.273","PAYLOAD","LARGE","PRC","2013-07-19","TSC","","1633656","95181124","0 PAYLOAD A","1 39208U 13037A   14048.07187087  .00000366  00000-0  72182-4 0  9990","2 39208 098.0467 067.3220 0010175 060.5863 299.6398 14.68007569 31129"
"2.0","GENERATED VIA SPACE-TRACK.ORG API","2014-02-17T07:35:47","18 SPCS","PAYLOAD C","2013-037C","EARTH","TEME","UTC","SGP4","2014-02-17T03:35:20.319935","14.95338083","0.00348790","97.6865","67.0303","53.6194","306.8248","0","U","39210","999","3163","0.00013239000000","0.00001419","0.0000000000000","6959.465","96.299","605.603","557.056","PAYLOAD","LARGE","PRC","2013-07-19","TSC","","1633732","95182957","0 PAYLOAD C","1 39210U 13037C   14048.14954074  .00001419  00000-0  13239-3 0  9996","2 39210 097.6865 067.0303 0034879 053.6194 306.8248 14.95338083 31634"
"2.0","GENERATED VIA SPACE-TRACK.ORG API","2014-02-17T07:34:03","18 SPCS","PAYLOAD B","2013-037B","EARTH","TEME","UTC","SGP4","2014-02-17T04:21:26.378784","14.67387834","0.00059190","98.0453","67.1730","57.9973","302.1820","0","U","39209","999","3111","0.00010408000000","0.00000541","0.0000000000000","7047.560","98.133","673.597","665.254","PAYLOAD","LARGE","PRC","2013-07-19","TSC","","1633730","95182924","0 PAYLOAD B","1 39209U 13037B   14048.18155531  .00000541  00000-0  10408-3 0  9999","2 39209 098.0453 067.1730 0005919 057.9973 302.1820 14.67387834 31115"
"2.0","GENERATED VIA SPACE-TRACK.ORG API","2014-02-17T14:24:54","18 SPCS","PAYLOAD A","2013-037A","EARTH","TEME","UTC","SGP4","2014-02-17T09:54:14.849567","14.68008195","0.00101980","98.0472","67.6569","59.8388","300.3833","0","U","39208","999","3117","0.00008227400000","0.00000424","0.0000000000000","7045.575","98.092","674.625","660.255","PAYLOAD","LARGE","PRC","2013-07-19","TSC","","1633770","95183548","0 PAYLOAD A","1 39208U 13037A   14048.41267187  .00000424  00000-0  82274-4 0  9996","2 39208 098.0472 067.6569 0010198 059.8388 300.3833 14.68008195 31177"
"2.0","GENERATED VIA SPACE-TRACK.ORG API","2014-02-17T15:26:31","18 SPCS","PAYLOAD C","2013-037C","EARTH","TEME","UTC","SGP4","2014-02-17T11:37:07.940351","14.95339650","0.00349210","97.6864","67.3582","52.4458","307.9930","0","U","39210","999","3168","0.00014469000000","0.00001556","0.0000000000000","6959.460","96.299","605.628","557.022","PAYLOAD","LARGE","PRC","2013-07-19","TSC","","1633854","95185333","0 PAYLOAD C","1 39210U 13037C   14048.48411968  .00001556  00000-0  14469-3 0  9991","2 39210 097.6864 067.3582 0034921 052.4458 307.9930 14.95339650 31689"
"2.0","GENERATED VIA SPACE-TRACK.ORG API","2014-02-17T15:26:04","18 SPCS","PAYLOAD B","2013-037B","EARTH","TEME","UTC","SGP4","2014-02-17T12:32:24.082080","14.67388334","0.00059430","98.0453","67.5079","57.1665","303.0119","0","U","39209","999","3116","0.00010558000000","0.00000549","0.0000000000000","7047.559","98.133","673.612","665.236","PAYLOAD","LARGE","PRC","2013-07-19","TSC","","1633851","95185302","0 PAYLOAD B","1 39209U 13037B   14048.52250095  .00000549  00000-0  10558-3 0  9992","2 39209 098.0453 067.5079 0005943 057.1665 303.0119 14.67388334 31164"
"2.0","GENERATED VIA SPACE-TRACK.ORG API","2014-02-17T22:27:40","18 SPCS","PAYLOAD A","2013-037A","EARTH","TEME","UTC","SGP4","2014-02-17T18:05:00.144096","14.68007046","0.00101710","98.0468","67.9924","58.9186","301.2989","0","U","39208","999","3122","0.00002364600000","0.00000087","0.0000000000000","7045.579","98.092","674.610","660.277","PAYLOAD","LARGE","PRC","2013-07-19","TSC","","1633986","95186321","0 PAYLOAD A","1 39208U 13037A   14048.75347389  .00000087  00000-0  23646-4 0  9999","2 39208 098.0468 067.9924 0010171 058.9186 301.2989 14.68007046 31229"
"2.0","GENERATED VIA SPACE-TRACK.ORG API","2014-02-17T23:45:14","18 SPCS","PAYLOAD C","2013-037C","EARTH","TEME","UTC","SGP4","2014-02-17T19:38:55.645440","14.95339012","0.00349150","97.6865","67.6862","51.2617","309.1706","0","U","39210","999","3173","0.00011533000000","0.00001228","0.0000000000000","6959.462","96.299","605.626","557.028","PAYLOAD","LARGE","PRC","2013-07-19","TSC","","1634075","95188352","0 PAYLOAD C","1 39210U 13037C   14048.81869960  .00001228  00000-0  11533-3 0  9992","2 39210 097.6865 067.6862 0034915 051.2617 309.1706 14.95339012 31734"
"2.0","GENERATED VIA SPACE-TRACK.ORG API","2014-02-17T23:43:07","18 SPCS","PAYLOAD B","2013-037B","EARTH","TEME","UTC","SGP4","2014-02-17T20:43:21.861407","14.67387577","0.00059440","98.0454","67.8430","56.6272","303.5490","0","U","39209","999","3121","0.00007677900000","0.00000386","0.0000000000000","7047.561","98.133","673.615","665.237","PAYLOAD","LARGE","PRC","2013-07-19","TSC","","1634073","95188312","0 PAYLOAD B","1 39209U 13037B   14048.86344747  .00000386  00000-0  76779-4 0  9994","2 39209 098.0454 067.8430 0005944 056.6272 303.5490 14.67387577 31219"
"2.0","GENERATED VIA SPACE-TRACK.ORG API","2014-02-18T06:40:03","18 SPCS","PAYLOAD A","2013-037A","EARTH","TEME","UTC","SGP4","2014-02-18T02:15:45.449855","14.68008910","0.00101170","98.0469","68.3275","58.1009","302.1217","0","U","39208","999","3127","0.00009784900000","0.00000513","0.0000000000000","7045.573","98.092","674.566","660.310","PAYLOAD","LARGE","PRC","2013-07-19","TSC","","1634209","95189221","0 PAYLOAD A","1 39208U 13037A   14049.09427604  .00000513  00000-0  97849-4 0  9996","2 39208 098.0469 068.3275 0010117 058.1009 302.1217 14.68008910 31270"
"2.0","GENERATED VIA SPACE-TRACK.ORG API","2014-02-18T08:33:46","18 SPCS","PAYLOAD B","2013-037B","EARTH","TEME","UTC","SGP4","2014-02-18T03:16:08.010047","14.67388115","0.00058530","98.0452","68.1107","56.3700","303.8067","0","U","39209","999","3125","0.00008172200000","0.00000414","0.0000000000000","7047.560","98.133","673.550","665.300","PAYLOAD","LARGE","PRC","2013-07-19","TSC","","1634306","95191554","0 PAYLOAD B","1 39209U 13037B   14049.13620382  .00000414  00000-0  81722-4 0  9993","2 39209 098.0452 068.1107 0005853 056.3700 303.8067 14.67388115 31250"
"2.0","GENERATED VIA SPACE-TRACK.ORG API","2014-02-18T08:34:04","18 SPCS","PAYLOAD C","2013-037C","EARTH","TEME","UTC","SGP4","2014-02-18T03:40:43.263263","14.95339959","0.00348810","97.6863","68.0143","50.1792","310.2493","0","U","39210","999","3178","0.00011359000000","0.00001209","0.0000000000000","6959.459","96.299","605.599","557.048","PAYLOAD","LARGE","PRC","2013-07-19","TSC","","1634307","95191600","0 PAYLOAD C","1 39210U 13037C   14049.15327851  .00001209  00000-0  11359-3 0  9993","2 39210 097.6863 068.0143 0034881 050.1792 310.2493 14.95339959 31784"
"2.0","GENERATED VIA SPACE-TRACK.ORG API","2014-02-18T14:27:21","18 SPCS","PAYLOAD A","2013-037A","EARTH","TEME","UTC","SGP4","2014-02-18T10:26:30.641568","14.68009390","0.00101130","98.0469","68.6625","57.0390","303.1789","0","U","39208","999","3132","0.00009873000000","0.00000518","0.0000000000000","7045.571","98.092","674.561","660.311","PAYLOAD","LARGE","PRC","2013-07-19","TSC","","1634343","95192315","0 PAYLOAD A","1 39208U 13037A   14049.43507687  .00000518  00000-0  98730-4 0  9999","2 39208 098.0469 068.6625 0010113 057.0390 303.1789 14.68009390 31323"
"2.0","GENERATED VIA SPACE-TRACK.ORG API","2014-02-18T15:28:52","18 SPCS","PAYLOAD B","2013-037B","EARTH","TEME","UTC","SGP4","2014-02-18T11:27:05.696063","14.67388927","0.00058530","98.0453","68.4454","54.9014","305.2747","0","U","39209","999","3130","0.00009496000000","0.00000489","0.0000000000000","7047.557","98.133","673.547","665.297","PAYLOAD","LARGE","PRC","2013-07-19","TSC","","1634416","95194076","0 PAYLOAD B","1 39209U 13037B   14049.47714926  .00000489  00000-0  94960-4 0  9998","2 39209 098.0453 068.4454 0005853 054.9014 305.2747 14.67388927 31309"
"2.0","GENERATED VIA SPACE-TRACK.ORG API","2014-02-18T15:30:18","18 SPCS","PAYLOAD C","2013-037C","EARTH","TEME","UTC","SGP4","2014-02-18T11:42:30.873311","14.95340798","0.00348640","97.6865","68.3426","49.0277","311.3956","0","U","39210","999","3183","0.00011376000000","0.00001211","0.0000000000000","6959.456","96.299","605.585","557.058","PAYLOAD","LARGE","PRC","2013-07-19","TSC","","1634417","95194114","0 PAYLOAD C","1 39210U 13037C   14049.48785733  .00001211  00000-0  11376-3 0  9998","2 39210 097.6865 068.3426 0034864 049.0277 311.3956 14.95340798 31834"
"2.0","GENERATED VIA SPACE-TRACK.ORG API","2014-02-18T22:40:51","18 SPCS","PAYLOAD A","2013-037A","EARTH","TEME","UTC","SGP4","2014-02-18T18:37:15.887711","14.68008449","0.00100800","98.0468","68.9975","56.2178","303.9938","0","U","39208","999","3137","0.00005520800000","0.00000268","0.0000000000000","7045.574","98.092","674.541","660.337","PAYLOAD","LARGE","PRC","2013-07-19","TSC","","1634530","95195290","0 PAYLOAD A","1 39208U 13037A   14049.77587833  .00000268  00000-0  55208-4 0  9992","2 39208 098.0468 068.9975 0010080 056.2178 303.9938 14.68008449 31374"
"2.0","GENERATED VIA SPACE-TRACK.ORG API","2014-02-19T00:24:54","18 SPCS","PAYLOAD B","2013-037B","EARTH","TEME","UTC","SGP4","2014-02-18T19:38:03.419232","14.67389021","0.00058160","98.0452","68.7803","54.4359","305.7399","0","U","39209","999","3135","0.00008910800000","0.00000456","0.0000000000000","7047.557","98.133","673.521","665.323","PAYLOAD","LARGE","PRC","2013-07-19","TSC","","1634643","95197614","0 PAYLOAD B","1 39209U 13037B   14049.81809513  .00000456  00000-0  89108-4 0  9995","2 39209 098.0452 068.7803 0005816 054.4359 305.7399 14.67389021 31354"
"2.0","GENERATED VIA SPACE-TRACK.ORG API","2014-02-19T00:27:12","18 SPCS","PAYLOAD C","2013-037C","EARTH","TEME","UTC","SGP4","2014-02-18T19:44:18.490272","14.95339966","0.00348720","97.6865","68.6707","47.8839","312.5285","0","U","39210","999","3188","0.00008707800000","0.00000913","0.0000000000000","6959.459","96.299","605.593","557.055","PAYLOAD","LARGE","PRC","2013-07-19","TSC","","1634647","95197667","0 PAYLOAD C","1 39210U 13037C   14049.82243623  .00000913  00000-0  87078-4 0  9994","2 39210 097.6865 068.6707 0034872 047.8839 312.5285 14.95339966 31886"
"2.0","GENERATED VIA SPACE-TRACK.ORG API","2014-02-19T06:29:38","18 SPCS","PAYLOAD A","2013-037A","EARTH","TEME","UTC","SGP4","2014-02-19T02:48:01.239264","14.68008324","0.00100340","98.0465","69.3324","55.5299","304.6853","0","U","39208","999","3142","0.00004068300000","0.00000185","0.0000000000000","7045.574","98.092","674.509","660.370","PAYLOAD","LARGE","PRC","2013-07-19","TSC","","1634785","95198308","0 PAYLOAD A","1 39208U 13037A   14050.11668101  .00000185  00000-0  40683-4 0  9999","2 39208 098.0465 069.3324 0010034 055.5299 304.6853 14.68008324 31421"
"2.0","GENERATED VIA SPACE-TRACK.ORG API","2014-02-19T08:06:14","18 SPCS","PAYLOAD C","2013-037C","EARTH","TEME","UTC","SGP4","2014-02-19T03:46:06.161664","14.95340707","0.00348390","97.6862","68.9987","46.7997","313.6128","0","U","39210","999","3193","0.00008647300000","0.00000906","0.0000000000000","6959.456","96.299","605.567","557.075","PAYLOAD","LARGE","PRC","2013-07-19","TSC","","1634850","95199799","0 PAYLOAD C","1 39210U 13037C   14050.15701576  .00000906  00000-0  86473-4 0  9998","2 39210 097.6862 068.9987 0034839 046.7997 313.6128 14.95340707 31931"
"2.0","GENERATED VIA SPACE-TRACK.ORG API","2014-02-19T08:05:54","18 SPCS","PAYLOAD B","2013-037B","EARTH","TEME","UTC","SGP4","2014-02-19T03:49:01.081056","14.67389480","0.00057900","98.0452","69.1152","53.5127","306.6617","0","U","39209","999","3140","0.00008998500000","0.00000461","0.0000000000000","7047.555","98.133","673.501","665.340","PAYLOAD","LARGE","PRC","2013-07-19","TSC","","1634849","95199769","0 PAYLOAD B","1 39209U 13037B   14050.15904029  .00000461  00000-0  89985-4 0  9991","2 39209 098.0452 069.1152 0005790 053.5127 306.6617 14.67389480 31408"
"2.0","GENERATED VIA SPACE-TRACK.ORG API","2014-02-19T14:30:11","18 SPCS","PAYLOAD A","2013-037A","EARTH","TEME","UTC","SGP4","2014-02-19T09:20:37.455359","14.68009609","0.00101290","98.0471","69.6011","55.0513","305.1666","0","U","39208","999","3146","0.00008593100000","0.00000445","0.0000000000000","7045.570","98.092","674.572","660.299","PAYLOAD","LARGE","PRC","2013-07-19","TSC","","1634889","95200533","0 PAYLOAD A","1 39208U 13037A   14050.38932240  .00000445  00000-0  85931-4 0  9990","2 39208 098.0471 069.6011 0010129 055.0513 305.1666 14.68009609 31462"
"2.0","GENERATED VIA SPACE-TRACK.ORG API","2014-02-19T15:53:44","18 SPCS","PAYLOAD C","2013-037C","EARTH","TEME","UTC","SGP4","2014-02-19T11:47:53.748384","14.95341015","0.00348080","97.6862","69.3267","45.6714","314.7345","0","U","39210","999","3198","0.00008029700000","0.00000837","0.0000000000000","6959.455","96.299","605.545","557.096","PAYLOAD","LARGE","PRC","2013-07-19","TSC","","1634990","95203020","0 PAYLOAD C","1 39210U 13037C   14050.49159431  .00000837  00000-0  80297-4 0  9993","2 39210 097.6862 069.3267 0034808 045.6714 314.7345 14.95341015 31989"
"2.0","GENERATED VIA SPACE-TRACK.ORG API","2014-02-19T15:51:50","18 SPCS","PAYLOAD B","2013-037B","EARTH","TEME","UTC","SGP4","2014-02-19T11:59:58.739424","14.67390287","0.00058170","98.0453","69.4503","52.6008","307.5732","0","U","39209","999","3145","0.00010282000000","0.00000533","0.0000000000000","7047.553","98.133","673.517","665.318","PAYLOAD","LARGE","PRC","2013-07-19","TSC","","1634988","95202976","0 PAYLOAD B","1 39209U 13037B   14050.49998541  .00000533  00000-0  10282-3 0  9993","2 39209 098.0453 069.4503 0005817 052.6008 307.5732 14.67390287 31450"
"2.0","GENERATED VIA SPACE-TRACK.ORG API","2014-02-19T22:29:28","18 SPCS","PAYLOAD A","2013-037A","EARTH","TEME","UTC","SGP4","2014-02-19T17:31:22.687680","14.68008387","0.00100900","98.0469","69.9352","54.1636","306.0484","0","U","39208","999","3151","0.00002315200000","0.00000084","0.0000000000000","7045.574","98.092","674.548","660.330","PAYLOAD","LARGE","PRC","2013-07-19","TSC","","1635075","95204095","0 PAYLOAD A","1 39208U 13037A   14050.73012370  .00000084  00000-0  23152-4 0  9998","2 39208 098.0469 069.9352 0010090 054.1636 306.0484 14.68008387 31519"
"2.0","GENERATED VIA SPACE-TRACK.ORG API","2014-02-19T23:54:01","18 SPCS","PAYLOAD C","2013-037C","EARTH","TEME","UTC","SGP4","2014-02-19T19:49:41.422367","14.95340491","0.00347350","97.6860","69.6549","44.6441","315.7570","0","U","39210","999","3203","0.00006505800000","0.00000667","0.0000000000000","6959.457","96.299","605.496","557.148","PAYLOAD","LARGE","PRC","2013-07-19","TSC","","1635182","95206559","0 PAYLOAD C","1 39210U 13037C   14050.82617387  .00000667  00000-0  65058-4 0  9998","2 39210 097.6860 069.6549 0034735 044.6441 315.7570 14.95340491 32033"
"2.0","GENERATED VIA SPACE-TRACK.ORG API","2014-02-19T23:51:08","18 SPCS","PAYLOAD B","2013-037B","EARTH","TEME","UTC","SGP4","2014-02-19T20:10:56.439263","14.67390238","0.00057790","98.0455","69.7856","52.5606","307.6124","0","U","39209","999","3150","0.00009421900000","0.00000485","0.0000000000000","7047.553","98.133","673.491","665.345","PAYLOAD","LARGE","PRC","2013-07-19","TSC","","1635179","95206505","0 PAYLOAD B","1 39209U 13037B   14050.84093101  .00000485  00000-0  94219-4 0  9999","2 39209 098.0455 069.7856 0005779 052.5606 307.6124 14.67390238 31504"
"2.0","GENERATED VIA SPACE-TRACK.ORG API","2014-02-20T06:31:23","18 SPCS","PAYLOAD A","2013-037A","EARTH","TEME","UTC","SGP4","2014-02-20T01:42:07.965791","14.68009037","0.00100430","98.0462","70.2700","53.1351","307.0794","0","U","39208","999","3156","0.00003360900000","0.00000144","0.0000000000000","7045.572","98.092","674.513","660.361","PAYLOAD","LARGE","PRC","2013-07-19","TSC","","1635310","95207483","0 PAYLOAD A","1 39208U 13037A   14051.07092553  .00000144  00000-0  33609-4 0  9992","2 39208 098.0462 070.2700 0010043 053.1351 307.0794 14.68009037 31568"
"2.0","GENERATED VIA SPACE-TRACK.ORG API","2014-02-20T07:47:56","18 SPCS","PAYLOAD C","2013-037C","EARTH","TEME","UTC","SGP4","2014-02-20T03:51:28.980576","14.95341862","0.00346870","97.6859","69.9833","43.4257","316.9717","0","U","39210","999","3208","0.00007738700000","0.00000805","0.0000000000000","6959.453","96.299","605.458","557.178","PAYLOAD","LARGE","PRC","2013-07-19","TSC","","1635400","95209758","0 PAYLOAD C","1 39210U 13037C   14051.16075209  .00000805  00000-0  77387-4 0  9999","2 39210 097.6859 069.9833 0034687 043.4257 316.9717 14.95341862 32082"
"2.0","GENERATED VIA SPACE-TRACK.ORG API","2014-02-20T07:46:38","18 SPCS","PAYLOAD B","2013-037B","EARTH","TEME","UTC","SGP4","2014-02-20T04:21:54.093312","14.67390686","0.00057380","98.0453","70.1203","51.4260","308.7464","0","U","39209","999","3155","0.00009383700000","0.00000483","0.0000000000000","7047.551","98.133","673.460","665.372","PAYLOAD","LARGE","PRC","2013-07-19","TSC","","1635399","95209716","0 PAYLOAD B","1 39209U 13037B   14051.18187608  .00000483  00000-0  93837-4 0  9996","2 39209 098.0453 070.1203 0005738 051.4260 308.7464 14.67390686 31554"
"2.0","GENERATED VIA SPACE-TRACK.ORG API","2014-02-20T13:08:14","18 SPCS","PAYLOAD C","2013-037C","EARTH","TEME","UTC","SGP4","2014-02-20T07:04:11.960832","14.95342451","0.00347200","97.6863","70.1152","42.9470","317.4460","0","U","39210","999","3210","0.00008431400000","0.00000882","0.0000000000000","6959.451","96.299","605.479","557.153","PAYLOAD","LARGE","PRC","2013-07-19","TSC","","1635488","95211723","0 PAYLOAD C","1 39210U 13037C   14051.29458288  .00000882  00000-0  84314-4 0  9998","2 39210 097.6863 070.1152 0034720 042.9470 317.4460 14.95342451 32103"
"2.0","GENERATED VIA SPACE-TRACK.ORG API","2014-02-20T13:08:14","18 SPCS","PAYLOAD B","2013-037B","EARTH","TEME","UTC","SGP4","2014-02-20T07:38:17.149920","14.67391012","0.00057630","98.0455","70.2544","50.8882","309.2840","0","U","39209","999","3157","0.00009914300000","0.00000513","0.0000000000000","7047.550","98.133","673.477","665.354","PAYLOAD","LARGE","PRC","2013-07-19","TSC","","1635488","95211701","0 PAYLOAD B","1 39209U 13037B   14051.31825405  .00000513  00000-0  99143-4 0  9995","2 39209 098.0455 070.2544 0005763 050.8882 309.2840 14.67391012 31576"
"2.0","GENERATED VIA SPACE-TRACK.ORG API","2014-02-20T12:20:41","18 SPCS","PAYLOAD A","2013-037A","EARTH","TEME","UTC","SGP4","2014-02-20T09:52:53.160095","14.68010515","0.00101100","98.0470","70.6057","51.9486","308.2644","0","U","39208","999","3161","0.00008752600000","0.00000454","0.0000000000000","7045.567","98.091","674.556","660.309","PAYLOAD","LARGE","PRC","2013-07-19","TSC","","1635429","95210313","0 PAYLOAD A","1 39208U 13037A   14051.41172639  .00000454  00000-0  87526-4 0  9995","2 39208 098.0470 070.6057 0010110 051.9486 308.2644 14.68010515 31612"
"2.0","GENERATED VIA SPACE-TRACK.ORG API","2014-02-20T23:28:51","18 SPCS","PAYLOAD A","2013-037A","EARTH","TEME","UTC","SGP4","2014-02-20T18:03:38.370816","14.68010233","0.00101560","98.0467","70.9413","50.7971","309.4103","0","U","39208","999","3166","0.00008143400000","0.00000419","0.0000000000000","7045.568","98.091","674.589","660.278","PAYLOAD","LARGE","PRC","2013-07-19","TSC","","1635644","95214192","0 PAYLOAD A","1 39208U 13037A   14051.75252744  .00000419  00000-0  81434-4 0  9991","2 39208 098.0467 070.9413 0010156 050.7971 309.4103 14.68010233 31668"
"2.0","GENERATED VIA SPACE-TRACK.ORG API","2014-02-21T02:05:14","18 SPCS","PAYLOAD B","2013-037B","EARTH","TEME","UTC","SGP4","2014-02-20T19:05:37.914144","14.67391187","0.00057180","98.0453","70.7238","50.4936","309.6786","0","U","39209","999","3164","0.00011364000000","0.00000595","0.0000000000000","7047.550","98.133","673.445","665.385","PAYLOAD","LARGE","PRC","2013-07-19","TSC","","1635821","95218167","0 PAYLOAD B","1 39209U 13037B   14051.79557771  .00000595  00000-0  11364-3 0  9993","2 39209 098.0453 070.7238 0005718 050.4936 309.6786 14.67391187 31649"
"2.0","GENERATED VIA SPACE-TRACK.ORG API","2014-02-21T02:07:19","18 SPCS","PAYLOAD C","2013-037C","EARTH","TEME","UTC","SGP4","2014-02-20T19:55:04.071072","14.95343256","0.00345210","97.6864","70.6420","41.5575","318.8280","0","U","39210","999","3218","0.00010635000000","0.00001128","0.0000000000000","6959.448","96.298","605.338","557.289","PAYLOAD","LARGE","PRC","2013-07-19","TSC","","1635824","95218250","0 PAYLOAD C","1 39210U 13037C   14051.82990823  .00001128  00000-0  10635-3 0  9991","2 39210 097.6864 070.6420 0034521 041.5575 318.8280 14.95343256 32184"
"2.0","GENERATED VIA SPACE-TRACK.ORG API","2014-02-21T00:39:53","18 SPCS","PAYLOAD A","2013-037A","EARTH","TEME","UTC","SGP4","2014-02-20T21:19:56.513855","14.68011859","0.00102200","98.0469","71.0756","50.0738","310.1388","0","U","39208","999","3168","0.00017003000000","0.00000927","0.0000000000000","7045.563","98.091","674.629","660.228","PAYLOAD","LARGE","PRC","2013-07-19","TSC","","1635741","95216310","0 PAYLOAD A","1 39208U 13037A   14051.88884854  .00000927  00000-0  17003-3 0  9992","2 39208 098.0469 071.0756 0010220 050.0738 310.1388 14.68011859 31689"
"2.0","GENERATED VIA SPACE-TRACK.ORG API","2014-02-21T06:20:20","18 SPCS","PAYLOAD A","2013-037A","EARTH","TEME","UTC","SGP4","2014-02-21T02:14:23.592768","14.68012966","0.00102430","98.0469","71.2768","49.3286","310.8827","0","U","39208","999","3171","0.00019728000000","0.00001083","0.0000000000000","7045.560","98.091","674.641","660.208","PAYLOAD","LARGE","PRC","2013-07-19","TSC","","1635906","95218950","0 PAYLOAD A","1 39208U 13037A   14052.09332862  .00001083  00000-0  19728-3 0  9993","2 39208 098.0469 071.2768 0010243 049.3286 310.8827 14.68012966 31717"
"2.0","GENERATED VIA SPACE-TRACK.ORG API","2014-02-21T07:08:00","18 SPCS","PAYLOAD B","2013-037B","EARTH","TEME","UTC","SGP4","2014-02-21T03:16:35.404895","14.67393702","0.00056360","98.0454","71.0583","49.4643","310.7049","0","U","39209","999","3169","0.00019776000000","0.00001070","0.0000000000000","7047.542","98.133","673.379","665.435","PAYLOAD","LARGE","PRC","2013-07-19","TSC","","1635964","95220315","0 PAYLOAD B","1 39209U 13037B   14052.13652089  .00001070  00000-0  19776-3 0  9994","2 39209 098.0454 071.0583 0005636 049.4643 310.7049 14.67393702 31694"
"2.0","GENERATED VIA SPACE-TRACK.ORG API","2014-02-21T07:06:51","18 SPCS","PAYLOAD C","2013-037C","EARTH","TEME","UTC","SGP4","2014-02-21T03:56:51.526463","14.95345522","0.00344020","97.6864","70.9701","40.4831","319.8973","0","U","39210","999","3223","0.00013853000000","0.00001487","0.0000000000000","6959.441","96.298","605.248","557.365","PAYLOAD","LARGE","PRC","2013-07-19","TSC","","1635963","95220305","0 PAYLOAD C","1 39210U 13037C   14052.16448526  .00001487  00000-0  13853-3 0  9990","2 39210 097.6864 070.9701 0034402 040.4831 319.8973 14.95345522 32234"
"2.0","GENERATED VIA SPACE-TRACK.ORG API","2014-02-21T07:17:48","18 SPCS","PAYLOAD A","2013-037A","EARTH","TEME","UTC","SGP4","2014-02-21T05:30:41.630400","14.68013379","0.00102670","98.0468","71.4105","49.1745","311.0352","0","U","39208","999","3173","0.00019268000000","0.00001057","0.0000000000000","7045.558","98.091","674.657","660.190","PAYLOAD","LARGE","PRC","2013-07-19","TSC","","1635978","95220638","0 PAYLOAD A","1 39208U 13037A   14052.22964850  .00001057  00000-0  19268-3 0  9996","2 39208 098.0468 071.4105 0010267 049.1745 311.0352 14.68013379 31734"
"2.0","GENERATED VIA SPACE-TRACK.ORG API","2014-02-21T14:20:26","18 SPCS","PAYLOAD A","2013-037A","EARTH","TEME","UTC","SGP4","2014-02-21T07:08:50.658719","14.68013631","0.00102720","98.0469","71.4775","49.0354","311.1741","0","U","39208","999","3174","0.00019764000000","0.00001085","0.0000000000000","7045.557","98.091","674.660","660.185","PAYLOAD","LARGE","PRC","2013-07-19","TSC","","1636053","95221778","0 PAYLOAD A","1 39208U 13037A   14052.29780855  .00001085  00000-0  19764-3 0  9996","2 39208 098.0469 071.4775 0010272 049.0354 311.1741 14.68013631 31744"
"2.0","GENERATED VIA SPACE-TRACK.ORG API","2014-02-21T14:51:45","18 SPCS","PAYLOAD B","2013-037B","EARTH","TEME","UTC","SGP4","2014-02-21T11:27:32.996736","14.67394468","0.00056130","98.0454","71.3932","48.5488","311.6200","0","U","39209","999","3174","0.00018943000000","0.00001023","0.0000000000000","7047.539","98.133","673.360","665.448","PAYLOAD","LARGE","PRC","2013-07-19","TSC","","1636087","95222593","0 PAYLOAD B","1 39209U 13037B   14052.47746524  .00001023  00000-0  18943-3 0  9992","2 39209 098.0454 071.3932 0005613 048.5488 311.6200 14.67394468 31742"
"2.0","GENERATED VIA SPACE-TRACK.ORG API","2014-02-21T14:52:01","18 SPCS","PAYLOAD C","2013-037C","EARTH","TEME","UTC","SGP4","2014-02-21T11:58:38.952479","14.95346239","0.00343770","97.6864","71.2981","39.3242","321.0462","0","U","39210","999","3228","0.00012523000000","0.00001339","0.0000000000000","6959.439","96.298","605.229","557.380","PAYLOAD","LARGE","PRC","2013-07-19","TSC","","1636088","95222609","0 PAYLOAD C","1 39210U 13037C   14052.49906195  .00001339  00000-0  12523-3 0  9996","2 39210 097.6864 071.2981 0034377 039.3242 321.0462 14.95346239 32281"
"2.0","GENERATED VIA SPACE-TRACK.ORG API","2014-02-21T17:42:20","18 SPCS","PAYLOAD A","2013-037A","EARTH","TEME","UTC","SGP4","2014-02-21T16:57:44.898623","14.68012448","0.00103090","98.0471","71.8798","47.7261","312.4771","0","U","39208","999","3180","0.00011854000000","0.00000632","0.0000000000000","7045.561","98.091","674.690","660.163","PAYLOAD","LARGE","PRC","2013-07-19","TSC","","1636120","95222931","0 PAYLOAD A","1 39208U 13037A   14052.70676966  .00000632  00000-0  11854-3 0  9998","2 39208 098.0471 071.8798 0010309 047.7261 312.4771 14.68012448 31808"
"2.0","GENERATED VIA SPACE-TRACK.ORG API","2014-02-21T23:36:01","18 SPCS","PAYLOAD B","2013-037B","EARTH","TEME","UTC","SGP4","2014-02-21T19:38:30.678432","14.67393894","0.00056090","98.0460","71.7287","47.5082","312.6599","0","U","39209","999","3179","0.00016092000000","0.00000862","0.0000000000000","7047.541","98.133","673.359","665.453","PAYLOAD","LARGE","PRC","2013-07-19","TSC","","1636301","95225481","0 PAYLOAD B","1 39209U 13037B   14052.81841063  .00000862  00000-0  16092-3 0  9997","2 39209 098.0460 071.7287 0005609 047.5082 312.6599 14.67393894 31799"
"2.0","GENERATED VIA SPACE-TRACK.ORG API","2014-02-21T23:37:30","18 SPCS","PAYLOAD C","2013-037C","EARTH","TEME","UTC","SGP4","2014-02-21T20:00:26.514143","14.95346287","0.00343270","97.6863","71.6262","38.3068","322.0591","0","U","39210","999","3233","0.00011949000000","0.00001274","0.0000000000000","6959.439","96.298","605.194","557.414","PAYLOAD","LARGE","PRC","2013-07-19","TSC","","1636305","95225580","0 PAYLOAD C","1 39210U 13037C   14052.83364021  .00001274  00000-0  11949-3 0  9999","2 39210 097.6863 071.6262 0034327 038.3068 322.0591 14.95346287 32339"
"2.0","GENERATED VIA SPACE-TRACK.ORG API","2014-02-21T22:27:46","18 SPCS","PAYLOAD A","2013-037A","EARTH","TEME","UTC","SGP4","2014-02-21T20:14:03.046848","14.68013298","0.00103320","98.0470","72.0139","47.9544","312.2538","0","U","39208","999","3182","0.00017711000000","0.00000968","0.0000000000000","7045.559","98.091","674.703","660.144","PAYLOAD","LARGE","PRC","2013-07-19","TSC","","1636206","95223512","0 PAYLOAD A","1 39208U 13037A   14052.84309082  .00000968  00000-0  17711-3 0  9995","2 39208 098.0470 072.0139 0010332 047.9544 312.2538 14.68013298 31826"
"2.0","GENERATED VIA SPACE-TRACK.ORG API","2014-02-22T01:40:07","18 SPCS","PAYLOAD A","2013-037A","EARTH","TEME","UTC","SGP4","2014-02-22T01:08:30.102432","14.68013305","0.00102300","98.0471","72.2147","47.4865","312.7202","0","U","39208","999","3185","0.00012608000000","0.00000675","0.0000000000000","7045.559","98.091","674.631","660.216","PAYLOAD","LARGE","PRC","2013-07-19","TSC","","1636336","95225798","0 PAYLOAD A","1 39208U 13037A   14053.04757063  .00000675  00000-0  12608-3 0  9999","2 39208 098.0471 072.2147 0010230 047.4865 312.7202 14.68013305 31851"
"2.0","GENERATED VIA SPACE-TRACK.ORG API","2014-02-22T07:24:10","18 SPCS","PAYLOAD B","2013-037B","EARTH","TEME","UTC","SGP4","2014-02-22T03:49:28.211519","14.67395226","0.00055970","98.0459","72.0636","46.8620","313.3050","0","U","39209","999","3184","0.00017739000000","0.00000955","0.0000000000000","7047.537","98.133","673.346","665.457","PAYLOAD","LARGE","PRC","2013-07-19","TSC","","1636520","95228169","0 PAYLOAD B","1 39209U 13037B   14053.15935430  .00000955  00000-0  17739-3 0  9999","2 39209 098.0459 072.0636 0005597 046.8620 313.3050 14.67395226 31842"
"2.0","GENERATED VIA SPACE-TRACK.ORG API","2014-02-22T07:25:56","18 SPCS","PAYLOAD C","2013-037C","EARTH","TEME","UTC","SGP4","2014-02-22T04:02:13.914240","14.95347996","0.00342270","97.6862","71.9543","37.2793","323.0815","0","U","39210","999","3238","0.00012713000000","0.00001360","0.0000000000000","6959.434","96.298","605.119","557.479","PAYLOAD","LARGE","PRC","2013-07-19","TSC","","1636522","95228205","0 PAYLOAD C","1 39210U 13037C   14053.16821660  .00001360  00000-0  12713-3 0  9999","2 39210 097.6862 071.9543 0034227 037.2793 323.0815 14.95347996 32388"
"2.0","GENERATED VIA SPACE-TRACK.ORG API","2014-02-22T06:26:21","18 SPCS","PAYLOAD A","2013-037A","EARTH","TEME","UTC","SGP4","2014-02-22T04:24:48.170303","14.68013703","0.00101850","98.0469","72.3491","47.4721","312.7361","0","U","39208","999","3187","0.00012858000000","0.00000689","0.0000000000000","7045.557","98.091","674.598","660.246","PAYLOAD","LARGE","PRC","2013-07-19","TSC","","1636442","95226382","0 PAYLOAD A","1 39208U 13037A   14053.18389086  .00000689  00000-0  12858-3 0  9992","2 39208 098.0469 072.3491 0010185 047.4721 312.7361 14.68013703 31871"
"2.0","GENERATED VIA SPACE-TRACK.ORG API","2014-02-22T10:05:01","18 SPCS","PAYLOAD A","2013-037A","EARTH","TEME","UTC","SGP4","2014-02-22T07:41:06.215712","14.68013715","0.00101930","98.0470","72.4830","46.8969","313.3087","0","U","39208","999","3189","0.00011865000000","0.00000632","0.0000000000000","7045.557","98.091","674.604","660.241","PAYLOAD","LARGE","PRC","2013-07-19","TSC","","1636532","95228366","0 PAYLOAD A","1 39208U 13037A   14053.32021083  .00000632  00000-0  11865-3 0  9993","2 39208 098.0470 072.4830 0010193 046.8969 313.3087 14.68013715 31894"
"2.0","GENERATED VIA SPACE-TRACK.ORG API","2014-02-22T16:29:29","18 SPCS","PAYLOAD B","2013-037B","EARTH","TEME","UTC","SGP4","2014-02-22T12:00:25.787807","14.67394873","0.00055340","98.0460","72.3985","46.5798","313.5863","0","U","39209","999","3189","0.00010848000000","0.00000565","0.0000000000000","7047.538","98.133","673.303","665.503","PAYLOAD","LARGE","PRC","2013-07-19","TSC","","1636685","95231376","0 PAYLOAD B","1 39209U 13037B   14053.50029847  .00000565  00000-0  10848-3 0  9995","2 39209 098.0460 072.3985 0005534 046.5798 313.5863 14.67394873 31894"
"2.0","GENERATED VIA SPACE-TRACK.ORG API","2014-02-22T16:30:46","18 SPCS","PAYLOAD C","2013-037C","EARTH","TEME","UTC","SGP4","2014-02-22T12:04:01.319520","14.95347723","0.00341880","97.6865","72.2827","36.1798","324.1716","0","U","39210","999","3243","0.00008714900000","0.00000914","0.0000000000000","6959.435","96.298","605.093","557.507","PAYLOAD","LARGE","PRC","2013-07-19","TSC","","1636687","95231419","0 PAYLOAD C","1 39210U 13037C   14053.50279305  .00000914  00000-0  87149-4 0  9990","2 39210 097.6865 072.2827 0034188 036.1798 324.1716 14.95347723 32435"
"2.0","GENERATED VIA SPACE-TRACK.ORG API","2014-02-22T14:40:20","18 SPCS","PAYLOAD A","2013-037A","EARTH","TEME","UTC","SGP4","2014-02-22T12:35:33.311039","14.68011722","0.00100320","98.0466","72.6839","46.6556","313.5459","0","U","39208","999","3192","-0.00001094300000","-0.00000111","0.0000000000000","7045.564","98.091","674.497","660.360","PAYLOAD","LARGE","PRC","2013-07-19","TSC","","1636577","95229002","0 PAYLOAD A","1 39208U 13037A   14053.52469110 -.00000111  00000-0 -10943-4 0  9993","2 39208 098.0466 072.6839 0010032 046.6556 313.5459 14.68011722 31927"
"2.0","GENERATED VIA SPACE-TRACK.ORG API","2014-02-22T23:42:41","18 SPCS","PAYLOAD C","2013-037C","EARTH","TEME","UTC","SGP4","2014-02-22T20:05:48.798240","14.95349403","0.00342340","97.6869","72.6110","35.0762","325.2708","0","U","39210","999","3248","0.00013164000000","0.00001410","0.0000000000000","6959.429","96.298","605.119","557.469","PAYLOAD","LARGE","PRC","2013-07-19","TSC","","1636865","95234392","0 PAYLOAD C","1 39210U 13037C   14053.83737035  .00001410  00000-0  13164-3 0  9992","2 39210 097.6869 072.6110 0034234 035.0762 325.2708 14.95349403 32484"
"2.0","GENERATED VIA SPACE-TRACK.ORG API","2014-02-22T23:40:45","18 SPCS","PAYLOAD B","2013-037B","EARTH","TEME","UTC","SGP4","2014-02-22T20:11:23.415072","14.67395203","0.00055470","98.0466","72.7337","45.8895","314.2764","0","U","39209","999","3194","0.00014394000000","0.00000766","0.0000000000000","7047.537","98.133","673.311","665.493","PAYLOAD","LARGE","PRC","2013-07-19","TSC","","1636863","95234357","0 PAYLOAD B","1 39209U 13037B   14053.84124323  .00000766  00000-0  14394-3 0  9990","2 39209 098.0466 072.7337 0005547 045.8895 314.2764 14.67395203 31941"
"2.0","GENERATED VIA SPACE-TRACK.ORG API","2014-02-22T22:30:34","18 SPCS","PAYLOAD A","2013-037A","EARTH","TEME","UTC","SGP4","2014-02-22T20:46:18.594335","14.68011463","0.00098750","98.0476","73.0192","45.7359","314.4676","0","U","39208","999","3197","0.00000698290000","-0.00000008","0.0000000000000","7045.564","98.091","674.387","660.472","PAYLOAD","LARGE","PRC","2013-07-19","TSC","","1636779","95232448","0 PAYLOAD A","1 39208U 13037A   14053.86549299 -.00000008  00000-0  69829-5 0  9999","2 39208 098.0476 073.0192 0009875 045.7359 314.4676 14.68011463 31977"
"2.0","GENERATED VIA SPACE-TRACK.ORG API","2014-02-23T07:34:05","18 SPCS","PAYLOAD C","2013-037C","EARTH","TEME","UTC","SGP4","2014-02-23T04:07:36.163775","14.95351789","0.00340710","97.6867","72.9389","34.1113","326.2339","0","U","39210","999","3253","0.00015713000000","0.00001694","0.0000000000000","6959.422","96.298","604.998","557.576","PAYLOAD","LARGE","PRC","2013-07-19","TSC","","1637071","95237101","0 PAYLOAD C","1 39210U 13037C   14054.17194634  .00001694  00000-0  15713-3 0  9998","2 39210 097.6867 072.9389 0034071 034.1113 326.2339 14.95351789 32539"
"2.0","GENERATED VIA SPACE-TRACK.ORG API","2014-02-23T07:33:46","18 SPCS","PAYLOAD B","2013-037B","EARTH","TEME","UTC","SGP4","2014-02-23T04:22:20.977535","14.67395456","0.00055280","98.0462","73.0683","45.1761","314.9897","0","U","39209","999","3199","0.00010388000000","0.00000539","0.0000000000000","7047.536","98.133","673.297","665.505","PAYLOAD","LARGE","PRC","2013-07-19","TSC","","1637070","95237063","0 PAYLOAD B","1 39209U 13037B   14054.18218724  .00000539  00000-0  10388-3 0  9994","2 39209 098.0462 073.0683 0005528 045.1761 314.9897 14.67395456 31998"
"2.0","GENERATED VIA SPACE-TRACK.ORG API","2014-02-23T06:28:41","18 SPCS","PAYLOAD A","2013-037A","EARTH","TEME","UTC","SGP4","2014-02-23T04:57:03.676320","14.68013389","0.00098150","98.0471","73.3543","44.7176","315.4844","0","U","39208","999","3202","0.00006963000000","0.00000351","0.0000000000000","7045.558","98.091","674.338","660.508","PAYLOAD","LARGE","PRC","2013-07-19","TSC","","1636992","95235214","0 PAYLOAD A","1 39208U 13037A   14054.20629255  .00000351  00000-0  69630-4 0  9998","2 39208 098.0471 073.3543 0009815 044.7176 315.4844 14.68013389 32029"
"2.0","GENERATED VIA SPACE-TRACK.ORG API","2014-02-23T15:17:13","18 SPCS","PAYLOAD C","2013-037C","EARTH","TEME","UTC","SGP4","2014-02-23T12:09:23.456735","14.95351399","0.00340350","97.6862","73.2662","32.8854","327.4466","0","U","39210","999","3258","0.00010509000000","0.00001114","0.0000000000000","6959.423","96.298","604.975","557.602","PAYLOAD","LARGE","PRC","2013-07-19","TSC","","1637170","95239167","0 PAYLOAD C","1 39210U 13037C   14054.50652149  .00001114  00000-0  10509-3 0  9990","2 39210 097.6862 073.2662 0034035 032.8854 327.4466 14.95351399 32585"
"2.0","GENERATED VIA SPACE-TRACK.ORG API","2014-02-23T15:16:56","18 SPCS","PAYLOAD B","2013-037B","EARTH","TEME","UTC","SGP4","2014-02-23T12:33:18.524447","14.67395252","0.00055110","98.0462","73.4031","43.4532","316.7101","0","U","39209","999","3204","0.00005204500000","0.00000246","0.0000000000000","7047.537","98.133","673.286","665.518","PAYLOAD","LARGE","PRC","2013-07-19","TSC","","1637169","95239140","0 PAYLOAD B","1 39209U 13037B   14054.52313107  .00000246  00000-0  52045-4 0  9995","2 39209 098.0462 073.4031 0005511 043.4532 316.7101 14.67395252 32047"
"2.0","GENERATED VIA SPACE-TRACK.ORG API","2014-02-23T14:24:21","18 SPCS","PAYLOAD A","2013-037A","EARTH","TEME","UTC","SGP4","2014-02-23T13:07:48.760032","14.68014471","0.00097270","98.0465","73.6886","44.0527","316.1465","0","U","39208","999","3207","0.00010190000000","0.00000536","0.0000000000000","7045.555","98.091","674.273","660.567","PAYLOAD","LARGE","PRC","2013-07-19","TSC","","1637107","95237634","0 PAYLOAD A","1 39208U 13037A   14054.54709213  .00000536  00000-0  10190-3 0  9999","2 39208 098.0465 073.6886 0009727 044.0527 316.1465 14.68014471 32075"
"2.0","GENERATED VIA SPACE-TRACK.ORG API","2014-02-23T23:59:46","18 SPCS","PAYLOAD C","2013-037C","EARTH","TEME","UTC","SGP4","2014-02-23T20:11:10.946688","14.95351918","0.00343530","97.6863","73.5940","31.4766","328.8506","0","U","39210","999","3263","0.00011480000000","0.00001222","0.0000000000000","6959.422","96.298","605.194","557.379","PAYLOAD","LARGE","PRC","2013-07-19","TSC","","1637420","95242791","0 PAYLOAD C","1 39210U 13037C   14054.84109892  .00001222  00000-0  11480-3 0  9998","2 39210 097.6863 073.5940 0034353 031.4766 328.8506 14.95351918 32631"
"2.0","GENERATED VIA SPACE-TRACK.ORG API","2014-02-23T23:58:04","18 SPCS","PAYLOAD B","2013-037B","EARTH","TEME","UTC","SGP4","2014-02-23T20:44:16.120608","14.67396377","0.00056380","98.0461","73.7374","40.6616","319.4993","0","U","39209","999","3209","0.00012350000000","0.00000650","0.0000000000000","7047.533","98.132","673.372","665.425","PAYLOAD","LARGE","PRC","2013-07-19","TSC","","1637418","95242746","0 PAYLOAD B","1 39209U 13037B   14054.86407547  .00000650  00000-0  12350-3 0  9997","2 39209 098.0461 073.7374 0005638 040.6616 319.4993 14.67396377 32094"
"2.0","GENERATED VIA SPACE-TRACK.ORG API","2014-02-23T22:33:20","18 SPCS","PAYLOAD A","2013-037A","EARTH","TEME","UTC","SGP4","2014-02-23T21:18:34.013951","14.68013596","0.00099660","98.0465","74.0236","42.2051","317.9920","0","U","39208","999","3212","0.00005659000000","0.00000276","0.0000000000000","7045.558","98.091","674.444","660.401","PAYLOAD","LARGE","PRC","2013-07-19","TSC","","1637300","95240284","0 PAYLOAD A","1 39208U 13037A   14054.88789368  .00000276  00000-0  56590-4 0  9991","2 39208 098.0465 074.0236 0009966 042.2051 317.9920 14.68013596 32124"
"2.0","GENERATED VIA SPACE-TRACK.ORG API","2014-02-24T07:59:48","18 SPCS","PAYLOAD B","2013-037B","EARTH","TEME","UTC","SGP4","2014-02-24T03:17:02.137919","14.67396891","0.00056110","98.0460","74.0054","40.0632","320.0976","0","U","39209","999","3213","0.00012438000000","0.00000655","0.0000000000000","7047.531","98.132","673.351","665.442","PAYLOAD","LARGE","PRC","2013-07-19","TSC","","1637633","95246346","0 PAYLOAD B","1 39209U 13037B   14055.13683030  .00000655  00000-0  12438-3 0  9993","2 39209 098.0460 074.0054 0005611 040.0632 320.0976 14.67396891 32130"
"2.0","GENERATED VIA SPACE-TRACK.ORG API","2014-02-24T08:01:33","18 SPCS","PAYLOAD C","2013-037C","EARTH","TEME","UTC","SGP4","2014-02-24T04:12:58.265568","14.95353295","0.00343080","97.6862","73.9220","30.3301","329.9919","0","U","39210","999","3268","0.00012038000000","0.00001285","0.0000000000000","6959.417","96.298","605.159","557.406","PAYLOAD","LARGE","PRC","2013-07-19","TSC","","1637635","95246405","0 PAYLOAD C","1 39210U 13037C   14055.17567437  .00001285  00000-0  12038-3 0  9997","2 39210 097.6862 073.9220 0034308 030.3301 329.9919 14.95353295 32683"
"2.0","GENERATED VIA SPACE-TRACK.ORG API","2014-02-24T06:33:20","18 SPCS","PAYLOAD A","2013-037A","EARTH","TEME","UTC","SGP4","2014-02-24T05:29:19.184063","14.68013540","0.00099490","98.0464","74.3585","41.1862","319.0092","0","U","39208","999","3217","0.00004585800000","0.00000215","0.0000000000000","7045.558","98.091","674.432","660.413","PAYLOAD","LARGE","PRC","2013-07-19","TSC","","1637525","95243770","0 PAYLOAD A","1 39208U 13037A   14055.22869426  .00000215  00000-0  45858-4 0  9992","2 39208 098.0464 074.3585 0009949 041.1862 319.0092 14.68013540 32179"
"2.0","GENERATED VIA SPACE-TRACK.ORG API","2014-02-24T09:04:29","18 SPCS","PAYLOAD A","2013-037A","EARTH","TEME","UTC","SGP4","2014-02-24T05:29:19.184063","14.68013530","0.00099870","98.0466","74.3586","40.9821","319.2124","0","U","39208","999","3217","0.00004692800000","0.00000221","0.0000000000000","7045.558","98.091","674.459","660.386","PAYLOAD","LARGE","PRC","2013-07-19","TSC","","1637651","95246657","0 PAYLOAD A","1 39208U 13037A   14055.22869426  .00000221  00000-0  46928-4 0  9998","2 39208 098.0466 074.3586 0009987 040.9821 319.2124 14.68013530 32173"
"2.0","GENERATED VIA SPACE-TRACK.ORG API","2014-02-24T15:27:03","18 SPCS","PAYLOAD B","2013-037B","EARTH","TEME","UTC","SGP4","2014-02-24T11:27:59.680512","14.67397550","0.00056020","98.0460","74.3401","38.6911","321.4705","0","U","39209","999","3218","0.00012757000000","0.00000673","0.0000000000000","7047.529","98.132","673.342","665.446","PAYLOAD","LARGE","PRC","2013-07-19","TSC","","1637773","95248885","0 PAYLOAD B","1 39209U 13037B   14055.47777408  .00000673  00000-0  12757-3 0  9997","2 39209 098.0460 074.3401 0005602 038.6911 321.4705 14.67397550 32185"
"2.0","GENERATED VIA SPACE-TRACK.ORG API","2014-02-24T14:27:21","18 SPCS","PAYLOAD A","2013-037A","EARTH","TEME","UTC","SGP4","2014-02-24T12:01:55.329311","14.68014538","0.00099660","98.0466","74.6267","40.2738","319.9251","0","U","39208","999","3221","0.00006904400000","0.00000348","0.0000000000000","7045.555","98.091","674.441","660.398","PAYLOAD","LARGE","PRC","2013-07-19","TSC","","1637700","95247140","0 PAYLOAD A","1 39208U 13037A   14055.50133483  .00000348  00000-0  69044-4 0  9990","2 39208 098.0466 074.6267 0009966 040.2738 319.9251 14.68014538 32211"
"2.0","GENERATED VIA SPACE-TRACK.ORG API","2014-02-24T15:28:47","18 SPCS","PAYLOAD C","2013-037C","EARTH","TEME","UTC","SGP4","2014-02-24T12:14:45.539519","14.95354903","0.00343300","97.6865","74.2505","29.3546","330.9613","0","U","39210","999","3273","0.00013022000000","0.00001394","0.0000000000000","6959.412","96.298","605.169","557.386","PAYLOAD","LARGE","PRC","2013-07-19","TSC","","1637775","95248922","0 PAYLOAD C","1 39210U 13037C   14055.51024930  .00001394  00000-0  13022-3 0  9996","2 39210 097.6865 074.2505 0034330 029.3546 330.9613 14.95354903 32736"
"2.0","GENERATED VIA SPACE-TRACK.ORG API","2014-02-25T00:17:02","18 SPCS","PAYLOAD B","2013-037B","EARTH","TEME","UTC","SGP4","2014-02-24T19:38:57.230879","14.67397819","0.00056140","98.0460","74.6748","37.7560","322.4039","0","U","39209","999","3223","0.00012590000000","0.00000664","0.0000000000000","7047.529","98.132","673.350","665.437","PAYLOAD","LARGE","PRC","2013-07-19","TSC","","1638011","95251716","0 PAYLOAD B","1 39209U 13037B   14055.81871795  .00000664  00000-0  12590-3 0  9994","2 39209 098.0460 074.6748 0005614 037.7560 322.4039 14.67397819 32230"
"2.0","GENERATED VIA SPACE-TRACK.ORG API","2014-02-24T22:30:14","18 SPCS","PAYLOAD A","2013-037A","EARTH","TEME","UTC","SGP4","2014-02-24T20:12:40.199616","14.68016692","0.00097600","98.0470","74.9626","39.2635","320.9275","0","U","39208","999","3226","0.00012829000000","0.00000688","0.0000000000000","7045.548","98.091","674.289","660.536","PAYLOAD","LARGE","PRC","2013-07-19","TSC","","1637917","95249760","0 PAYLOAD A","1 39208U 13037A   14055.84213194  .00000688  00000-0  12829-3 0  9990","2 39208 098.0470 074.9626 0009760 039.2635 320.9275 14.68016692 32260"
"2.0","GENERATED VIA SPACE-TRACK.ORG API","2014-02-25T00:22:09","18 SPCS","PAYLOAD C","2013-037C","EARTH","TEME","UTC","SGP4","2014-02-24T20:16:32.810015","14.95355907","0.00343100","97.6863","74.5785","28.2450","332.0626","0","U","39210","999","3278","0.00013139000000","0.00001408","0.0000000000000","6959.409","96.298","605.152","557.396","PAYLOAD","LARGE","PRC","2013-07-19","TSC","","1638017","95251808","0 PAYLOAD C","1 39210U 13037C   14055.84482419  .00001408  00000-0  13139-3 0  9997","2 39210 097.6863 074.5785 0034310 028.2450 332.0626 14.95355907 32784"
"2.0","GENERATED VIA SPACE-TRACK.ORG API","2014-02-25T08:19:42","18 SPCS","PAYLOAD B","2013-037B","EARTH","TEME","UTC","SGP4","2014-02-25T03:49:54.681024","14.67398726","0.00055740","98.0460","75.0097","36.5220","323.6365","0","U","39209","999","3228","0.00013303000000","0.00000704","0.0000000000000","7047.526","98.132","673.319","665.462","PAYLOAD","LARGE","PRC","2013-07-19","TSC","","1638235","95255029","0 PAYLOAD B","1 39209U 13037B   14056.15966066  .00000704  00000-0  13303-3 0  9996","2 39209 098.0460 075.0097 0005574 036.5220 323.6365 14.67398726 32285"
"2.0","GENERATED VIA SPACE-TRACK.ORG API","2014-02-25T08:21:15","18 SPCS","PAYLOAD C","2013-037C","EARTH","TEME","UTC","SGP4","2014-02-25T04:18:20.036447","14.95357390","0.00342670","97.6863","74.9065","27.1181","333.1837","0","U","39210","999","3283","0.00013634000000","0.00001463","0.0000000000000","6959.405","96.298","605.117","557.422","PAYLOAD","LARGE","PRC","2013-07-19","TSC","","1638237","95255069","0 PAYLOAD C","1 39210U 13037C   14056.17939857  .00001463  00000-0  13634-3 0  9998","2 39210 097.6863 074.9065 0034267 027.1181 333.1837 14.95357390 32839"
"2.0","GENERATED VIA SPACE-TRACK.ORG API","2014-02-25T06:44:51","18 SPCS","PAYLOAD A","2013-037A","EARTH","TEME","UTC","SGP4","2014-02-25T04:23:25.267776","14.68017257","0.00097050","98.0467","75.2975","38.2453","321.9437","0","U","39208","999","3231","0.00012650000000","0.00000677","0.0000000000000","7045.546","98.091","674.249","660.573","PAYLOAD","LARGE","PRC","2013-07-19","TSC","","1638137","95252759","0 PAYLOAD A","1 39208U 13037A   14056.18293134  .00000677  00000-0  12650-3 0  9990","2 39208 098.0467 075.2975 0009705 038.2453 321.9437 14.68017257 32318"
"2.0","GENERATED VIA SPACE-TRACK.ORG API","2014-02-25T14:34:25","18 SPCS","PAYLOAD A","2013-037A","EARTH","TEME","UTC","SGP4","2014-02-25T10:56:01.336128","14.68017649","0.00096920","98.0469","75.5653","37.8123","322.3758","0","U","39208","999","3235","0.00012794000000","0.00000686","0.0000000000000","7045.545","98.091","674.238","660.581","PAYLOAD","LARGE","PRC","2013-07-19","TSC","","1638289","95255832","0 PAYLOAD A","1 39208U 13037A   14056.45557102  .00000686  00000-0  12794-3 0  9997","2 39208 098.0469 075.5653 0009692 037.8123 322.3758 14.68017649 32350"
"2.0","GENERATED VIA SPACE-TRACK.ORG API","2014-02-25T15:52:10","18 SPCS","PAYLOAD B","2013-037B","EARTH","TEME","UTC","SGP4","2014-02-25T12:00:52.173503","14.67399175","0.00055540","98.0460","75.3447","35.5285","324.6289","0","U","39209","999","3233","0.00013059000000","0.00000691","0.0000000000000","7047.524","98.132","673.303","665.475","PAYLOAD","LARGE","PRC","2013-07-19","TSC","","1638372","95257754","0 PAYLOAD B","1 39209U 13037B   14056.50060386  .00000691  00000-0  13059-3 0  9998","2 39209 098.0460 075.3447 0005554 035.5285 324.6289 14.67399175 32336"
"2.0","GENERATED VIA SPACE-TRACK.ORG API","2014-02-25T15:52:55","18 SPCS","PAYLOAD C","2013-037C","EARTH","TEME","UTC","SGP4","2014-02-25T12:20:07.220543","14.95358974","0.00341910","97.6864","75.2346","26.1050","334.1907","0","U","39210","999","3288","0.00014265000000","0.00001533","0.0000000000000","6959.400","96.297","605.060","557.470","PAYLOAD","LARGE","PRC","2013-07-19","TSC","","1638373","95257787","0 PAYLOAD C","1 39210U 13037C   14056.51397246  .00001533  00000-0  14265-3 0  9995","2 39210 097.6864 075.2346 0034191 026.1050 334.1907 14.95358974 32889"
"2.0","GENERATED VIA SPACE-TRACK.ORG API","2014-02-25T23:35:22","18 SPCS","PAYLOAD B","2013-037B","EARTH","TEME","UTC","SGP4","2014-02-25T20:11:49.674623","14.67399393","0.00054620","98.0464","75.6802","35.5375","324.6188","0","U","39209","999","3238","0.00012620000000","0.00000666","0.0000000000000","7047.523","98.132","673.238","665.539","PAYLOAD","LARGE","PRC","2013-07-19","TSC","","1638579","95260707","0 PAYLOAD B","1 39209U 13037B   14056.84154716  .00000666  00000-0  12620-3 0  9991","2 39209 098.0464 075.6802 0005462 035.5375 324.6188 14.67399393 32381"
"2.0","GENERATED VIA SPACE-TRACK.ORG API","2014-02-25T23:36:48","18 SPCS","PAYLOAD C","2013-037C","EARTH","TEME","UTC","SGP4","2014-02-25T20:21:54.414144","14.95360003","0.00341700","97.6862","75.5625","25.0263","335.2613","0","U","39210","999","3293","0.00014242000000","0.00001531","0.0000000000000","6959.397","96.297","605.042","557.481","PAYLOAD","LARGE","PRC","2013-07-19","TSC","","1638582","95260781","0 PAYLOAD C","1 39210U 13037C   14056.84854646  .00001531  00000-0  14242-3 0  9996","2 39210 097.6862 075.5625 0034170 025.0263 335.2613 14.95360003 32939"
"2.0","GENERATED VIA SPACE-TRACK.ORG API","2014-02-25T22:31:11","18 SPCS","PAYLOAD A","2013-037A","EARTH","TEME","UTC","SGP4","2014-02-25T20:44:55.507775","14.68016505","0.00095540","98.0464","75.9671","36.8682","323.3147","0","U","39208","999","3241","0.00008283500000","0.00000427","0.0000000000000","7045.548","98.091","674.145","660.682","PAYLOAD","LARGE","PRC","2013-07-19","TSC","","1638500","95258878","0 PAYLOAD A","1 39208U 13037A   14056.86453134  .00000427  00000-0  82835-4 0  9999","2 39208 098.0464 075.9671 0009554 036.8682 323.3147 14.68016505 32415"
"2.0","GENERATED VIA SPACE-TRACK.ORG API","2014-02-26T06:35:02","18 SPCS","PAYLOAD A","2013-037A","EARTH","TEME","UTC","SGP4","2014-02-26T03:17:31.623647","14.68017411","0.00095910","98.0468","76.2353","35.8790","324.3061","0","U","39208","999","3245","0.00010686000000","0.00000565","0.0000000000000","7045.545","98.091","674.168","660.653","PAYLOAD","LARGE","PRC","2013-07-19","TSC","","1638742","95261577","0 PAYLOAD A","1 39208U 13037A   14057.13717157  .00000565  00000-0  10686-3 0  9995","2 39208 098.0468 076.2353 0009591 035.8790 324.3061 14.68017411 32457"
"2.0","GENERATED VIA SPACE-TRACK.ORG API","2014-02-26T08:01:18","18 SPCS","PAYLOAD B","2013-037B","EARTH","TEME","UTC","SGP4","2014-02-26T04:22:47.151552","14.67399723","0.00054230","98.0461","76.0147","34.5888","325.5668","0","U","39209","999","3243","0.00011871000000","0.00000623","0.0000000000000","7047.522","98.132","673.209","665.566","PAYLOAD","LARGE","PRC","2013-07-19","TSC","","1638848","95263542","0 PAYLOAD B","1 39209U 13037B   14057.18249018  .00000623  00000-0  11871-3 0  9999","2 39209 098.0461 076.0147 0005423 034.5888 325.5668 14.67399723 32436"
"2.0","GENERATED VIA SPACE-TRACK.ORG API","2014-02-26T08:03:11","18 SPCS","PAYLOAD C","2013-037C","EARTH","TEME","UTC","SGP4","2014-02-26T04:23:41.519615","14.95361870","0.00341410","97.6862","75.8906","23.8665","336.4140","0","U","39210","999","3298","0.00015134000000","0.00001630","0.0000000000000","6959.391","96.297","605.016","557.496","PAYLOAD","LARGE","PRC","2013-07-19","TSC","","1638850","95263587","0 PAYLOAD C","1 39210U 13037C   14057.18311944  .00001630  00000-0  15134-3 0  9994","2 39210 097.6862 075.8906 0034141 023.8665 336.4140 14.95361870 32980"
"2.0","GENERATED VIA SPACE-TRACK.ORG API","2014-02-26T14:29:14","18 SPCS","PAYLOAD A","2013-037A","EARTH","TEME","UTC","SGP4","2014-02-26T11:28:16.680575","14.68017893","0.00095830","98.0470","76.5706","34.7247","325.4585","0","U","39208","999","3250","0.00010525000000","0.00000555","0.0000000000000","7045.544","98.091","674.161","660.657","PAYLOAD","LARGE","PRC","2013-07-19","TSC","","1638905","95264377","0 PAYLOAD A","1 39208U 13037A   14057.47797084  .00000555  00000-0  10525-3 0  9990","2 39208 098.0470 076.5706 0009583 034.7247 325.4585 14.68017893 32504"
"2.0","GENERATED VIA SPACE-TRACK.ORG API","2014-02-26T15:48:07","18 SPCS","PAYLOAD C","2013-037C","EARTH","TEME","UTC","SGP4","2014-02-26T12:25:28.637184","14.95363094","0.00340690","97.6861","76.2186","22.8180","337.4552","0","U","39210","999","3303","0.00015181000000","0.00001636","0.0000000000000","6959.387","96.297","604.962","557.542","PAYLOAD","LARGE","PRC","2013-07-19","TSC","","1639008","95266801","0 PAYLOAD C","1 39210U 13037C   14057.51769256  .00001636  00000-0  15181-3 0  9992","2 39210 097.6861 076.2186 0034069 022.8180 337.4552 14.95363094 33039"
"2.0","GENERATED VIA SPACE-TRACK.ORG API","2014-02-26T15:46:19","18 SPCS","PAYLOAD B","2013-037B","EARTH","TEME","UTC","SGP4","2014-02-26T12:33:44.622432","14.67400526","0.00054400","98.0463","76.3497","33.3038","326.8519","0","U","39209","999","3248","0.00012771000000","0.00000674","0.0000000000000","7047.520","98.132","673.219","665.551","PAYLOAD","LARGE","PRC","2013-07-19","TSC","","1639006","95266760","0 PAYLOAD B","1 39209U 13037B   14057.52343313  .00000674  00000-0  12771-3 0  9996","2 39209 098.0463 076.3497 0005440 033.3038 326.8519 14.67400526 32480"
"2.0","GENERATED VIA SPACE-TRACK.ORG API","2014-02-26T22:30:40","18 SPCS","PAYLOAD A","2013-037A","EARTH","TEME","UTC","SGP4","2014-02-26T19:39:01.825632","14.68017296","0.00095490","98.0463","76.9049","32.9606","327.2214","0","U","39208","999","3255","0.00007061700000","0.00000357","0.0000000000000","7045.546","98.091","674.139","660.683","PAYLOAD","LARGE","PRC","2013-07-19","TSC","","1639128","95267796","0 PAYLOAD A","1 39208U 13037A   14057.81877113  .00000357  00000-0  70617-4 0  9999","2 39208 098.0463 076.9049 0009549 032.9606 327.2214 14.68017296 32552"
"2.0","GENERATED VIA SPACE-TRACK.ORG API","2014-02-26T23:35:38","18 SPCS","PAYLOAD C","2013-037C","EARTH","TEME","UTC","SGP4","2014-02-26T20:27:15.758207","14.95364869","0.00339260","97.6862","76.5470","21.9761","338.2945","0","U","39210","999","3308","0.00016043000000","0.00001732","0.0000000000000","6959.381","96.297","604.857","557.636","PAYLOAD","LARGE","PRC","2013-07-19","TSC","","1639209","95269662","0 PAYLOAD C","1 39210U 13037C   14057.85226572  .00001732  00000-0  16043-3 0  9993","2 39210 097.6862 076.5470 0033926 021.9761 338.2945 14.95364869 33086"
"2.0","GENERATED VIA SPACE-TRACK.ORG API","2014-02-26T23:34:11","18 SPCS","PAYLOAD B","2013-037B","EARTH","TEME","UTC","SGP4","2014-02-26T20:44:42.084671","14.67400763","0.00054190","98.0462","76.6846","32.4325","327.7205","0","U","39209","999","3253","0.00012363000000","0.00000651","0.0000000000000","7047.519","98.132","673.203","665.565","PAYLOAD","LARGE","PRC","2013-07-19","TSC","","1639207","95269623","0 PAYLOAD B","1 39209U 13037B   14057.86437598  .00000651  00000-0  12363-3 0  9994","2 39209 098.0462 076.6846 0005419 032.4325 327.7205 14.67400763 32536"
"2.0","GENERATED VIA SPACE-TRACK.ORG API","2014-02-27T07:35:33","18 SPCS","PAYLOAD B","2013-037B","EARTH","TEME","UTC","SGP4","2014-02-27T03:17:28.012992","14.67401558","0.00054310","98.0462","76.9524","31.3832","328.7693","0","U","39209","999","3257","0.00013167000000","0.00000697","0.0000000000000","7047.517","98.132","673.209","665.554","PAYLOAD","LARGE","PRC","2013-07-19","TSC","","1639389","95272296","0 PAYLOAD B","1 39209U 13037B   14058.13712978  .00000697  00000-0  13167-3 0  9996","2 39209 098.0462 076.9524 0005431 031.3832 328.7693 14.67401558 32576"
"2.0","GENERATED VIA SPACE-TRACK.ORG API","2014-02-27T06:31:33","18 SPCS","PAYLOAD A","2013-037A","EARTH","TEME","UTC","SGP4","2014-02-27T03:49:46.797887","14.68018469","0.00095060","98.0462","77.2403","31.5318","328.6463","0","U","39208","999","3260","0.00009206000000","0.00000480","0.0000000000000","7045.542","98.091","674.104","660.710","PAYLOAD","LARGE","PRC","2013-07-19","TSC","","1639314","95270443","0 PAYLOAD A","1 39208U 13037A   14058.15956942  .00000480  00000-0  92060-4 0  9998","2 39208 098.0462 077.2403 0009506 031.5318 328.6463 14.68018469 32607"
"2.0","GENERATED VIA SPACE-TRACK.ORG API","2014-02-27T07:38:16","18 SPCS","PAYLOAD C","2013-037C","EARTH","TEME","UTC","SGP4","2014-02-27T04:29:02.770367","14.95366330","0.00339140","97.6862","76.8749","20.9129","339.3474","0","U","39210","999","3313","0.00016350000000","0.00001766","0.0000000000000","6959.377","96.297","604.844","557.640","PAYLOAD","LARGE","PRC","2013-07-19","TSC","","1639391","95272335","0 PAYLOAD C","1 39210U 13037C   14058.18683762  .00001766  00000-0  16350-3 0  9996","2 39210 097.6862 076.8749 0033914 020.9129 339.3474 14.95366330 33132"
"2.0","GENERATED VIA SPACE-TRACK.ORG API","2014-02-27T12:28:42","18 SPCS","PAYLOAD A","2013-037A","EARTH","TEME","UTC","SGP4","2014-02-27T07:06:04.808736","14.68018800","0.00095160","98.0464","77.3742","31.1350","329.0425","0","U","39208","999","3262","0.00009666800000","0.00000506","0.0000000000000","7045.541","98.091","674.110","660.701","PAYLOAD","LARGE","PRC","2013-07-19","TSC","","1639437","95273084","0 PAYLOAD A","1 39208U 13037A   14058.29588899  .00000506  00000-0  96668-4 0  9992","2 39208 098.0464 077.3742 0009516 031.1350 329.0425 14.68018800 32623"
"2.0","GENERATED VIA SPACE-TRACK.ORG API","2014-02-27T13:03:43","18 SPCS","PAYLOAD C","2013-037C","EARTH","TEME","UTC","SGP4","2014-02-27T07:41:45.592512","14.95367019","0.00338430","97.6862","77.0061","20.4508","339.8081","0","U","39210","999","3315","0.00016569000000","0.00001790","0.0000000000000","6959.375","96.297","604.792","557.687","PAYLOAD","LARGE","PRC","2013-07-19","TSC","","1639482","95274201","0 PAYLOAD C","1 39210U 13037C   14058.32066658  .00001790  00000-0  16569-3 0  9990","2 39210 097.6862 077.0061 0033843 020.4508 339.8081 14.95367019 33155"
"2.0","GENERATED VIA SPACE-TRACK.ORG API","2014-02-27T13:03:43","18 SPCS","PAYLOAD B","2013-037B","EARTH","TEME","UTC","SGP4","2014-02-27T08:12:02.482559","14.67401932","0.00054370","98.0463","77.1534","30.9377","329.2150","0","U","39209","999","3260","0.00013316000000","0.00000705","0.0000000000000","7047.515","98.132","673.212","665.549","PAYLOAD","LARGE","PRC","2013-07-19","TSC","","1639482","95274184","0 PAYLOAD B","1 39209U 13037B   14058.34169540  .00000705  00000-0  13316-3 0  9996","2 39209 098.0463 077.1534 0005437 030.9377 329.2150 14.67401932 32600"
"2.0","GENERATED VIA SPACE-TRACK.ORG API","2014-02-27T22:57:39","18 SPCS","PAYLOAD B","2013-037B","EARTH","TEME","UTC","SGP4","2014-02-27T19:39:22.916735","14.67402439","0.00053880","98.0461","77.6220","29.8286","330.3231","0","U","39209","999","3267","0.00013131000000","0.00000695","0.0000000000000","7047.514","98.132","673.176","665.582","PAYLOAD","LARGE","PRC","2013-07-19","TSC","","1639767","95278761","0 PAYLOAD B","1 39209U 13037B   14058.81901524  .00000695  00000-0  13131-3 0  9997","2 39209 098.0461 077.6220 0005388 029.8286 330.3231 14.67402439 32679"
"2.0","GENERATED VIA SPACE-TRACK.ORG API","2014-02-27T21:33:09","18 SPCS","PAYLOAD A","2013-037A","EARTH","TEME","UTC","SGP4","2014-02-27T20:11:16.859904","14.68019347","0.00094800","98.0460","77.9101","29.9016","330.2716","0","U","39208","999","3270","0.00009647700000","0.00000505","0.0000000000000","7045.539","98.091","674.083","660.725","PAYLOAD","LARGE","PRC","2013-07-19","TSC","","1639647","95276250","0 PAYLOAD A","1 39208U 13037A   14058.84116736  .00000505  00000-0  96477-4 0  9997","2 39208 098.0460 077.9101 0009480 029.9016 330.2716 14.68019347 32701"
"2.0","GENERATED VIA SPACE-TRACK.ORG API","2014-02-27T22:59:17","18 SPCS","PAYLOAD C","2013-037C","EARTH","TEME","UTC","SGP4","2014-02-27T20:32:36.812832","14.95369359","0.00337810","97.6860","77.5309","18.7629","341.4841","0","U","39210","999","3323","0.00017040000000","0.00001843","0.0000000000000","6959.367","96.297","604.742","557.723","PAYLOAD","LARGE","PRC","2013-07-19","TSC","","1639769","95278805","0 PAYLOAD C","1 39210U 13037C   14058.85598163  .00001843  00000-0  17040-3 0  9993","2 39210 097.6860 077.5309 0033781 018.7629 341.4841 14.95369359 33239"
"2.0","GENERATED VIA SPACE-TRACK.ORG API","2014-02-28T08:12:58","18 SPCS","PAYLOAD B","2013-037B","EARTH","TEME","UTC","SGP4","2014-02-28T03:50:20.275295","14.67403340","0.00053570","98.0459","77.9571","28.4910","331.6588","0","U","39209","999","3272","0.00013816000000","0.00000733","0.0000000000000","7047.511","98.132","673.151","665.600","PAYLOAD","LARGE","PRC","2013-07-19","TSC","","1640081","95282401","0 PAYLOAD B","1 39209U 13037B   14059.15995689  .00000733  00000-0  13816-3 0  9993","2 39209 098.0459 077.9571 0005357 028.4910 331.6588 14.67403340 32720"
"2.0","GENERATED VIA SPACE-TRACK.ORG API","2014-02-28T06:33:10","18 SPCS","PAYLOAD A","2013-037A","EARTH","TEME","UTC","SGP4","2014-02-28T04:22:01.920288","14.68019961","0.00094690","98.0461","78.2451","28.8947","331.2789","0","U","39208","999","3275","0.00010441000000","0.00000551","0.0000000000000","7045.537","98.091","674.074","660.731","PAYLOAD","LARGE","PRC","2013-07-19","TSC","","1639989","95280191","0 PAYLOAD A","1 39208U 13037A   14059.18196667  .00000551  00000-0  10441-3 0  9993","2 39208 098.0461 078.2451 0009469 028.8947 331.2789 14.68019961 32750"
"2.0","GENERATED VIA SPACE-TRACK.ORG API","2014-02-28T08:14:22","18 SPCS","PAYLOAD C","2013-037C","EARTH","TEME","UTC","SGP4","2014-02-28T04:34:23.742048","14.95371319","0.00337800","97.6858","77.8589","17.5642","342.6742","0","U","39210","999","3328","0.00017883000000","0.00001937","0.0000000000000","6959.361","96.297","604.735","557.718","PAYLOAD","LARGE","PRC","2013-07-19","TSC","","1640083","95282451","0 PAYLOAD C","1 39210U 13037C   14059.19055257  .00001937  00000-0  17883-3 0  9992","2 39210 097.6858 077.8589 0033780 017.5642 342.6742 14.95371319 33287"
"2.0","GENERATED VIA SPACE-TRACK.ORG API","2014-02-28T15:47:35","18 SPCS","PAYLOAD B","2013-037B","EARTH","TEME","UTC","SGP4","2014-02-28T12:01:17.662368","14.67404166","0.00053290","98.0460","78.2921","27.7693","332.3808","0","U","39209","999","3277","0.00014410000000","0.00000767","0.0000000000000","7047.508","98.132","673.129","665.618","PAYLOAD","LARGE","PRC","2013-07-19","TSC","","1640223","95285332","0 PAYLOAD B","1 39209U 13037B   14059.50089887  .00000767  00000-0  14410-3 0  9994","2 39209 098.0460 078.2921 0005329 027.7693 332.3808 14.67404166 32779"
"2.0","GENERATED VIA SPACE-TRACK.ORG API","2014-02-28T14:28:26","18 SPCS","PAYLOAD A","2013-037A","EARTH","TEME","UTC","SGP4","2014-02-28T12:32:46.898592","14.68021775","0.00094560","98.0464","78.5804","28.1393","332.0361","0","U","39208","999","3280","0.00014626000000","0.00000791","0.0000000000000","7045.531","98.091","674.059","660.734","PAYLOAD","LARGE","PRC","2013-07-19","TSC","","1640134","95283226","0 PAYLOAD A","1 39208U 13037A   14059.52276503  .00000791  00000-0  14626-3 0  9994","2 39208 098.0464 078.5804 0009456 028.1393 332.0361 14.68021775 32809"
"2.0","GENERATED VIA SPACE-TRACK.ORG API","2014-02-28T15:49:02","18 SPCS","PAYLOAD C","2013-037C","EARTH","TEME","UTC","SGP4","2014-02-28T12:36:10.676447","14.95373465","0.00337820","97.6858","78.1872","16.5122","343.7218","0","U","39210","999","3333","0.00018851000000","0.00002045","0.0000000000000","6959.355","96.297","604.730","557.710","PAYLOAD","LARGE","PRC","2013-07-19","TSC","","1640225","95285374","0 PAYLOAD C","1 39210U 13037C   14059.52512357  .00002045  00000-0  18851-3 0  9995","2 39210 097.6858 078.1872 0033782 016.5122 343.7218 14.95373465 33330"
"2.0","GENERATED VIA SPACE-TRACK.ORG API","2014-03-01T00:22:45","18 SPCS","PAYLOAD B","2013-037B","EARTH","TEME","UTC","SGP4","2014-02-28T20:12:15.033888","14.67404612","0.00052990","98.0457","78.6266","26.8280","333.3196","0","U","39209","999","3282","0.00014192000000","0.00000755","0.0000000000000","7047.507","98.132","673.106","665.637","PAYLOAD","LARGE","PRC","2013-07-19","TSC","","1640474","95289340","0 PAYLOAD B","1 39209U 13037B   14059.84184067  .00000755  00000-0  14192-3 0  9991","2 39209 098.0457 078.6266 0005299 026.8280 333.3196 14.67404612 32822"
"2.0","GENERATED VIA SPACE-TRACK.ORG API","2014-03-01T00:27:11","18 SPCS","PAYLOAD C","2013-037C","EARTH","TEME","UTC","SGP4","2014-02-28T20:37:57.537408","14.95375190","0.00337370","97.6859","78.5153","15.5017","344.7232","0","U","39210","999","3338","0.00019308000000","0.00002096","0.0000000000000","6959.349","96.296","604.693","557.736","PAYLOAD","LARGE","PRC","2013-07-19","TSC","","1640477","95289401","0 PAYLOAD C","1 39210U 13037C   14059.85969372  .00002096  00000-0  19308-3 0  9998","2 39210 097.6859 078.5153 0033737 015.5017 344.7232 14.95375190 33388"
"2.0","GENERATED VIA SPACE-TRACK.ORG API","2014-02-28T22:35:05","18 SPCS","PAYLOAD A","2013-037A","EARTH","TEME","UTC","SGP4","2014-02-28T20:43:31.828511","14.68022354","0.00094870","98.0467","78.9155","27.3733","332.7956","0","U","39208","999","3285","0.00015281000000","0.00000828","0.0000000000000","7045.530","98.091","674.079","660.710","PAYLOAD","LARGE","PRC","2013-07-19","TSC","","1640349","95286525","0 PAYLOAD A","1 39208U 13037A   14059.86356283  .00000828  00000-0  15281-3 0  9994","2 39208 098.0467 078.9155 0009487 027.3733 332.7956 14.68022354 32854"
"2.0","GENERATED VIA SPACE-TRACK.ORG API","2014-03-01T06:27:24","18 SPCS","PAYLOAD A","2013-037A","EARTH","TEME","UTC","SGP4","2014-03-01T03:16:07.841568","14.68022587","0.00094890","98.0467","79.1835","26.5421","333.6262","0","U","39208","999","3289","0.00014497000000","0.00000783","0.0000000000000","7045.529","98.091","674.079","660.708","PAYLOAD","LARGE","PRC","2013-07-19","TSC","","1640647","95290362","0 PAYLOAD A","1 39208U 13037A   14060.13620187  .00000783  00000-0  14497-3 0  9991","2 39208 098.0467 079.1835 0009489 026.5421 333.6262 14.68022587 32891"
"2.0","GENERATED VIA SPACE-TRACK.ORG API","2014-03-01T07:31:34","18 SPCS","PAYLOAD B","2013-037B","EARTH","TEME","UTC","SGP4","2014-03-01T04:23:12.378624","14.67405853","0.00052990","98.0457","78.9615","25.8553","334.2932","0","U","39209","999","3287","0.00015816000000","0.00000847","0.0000000000000","7047.503","98.132","673.102","665.633","PAYLOAD","LARGE","PRC","2013-07-19","TSC","","1640731","95292323","0 PAYLOAD B","1 39209U 13037B   14060.18278216  .00000847  00000-0  15816-3 0  9996","2 39209 098.0457 078.9615 0005299 025.8553 334.2932 14.67405853 32876"
"2.0","GENERATED VIA SPACE-TRACK.ORG API","2014-03-01T07:32:37","18 SPCS","PAYLOAD C","2013-037C","EARTH","TEME","UTC","SGP4","2014-03-01T04:39:44.344799","14.95378064","0.00337450","97.6857","78.8430","14.3843","345.8352","0","U","39210","999","3343","0.00021189000000","0.00002307","0.0000000000000","6959.340","96.296","604.690","557.721","PAYLOAD","LARGE","PRC","2013-07-19","TSC","","1640733","95292388","0 PAYLOAD C","1 39210U 13037C   14060.19426325  .00002307  00000-0  21189-3 0  9998","2 39210 097.6857 078.8430 0033745 014.3843 345.8352 14.95378064 33434"
"2.0","GENERATED VIA SPACE-TRACK.ORG API","2014-03-01T15:37:15","18 SPCS","PAYLOAD B","2013-037B","EARTH","TEME","UTC","SGP4","2014-03-01T10:55:58.224863","14.67406649","0.00052450","98.0458","79.2293","25.7175","334.4309","0","U","39209","999","3291","0.00016426000000","0.00000881","0.0000000000000","7047.500","98.132","673.062","665.669","PAYLOAD","LARGE","PRC","2013-07-19","TSC","","1640873","95295148","0 PAYLOAD B","1 39209U 13037B   14060.45553501  .00000881  00000-0  16426-3 0  9995","2 39209 098.0458 079.2293 0005245 025.7175 334.4309 14.67406649 32912"
"2.0","GENERATED VIA SPACE-TRACK.ORG API","2014-03-01T15:38:52","18 SPCS","PAYLOAD C","2013-037C","EARTH","TEME","UTC","SGP4","2014-03-01T11:05:09.739391","14.95379939","0.00337430","97.6858","79.1057","13.5070","346.7057","0","U","39210","999","3347","0.00021925000000","0.00002389","0.0000000000000","6959.335","96.296","604.683","557.717","PAYLOAD","LARGE","PRC","2013-07-19","TSC","","1640876","95295190","0 PAYLOAD C","1 39210U 13037C   14060.46191828  .00002389  00000-0  21925-3 0  9993","2 39210 097.6858 079.1057 0033743 013.5070 346.7057 14.95379939 33473"
"2.0","GENERATED VIA SPACE-TRACK.ORG API","2014-03-01T14:27:07","18 SPCS","PAYLOAD A","2013-037A","EARTH","TEME","UTC","SGP4","2014-03-01T11:26:52.815551","14.68023533","0.00094800","98.0469","79.5181","25.4872","334.6811","0","U","39208","999","3294","0.00015572000000","0.00000845","0.0000000000000","7045.526","98.091","674.070","660.712","PAYLOAD","LARGE","PRC","2013-07-19","TSC","","1640775","95293020","0 PAYLOAD A","1 39208U 13037A   14060.47700018  .00000845  00000-0  15572-3 0  9994","2 39208 098.0469 079.5181 0009480 025.4872 334.6811 14.68023533 32949"
"2.0","GENERATED VIA SPACE-TRACK.ORG API","2014-03-01T23:44:41","18 SPCS","PAYLOAD C","2013-037C","EARTH","TEME","UTC","SGP4","2014-03-01T19:06:56.476799","14.95382107","0.00336380","97.6857","79.4336","12.4425","347.7633","0","U","39210","999","3352","0.00022581000000","0.00002462","0.0000000000000","6959.328","96.296","604.603","557.783","PAYLOAD","LARGE","PRC","2013-07-19","TSC","","1641092","95298260","0 PAYLOAD C","1 39210U 13037C   14060.79648700  .00002462  00000-0  22581-3 0  9996","2 39210 097.6857 079.4336 0033638 012.4425 347.7633 14.95382107 33528"
"2.0","GENERATED VIA SPACE-TRACK.ORG API","2014-03-01T22:26:32","18 SPCS","PAYLOAD A","2013-037A","EARTH","TEME","UTC","SGP4","2014-03-01T19:37:37.737696","14.68024024","0.00094500","98.0463","79.8527","24.5015","335.6621","0","U","39208","999","3299","0.00015648000000","0.00000849","0.0000000000000","7045.524","98.091","674.047","660.731","PAYLOAD","LARGE","PRC","2013-07-19","TSC","","1640997","95296180","0 PAYLOAD A","1 39208U 13037A   14060.81779789  .00000849  00000-0  15648-3 0  9991","2 39208 098.0463 079.8527 0009450 024.5015 335.6621 14.68024024 32997"
"2.0","GENERATED VIA SPACE-TRACK.ORG API","2014-03-01T23:43:12","18 SPCS","PAYLOAD B","2013-037B","EARTH","TEME","UTC","SGP4","2014-03-01T20:45:07.011936","14.67407073","0.00052230","98.0457","79.6310","24.3010","335.8429","0","U","39209","999","3297","0.00015813000000","0.00000846","0.0000000000000","7047.499","98.132","673.045","665.683","PAYLOAD","LARGE","PRC","2013-07-19","TSC","","1641090","95298213","0 PAYLOAD B","1 39209U 13037B   14060.86466449  .00000846  00000-0  15813-3 0  9994","2 39209 098.0457 079.6310 0005223 024.3010 335.8429 14.67407073 32970"
"2.0","GENERATED VIA SPACE-TRACK.ORG API","2014-03-02T07:35:17","18 SPCS","PAYLOAD C","2013-037C","EARTH","TEME","UTC","SGP4","2014-03-02T03:08:43.118303","14.95385612","0.00336760","97.6855","79.7615","11.4672","348.7326","0","U","39210","999","3357","0.00025211000000","0.00002756","0.0000000000000","6959.317","96.296","604.618","557.746","PAYLOAD","LARGE","PRC","2013-07-19","TSC","","1641297","95301123","0 PAYLOAD C","1 39210U 13037C   14061.13105461  .00002756  00000-0  25211-3 0  9996","2 39210 097.6855 079.7615 0033676 011.4672 348.7326 14.95385612 33573"
"2.0","GENERATED VIA SPACE-TRACK.ORG API","2014-03-02T07:33:42","18 SPCS","PAYLOAD B","2013-037B","EARTH","TEME","UTC","SGP4","2014-03-02T03:17:52.839168","14.67408164","0.00052090","98.0455","79.8989","23.5969","336.5476","0","U","39209","999","3301","0.00017156000000","0.00000922","0.0000000000000","7047.495","98.132","673.031","665.689","PAYLOAD","LARGE","PRC","2013-07-19","TSC","","1641294","95301084","0 PAYLOAD B","1 39209U 13037B   14061.13741712  .00000922  00000-0  17156-3 0  9991","2 39209 098.0455 079.8989 0005209 023.5969 336.5476 14.67408164 33018"
"2.0","GENERATED VIA SPACE-TRACK.ORG API","2014-03-02T06:26:40","18 SPCS","PAYLOAD A","2013-037A","EARTH","TEME","UTC","SGP4","2014-03-02T03:48:22.714272","14.68024790","0.00094270","98.0460","80.1884","23.5367","336.6289","0","U","39208","999","3304","0.00015612000000","0.00000847","0.0000000000000","7045.522","98.090","674.029","660.745","PAYLOAD","LARGE","PRC","2013-07-19","TSC","","1641199","95298997","0 PAYLOAD A","1 39208U 13037A   14061.15859623  .00000847  00000-0  15612-3 0  9994","2 39208 098.0460 080.1884 0009427 023.5367 336.6289 14.68024790 33046"
"2.0","GENERATED VIA SPACE-TRACK.ORG API","2014-03-02T15:37:45","18 SPCS","PAYLOAD C","2013-037C","EARTH","TEME","UTC","SGP4","2014-03-02T11:10:29.735615","14.95388767","0.00336360","97.6855","80.0892","10.5124","349.6832","0","U","39210","999","3362","0.00026921000000","0.00002947","0.0000000000000","6959.307","96.296","604.581","557.764","PAYLOAD","LARGE","PRC","2013-07-19","TSC","","1641418","95303973","0 PAYLOAD C","1 39210U 13037C   14061.46562194  .00002947  00000-0  26921-3 0  9993","2 39210 097.6855 080.0892 0033636 010.5124 349.6832 14.95388767 33625"
"2.0","GENERATED VIA SPACE-TRACK.ORG API","2014-03-02T15:36:24","18 SPCS","PAYLOAD B","2013-037B","EARTH","TEME","UTC","SGP4","2014-03-02T11:28:50.113055","14.67409200","0.00051530","98.0455","80.2337","22.9684","337.1763","0","U","39209","999","3306","0.00017919000000","0.00000966","0.0000000000000","7047.492","98.132","672.989","665.726","PAYLOAD","LARGE","PRC","2013-07-19","TSC","","1641416","95303927","0 PAYLOAD B","1 39209U 13037B   14061.47835779  .00000966  00000-0  17919-3 0  9990","2 39209 098.0455 080.2337 0005153 022.9684 337.1763 14.67409200 33069"
"2.0","GENERATED VIA SPACE-TRACK.ORG API","2014-03-02T14:29:02","18 SPCS","PAYLOAD A","2013-037A","EARTH","TEME","UTC","SGP4","2014-03-02T11:59:07.599263","14.68025545","0.00094160","98.0460","80.5235","22.6218","337.5410","0","U","39208","999","3309","0.00015613000000","0.00000847","0.0000000000000","7045.519","98.090","674.018","660.750","PAYLOAD","LARGE","PRC","2013-07-19","TSC","","1641329","95301805","0 PAYLOAD A","1 39208U 13037A   14061.49939351  .00000847  00000-0  15613-3 0  9999","2 39208 098.0460 080.5235 0009416 022.6218 337.5410 14.68025545 33093"
"2.0","GENERATED VIA SPACE-TRACK.ORG API","2014-03-02T23:33:30","18 SPCS","PAYLOAD C","2013-037C","EARTH","TEME","UTC","SGP4","2014-03-02T19:12:16.293311","14.95391081","0.00336080","97.6854","80.4174","9.4586","350.7266","0","U","39210","999","3367","0.00027574000000","0.00003020","0.0000000000000","6959.300","96.295","604.554","557.776","PAYLOAD","LARGE","PRC","2013-07-19","TSC","","1641616","95306890","0 PAYLOAD C","1 39210U 13037C   14061.80018858  .00003020  00000-0  27574-3 0  9992","2 39210 097.6854 080.4174 0033608 009.4586 350.7266 14.95391081 33671"
"2.0","GENERATED VIA SPACE-TRACK.ORG API","2014-03-02T23:31:53","18 SPCS","PAYLOAD B","2013-037B","EARTH","TEME","UTC","SGP4","2014-03-02T19:39:47.399903","14.67410059","0.00051900","98.0453","80.5681","22.0617","338.0816","0","U","39209","999","3311","0.00018664000000","0.00001008","0.0000000000000","7047.489","98.132","673.012","665.697","PAYLOAD","LARGE","PRC","2013-07-19","TSC","","1641613","95306843","0 PAYLOAD B","1 39209U 13037B   14061.81929861  .00001008  00000-0  18664-3 0  9990","2 39209 098.0453 080.5681 0005190 022.0617 338.0816 14.67410059 33119"
"2.0","GENERATED VIA SPACE-TRACK.ORG API","2014-03-02T22:26:42","18 SPCS","PAYLOAD A","2013-037A","EARTH","TEME","UTC","SGP4","2014-03-02T20:09:52.520544","14.68026135","0.00094260","98.0457","80.8583","21.5102","338.6494","0","U","39208","999","3314","0.00016322000000","0.00000888","0.0000000000000","7045.517","98.090","674.024","660.741","PAYLOAD","LARGE","PRC","2013-07-19","TSC","","1641524","95304912","0 PAYLOAD A","1 39208U 13037A   14061.84019121  .00000888  00000-0  16322-3 0  9995","2 39208 098.0457 080.8583 0009426 021.5102 338.6494 14.68026135 33145"
"2.0","GENERATED VIA SPACE-TRACK.ORG API","2014-03-03T07:48:42","18 SPCS","PAYLOAD C","2013-037C","EARTH","TEME","UTC","SGP4","2014-03-03T03:14:02.774976","14.95394520","0.00336320","97.6853","80.7454","8.2741","351.9033","0","U","39210","999","3372","0.00029697000000","0.00003258","0.0000000000000","6959.289","96.295","604.560","557.749","PAYLOAD","LARGE","PRC","2013-07-19","TSC","","1641868","95309813","0 PAYLOAD C","1 39210U 13037C   14062.13475434  .00003258  00000-0  29697-3 0  9997","2 39210 097.6853 080.7454 0033632 008.2741 351.9033 14.95394520 33723"
"2.0","GENERATED VIA SPACE-TRACK.ORG API","2014-03-03T07:47:18","18 SPCS","PAYLOAD B","2013-037B","EARTH","TEME","UTC","SGP4","2014-03-03T03:50:44.624544","14.67411286","0.00051450","98.0451","80.9033","20.8304","339.3129","0","U","39209","999","3316","0.00019698000000","0.00001066","0.0000000000000","7047.485","98.131","672.976","665.724","PAYLOAD","LARGE","PRC","2013-07-19","TSC","","1641867","95309785","0 PAYLOAD B","1 39209U 13037B   14062.16023871  .00001066  00000-0  19698-3 0  9997","2 39209 098.0451 080.9033 0005145 020.8304 339.3129 14.67411286 33160"
"2.0","GENERATED VIA SPACE-TRACK.ORG API","2014-03-03T06:28:20","18 SPCS","PAYLOAD A","2013-037A","EARTH","TEME","UTC","SGP4","2014-03-03T04:20:37.402944","14.68027198","0.00094330","98.0455","81.1935","20.4900","339.6687","0","U","39208","999","3319","0.00017457000000","0.00000953","0.0000000000000","7045.514","98.090","674.025","660.733","PAYLOAD","LARGE","PRC","2013-07-19","TSC","","1641775","95307753","0 PAYLOAD A","1 39208U 13037A   14062.18098846  .00000953  00000-0  17457-3 0  9997","2 39208 098.0455 081.1935 0009433 020.4900 339.6687 14.68027198 33190"
"2.0","GENERATED VIA SPACE-TRACK.ORG API","2014-03-03T14:24:09","18 SPCS","PAYLOAD A","2013-037A","EARTH","TEME","UTC","SGP4","2014-03-03T10:53:13.234559","14.68027787","0.00094240","98.0455","81.4614","19.8391","340.3146","0","U","39208","999","3323","0.00017315000000","0.00000945","0.0000000000000","7045.512","98.090","674.017","660.738","PAYLOAD","LARGE","PRC","2013-07-19","TSC","","1641922","95310413","0 PAYLOAD A","1 39208U 13037A   14062.45362540  .00000945  00000-0  17315-3 0  9996","2 39208 098.0455 081.4614 0009424 019.8391 340.3146 14.68027787 33231"
"2.0","GENERATED VIA SPACE-TRACK.ORG API","2014-03-03T15:25:27","18 SPCS","PAYLOAD C","2013-037C","EARTH","TEME","UTC","SGP4","2014-03-03T11:15:49.267872","14.95397587","0.00336770","97.6853","81.0734","7.1609","353.0110","0","U","39210","999","3377","0.00031158000000","0.00003422","0.0000000000000","6959.280","96.295","604.582","557.708","PAYLOAD","LARGE","PRC","2013-07-19","TSC","","1641997","95312234","0 PAYLOAD C","1 39210U 13037C   14062.46932023  .00003422  00000-0  31158-3 0  9993","2 39210 097.6853 081.0734 0033677 007.1609 353.0110 14.95397587 33778"
"2.0","GENERATED VIA SPACE-TRACK.ORG API","2014-03-03T15:25:32","18 SPCS","PAYLOAD B","2013-037B","EARTH","TEME","UTC","SGP4","2014-03-03T12:01:41.823264","14.67412189","0.00051260","98.0452","81.2383","20.0782","340.0626","0","U","39209","999","3321","0.00020018000000","0.00001084","0.0000000000000","7047.483","98.131","672.960","665.735","PAYLOAD","LARGE","PRC","2013-07-19","TSC","","1641998","95312256","0 PAYLOAD B","1 39209U 13037B   14062.50117851  .00001084  00000-0  20018-3 0  9995","2 39209 098.0452 081.2383 0005126 020.0782 340.0626 14.67412189 33214"
"2.0","GENERATED VIA SPACE-TRACK.ORG API","2014-03-03T18:08:03","18 SPCS","PAYLOAD A","2013-037A","EARTH","TEME","UTC","SGP4","2014-03-03T17:25:49.281311","14.68027018","0.00093440","98.0451","81.7292","19.4499","340.7060","0","U","39208","999","3327","0.00013766000000","0.00000741","0.0000000000000","7045.515","98.090","673.963","660.796","PAYLOAD","LARGE","PRC","2013-07-19","TSC","","1642051","95312663","0 PAYLOAD A","1 39208U 13037A   14062.72626483  .00000741  00000-0  13766-3 0  9995","2 39208 098.0451 081.7292 0009344 019.4499 340.7060 14.68027018 33278"
"2.0","GENERATED VIA SPACE-TRACK.ORG API","2014-03-03T23:36:39","18 SPCS","PAYLOAD C","2013-037C","EARTH","TEME","UTC","SGP4","2014-03-03T19:17:35.702880","14.95398953","0.00336470","97.6853","81.4016","6.1429","354.0164","0","U","39210","999","3382","0.00029899000000","0.00003281","0.0000000000000","6959.276","96.295","604.557","557.725","PAYLOAD","LARGE","PRC","2013-07-19","TSC","","1642216","95315206","0 PAYLOAD C","1 39210U 13037C   14062.80388545  .00003281  00000-0  29899-3 0  9997","2 39210 097.6853 081.4016 0033647 006.1429 354.0164 14.95398953 33825"
"2.0","GENERATED VIA SPACE-TRACK.ORG API","2014-03-03T23:35:03","18 SPCS","PAYLOAD B","2013-037B","EARTH","TEME","UTC","SGP4","2014-03-03T20:12:39.047039","14.67412891","0.00051610","98.0448","81.5734","19.3003","340.8379","0","U","39209","999","3326","0.00020149000000","0.00001092","0.0000000000000","7047.480","98.131","672.982","665.708","PAYLOAD","LARGE","PRC","2013-07-19","TSC","","1642212","95315171","0 PAYLOAD B","1 39209U 13037B   14062.84211860  .00001092  00000-0  20149-3 0  9991","2 39209 098.0448 081.5734 0005161 019.3003 340.8379 14.67412891 33266"
"2.0","GENERATED VIA SPACE-TRACK.ORG API","2014-03-03T22:27:58","18 SPCS","PAYLOAD A","2013-037A","EARTH","TEME","UTC","SGP4","2014-03-03T20:42:07.236863","14.68026675","0.00092570","98.0448","81.8631","19.0690","341.0856","0","U","39208","999","3329","0.00011678000000","0.00000622","0.0000000000000","7045.516","98.090","673.903","660.859","PAYLOAD","LARGE","PRC","2013-07-19","TSC","","1642124","95313178","0 PAYLOAD A","1 39208U 13037A   14062.86258376  .00000622  00000-0  11678-3 0  9990","2 39208 098.0448 081.8631 0009257 019.0690 341.0856 14.68026675 33291"
"2.0","GENERATED VIA SPACE-TRACK.ORG API","2014-03-04T07:28:08","18 SPCS","PAYLOAD C","2013-037C","EARTH","TEME","UTC","SGP4","2014-03-04T03:19:22.159487","14.95401177","0.00336090","97.6852","81.7296","5.0572","355.0981","0","U","39210","999","3387","0.00029743000000","0.00003264","0.0000000000000","6959.269","96.295","604.523","557.744","PAYLOAD","LARGE","PRC","2013-07-19","TSC","","1642438","95317987","0 PAYLOAD C","1 39210U 13037C   14063.13845092  .00003264  00000-0  29743-3 0  9998","2 39210 097.6852 081.7296 0033609 005.0572 355.0981 14.95401177 33878"
"2.0","GENERATED VIA SPACE-TRACK.ORG API","2014-03-04T07:26:34","18 SPCS","PAYLOAD B","2013-037B","EARTH","TEME","UTC","SGP4","2014-03-04T04:23:36.258719","14.67413741","0.00050970","98.0447","81.9082","18.3878","341.7510","0","U","39209","999","3331","0.00020171000000","0.00001093","0.0000000000000","7047.478","98.131","672.935","665.750","PAYLOAD","LARGE","PRC","2013-07-19","TSC","","1642436","95317950","0 PAYLOAD B","1 39209U 13037B   14063.18305855  .00001093  00000-0  20171-3 0  9993","2 39209 098.0447 081.9082 0005097 018.3878 341.7510 14.67413741 33310"
"2.0","GENERATED VIA SPACE-TRACK.ORG API","2014-03-04T06:26:01","18 SPCS","PAYLOAD A","2013-037A","EARTH","TEME","UTC","SGP4","2014-03-04T04:52:52.134816","14.68027212","0.00092580","98.0448","82.1980","18.1053","342.0481","0","U","39208","999","3334","0.00011943000000","0.00000637","0.0000000000000","7045.514","98.090","673.902","660.856","PAYLOAD","LARGE","PRC","2013-07-19","TSC","","1642357","95316026","0 PAYLOAD A","1 39208U 13037A   14063.20338119  .00000637  00000-0  11943-3 0  9994","2 39208 098.0448 082.1980 0009258 018.1053 342.0481 14.68027212 33345"
"2.0","GENERATED VIA SPACE-TRACK.ORG API","2014-03-04T15:38:31","18 SPCS","PAYLOAD C","2013-037C","EARTH","TEME","UTC","SGP4","2014-03-04T11:21:08.536607","14.95403631","0.00336000","97.6854","82.0577","3.9837","356.1645","0","U","39210","999","3392","0.00030319000000","0.00003328","0.0000000000000","6959.261","96.295","604.509","557.743","PAYLOAD","LARGE","PRC","2013-07-19","TSC","","1642604","95320803","0 PAYLOAD C","1 39210U 13037C   14063.47301547  .00003328  00000-0  30319-3 0  9999","2 39210 097.6854 082.0577 0033600 003.9837 356.1645 14.95403631 33920"
"2.0","GENERATED VIA SPACE-TRACK.ORG API","2014-03-04T12:06:17","18 SPCS","PAYLOAD A","2013-037A","EARTH","TEME","UTC","SGP4","2014-03-04T11:25:28.039871","14.68027675","0.00092640","98.0449","82.4659","17.2066","342.9454","0","U","39208","999","3338","0.00012211000000","0.00000652","0.0000000000000","7045.513","98.090","673.905","660.851","PAYLOAD","LARGE","PRC","2013-07-19","TSC","","1642460","95318167","0 PAYLOAD A","1 39208U 13037A   14063.47601898  .00000652  00000-0  12211-3 0  9996","2 39208 098.0449 082.4659 0009264 017.2066 342.9454 14.68027675 33389"
"2.0","GENERATED VIA SPACE-TRACK.ORG API","2014-03-04T15:38:13","18 SPCS","PAYLOAD B","2013-037B","EARTH","TEME","UTC","SGP4","2014-03-04T12:34:33.453984","14.67414630","0.00050900","98.0447","82.2429","17.4173","342.7214","0","U","39209","999","3336","0.00020429000000","0.00001108","0.0000000000000","7047.475","98.131","672.927","665.753","PAYLOAD","LARGE","PRC","2013-07-19","TSC","","1642603","95320761","0 PAYLOAD B","1 39209U 13037B   14063.52399831  .00001108  00000-0  20429-3 0  9991","2 39209 098.0447 082.2429 0005090 017.4173 342.7214 14.67414630 33365"
"2.0","GENERATED VIA SPACE-TRACK.ORG API","2014-03-04T15:23:13","18 SPCS","PAYLOAD A","2013-037A","EARTH","TEME","UTC","SGP4","2014-03-04T14:41:45.984191","14.68028556","0.00092610","98.0450","82.5998","17.7745","342.3805","0","U","39208","999","3340","0.00014084000000","0.00000760","0.0000000000000","7045.510","98.090","673.900","660.850","PAYLOAD","LARGE","PRC","2013-07-19","TSC","","1642583","95320335","0 PAYLOAD A","1 39208U 13037A   14063.61233778  .00000760  00000-0  14084-3 0  9990","2 39208 098.0450 082.5998 0009261 017.7745 342.3805 14.68028556 33400"
"2.0","GENERATED VIA SPACE-TRACK.ORG API","2014-03-04T22:32:59","18 SPCS","PAYLOAD A","2013-037A","EARTH","TEME","UTC","SGP4","2014-03-04T17:58:03.889632","14.68028476","0.00092230","98.0449","82.7341","17.3773","342.7739","0","U","39208","999","3342","0.00013180000000","0.00000708","0.0000000000000","7045.510","98.090","673.873","660.877","PAYLOAD","LARGE","PRC","2013-07-19","TSC","","1642720","95321709","0 PAYLOAD A","1 39208U 13037A   14063.74865613  .00000708  00000-0  13180-3 0  9991","2 39208 098.0449 082.7341 0009223 017.3773 342.7739 14.68028476 33420"
"2.0","GENERATED VIA SPACE-TRACK.ORG API","2014-03-05T00:09:49","18 SPCS","PAYLOAD C","2013-037C","EARTH","TEME","UTC","SGP4","2014-03-04T19:22:54.947423","14.95404191","0.00333700","97.6855","82.3862","3.0665","357.0744","0","U","39210","999","3397","0.00027809000000","0.00003047","0.0000000000000","6959.259","96.295","604.347","557.901","PAYLOAD","LARGE","PRC","2013-07-19","TSC","","1642825","95323734","0 PAYLOAD C","1 39210U 13037C   14063.80758041  .00003047  00000-0  27809-3 0  9999","2 39210 097.6855 082.3862 0033370 003.0665 357.0744 14.95404191 33972"
"2.0","GENERATED VIA SPACE-TRACK.ORG API","2014-03-05T00:07:36","18 SPCS","PAYLOAD B","2013-037B","EARTH","TEME","UTC","SGP4","2014-03-04T20:45:30.653567","14.67414705","0.00049750","98.0448","82.5781","17.5072","342.6281","0","U","39209","999","3341","0.00019211000000","0.00001039","0.0000000000000","7047.474","98.131","672.846","665.833","PAYLOAD","LARGE","PRC","2013-07-19","TSC","","1642824","95323698","0 PAYLOAD B","1 39209U 13037B   14063.86493812  .00001039  00000-0  19211-3 0  9992","2 39209 098.0448 082.5781 0004975 017.5072 342.6281 14.67414705 33412"
"2.0","GENERATED VIA SPACE-TRACK.ORG API","2014-03-05T06:38:20","18 SPCS","PAYLOAD A","2013-037A","EARTH","TEME","UTC","SGP4","2014-03-05T02:08:48.761663","14.68028955","0.00092240","98.0448","83.0690","16.2615","343.8885","0","U","39208","999","3347","0.00013074000000","0.00000702","0.0000000000000","7045.508","98.090","673.872","660.875","PAYLOAD","LARGE","PRC","2013-07-19","TSC","","1642967","95324604","0 PAYLOAD A","1 39208U 13037A   14064.08945326  .00000702  00000-0  13074-3 0  9995","2 39208 098.0448 083.0690 0009224 016.2615 343.8885 14.68028955 33475"
"2.0","GENERATED VIA SPACE-TRACK.ORG API","2014-03-05T08:26:42","18 SPCS","PAYLOAD B","2013-037B","EARTH","TEME","UTC","SGP4","2014-03-05T03:18:16.415135","14.67415239","0.00049520","98.0446","82.8460","16.6459","343.4905","0","U","39209","999","3345","0.00018814000000","0.00001016","0.0000000000000","7047.473","98.131","672.828","665.848","PAYLOAD","LARGE","PRC","2013-07-19","TSC","","1643060","95326841","0 PAYLOAD B","1 39209U 13037B   14064.13768999  .00001016  00000-0  18814-3 0  9997","2 39209 098.0446 082.8460 0004952 016.6459 343.4905 14.67415239 33450"
"2.0","GENERATED VIA SPACE-TRACK.ORG API","2014-03-05T08:28:13","18 SPCS","PAYLOAD C","2013-037C","EARTH","TEME","UTC","SGP4","2014-03-05T03:24:41.236415","14.95406555","0.00332740","97.6854","82.7142","1.9000","358.2342","0","U","39210","999","3402","0.00028141000000","0.00003084","0.0000000000000","6959.252","96.294","604.273","557.961","PAYLOAD","LARGE","PRC","2013-07-19","TSC","","1643062","95326898","0 PAYLOAD C","1 39210U 13037C   14064.14214394  .00003084  00000-0  28141-3 0  9996","2 39210 097.6854 082.7142 0033274 001.9000 358.2342 14.95406555 34029"
"2.0","GENERATED VIA SPACE-TRACK.ORG API","2014-03-05T15:27:47","18 SPCS","PAYLOAD C","2013-037C","EARTH","TEME","UTC","SGP4","2014-03-05T11:26:27.516767","14.95408242","0.00333290","97.6857","83.0426","0.7934","359.3322","0","U","39210","999","3407","0.00027368000000","0.00002998","0.0000000000000","6959.247","96.294","604.306","557.917","PAYLOAD","LARGE","PRC","2013-07-19","TSC","","1643175","95329431","0 PAYLOAD C","1 39210U 13037C   14064.47670737  .00002998  00000-0  27368-3 0  9992","2 39210 097.6857 083.0426 0033329 000.7934 359.3322 14.95408242 34075"
"2.0","GENERATED VIA SPACE-TRACK.ORG API","2014-03-05T15:26:53","18 SPCS","PAYLOAD B","2013-037B","EARTH","TEME","UTC","SGP4","2014-03-05T11:29:13.577567","14.67416076","0.00049200","98.0448","83.1807","15.5869","344.5493","0","U","39209","999","3350","0.00019137000000","0.00001035","0.0000000000000","7047.470","98.131","672.802","665.868","PAYLOAD","LARGE","PRC","2013-07-19","TSC","","1643174","95329405","0 PAYLOAD B","1 39209U 13037B   14064.47862937  .00001035  00000-0  19137-3 0  9991","2 39209 098.0448 083.1807 0004920 015.5869 344.5493 14.67416076 33509"
"2.0","GENERATED VIA SPACE-TRACK.ORG API","2014-03-05T14:27:57","18 SPCS","PAYLOAD A","2013-037A","EARTH","TEME","UTC","SGP4","2014-03-05T11:57:42.575616","14.68029537","0.00092190","98.0448","83.4708","14.9676","345.1800","0","U","39208","999","3353","0.00012988000000","0.00000697","0.0000000000000","7045.507","98.090","673.867","660.876","PAYLOAD","LARGE","PRC","2013-07-19","TSC","","1643099","95327642","0 PAYLOAD A","1 39208U 13037A   14064.49840944  .00000697  00000-0  12988-3 0  9996","2 39208 098.0448 083.4708 0009219 014.9676 345.1800 14.68029537 33531"
"2.0","GENERATED VIA SPACE-TRACK.ORG API","2014-03-05T23:52:04","18 SPCS","PAYLOAD C","2013-037C","EARTH","TEME","UTC","SGP4","2014-03-05T19:28:13.887839","14.95408463","0.00332990","97.6858","83.3706","359.5927","0.5260","0","U","39210","999","3412","0.00024531000000","0.00002681","0.0000000000000","6959.246","96.294","604.285","557.938","PAYLOAD","LARGE","PRC","2013-07-19","TSC","","1643400","95332815","0 PAYLOAD C","1 39210U 13037C   14064.81127185  .00002681  00000-0  24531-3 0  9992","2 39210 097.6858 083.3706 0033299 359.5927 000.5260 14.95408463 34120"
"2.0","GENERATED VIA SPACE-TRACK.ORG API","2014-03-05T23:50:14","18 SPCS","PAYLOAD B","2013-037B","EARTH","TEME","UTC","SGP4","2014-03-05T19:40:10.799615","14.67415592","0.00048480","98.0445","83.5156","15.1918","344.9428","0","U","39209","999","3355","0.00015913000000","0.00000852","0.0000000000000","7047.472","98.131","672.753","665.920","PAYLOAD","LARGE","PRC","2013-07-19","TSC","","1643398","95332764","0 PAYLOAD B","1 39209U 13037B   14064.81956944  .00000852  00000-0  15913-3 0  9995","2 39209 098.0445 083.5156 0004848 015.1918 344.9428 14.67415592 33556"
"2.0","GENERATED VIA SPACE-TRACK.ORG API","2014-03-05T22:29:47","18 SPCS","PAYLOAD A","2013-037A","EARTH","TEME","UTC","SGP4","2014-03-05T20:08:27.295583","14.68030558","0.00089720","98.0442","83.8062","13.7438","346.4011","0","U","39208","999","3358","0.00013878000000","0.00000748","0.0000000000000","7045.503","98.090","673.690","661.047","PAYLOAD","LARGE","PRC","2013-07-19","TSC","","1643294","95330386","0 PAYLOAD A","1 39208U 13037A   14064.83920481  .00000748  00000-0  13878-3 0  9995","2 39208 098.0442 083.8062 0008972 013.7438 346.4011 14.68030558 33588"
"2.0","GENERATED VIA SPACE-TRACK.ORG API","2014-03-06T07:38:18","18 SPCS","PAYLOAD C","2013-037C","EARTH","TEME","UTC","SGP4","2014-03-06T03:30:00.077472","14.95410878","0.00333200","97.6858","83.6985","358.4606","1.6501","0","U","39210","999","3417","0.00025372000000","0.00002775","0.0000000000000","6959.239","96.294","604.292","557.915","PAYLOAD","LARGE","PRC","2013-07-19","TSC","","1643624","95335834","0 PAYLOAD C","1 39210U 13037C   14065.14583423  .00002775  00000-0  25372-3 0  9998","2 39210 097.6858 083.6985 0033320 358.4606 001.6501 14.95410878 34177"
"2.0","GENERATED VIA SPACE-TRACK.ORG API","2014-03-06T07:38:01","18 SPCS","PAYLOAD B","2013-037B","EARTH","TEME","UTC","SGP4","2014-03-06T03:51:07.917120","14.67416700","0.00047980","98.0444","83.8510","13.9936","346.1406","0","U","39209","999","3360","0.00017143000000","0.00000922","0.0000000000000","7047.468","98.131","672.714","665.952","PAYLOAD","LARGE","PRC","2013-07-19","TSC","","1643623","95335798","0 PAYLOAD B","1 39209U 13037B   14065.16050830  .00000922  00000-0  17143-3 0  9998","2 39209 098.0444 083.8510 0004798 013.9936 346.1406 14.67416700 33600"
"2.0","GENERATED VIA SPACE-TRACK.ORG API","2014-03-06T06:28:41","18 SPCS","PAYLOAD A","2013-037A","EARTH","TEME","UTC","SGP4","2014-03-06T04:19:12.088128","14.68031207","0.00089830","98.0438","84.1411","12.3665","347.7762","0","U","39208","999","3363","0.00013791000000","0.00000743","0.0000000000000","7045.501","98.090","673.695","661.037","PAYLOAD","LARGE","PRC","2013-07-19","TSC","","1643529","95333654","0 PAYLOAD A","1 39208U 13037A   14065.18000102  .00000743  00000-0  13791-3 0  9992","2 39208 098.0438 084.1411 0008983 012.3665 347.7762 14.68031207 33639"
"2.0","GENERATED VIA SPACE-TRACK.ORG API","2014-03-06T12:16:30","18 SPCS","PAYLOAD A","2013-037A","EARTH","TEME","UTC","SGP4","2014-03-06T07:35:30.005663","14.68031390","0.00089510","98.0437","84.2750","11.8361","348.3057","0","U","39208","999","3365","0.00013583000000","0.00000731","0.0000000000000","7045.501","98.090","673.672","661.059","PAYLOAD","LARGE","PRC","2013-07-19","TSC","","1643665","95336383","0 PAYLOAD A","1 39208U 13037A   14065.31631951  .00000731  00000-0  13583-3 0  9995","2 39208 098.0437 084.2750 0008951 011.8361 348.3057 14.68031390 33656"
"2.0","GENERATED VIA SPACE-TRACK.ORG API","2014-03-06T12:50:24","18 SPCS","PAYLOAD C","2013-037C","EARTH","TEME","UTC","SGP4","2014-03-06T08:19:03.805247","14.95412008","0.00333280","97.6859","83.8955","357.8200","2.2868","0","U","39210","999","3420","0.00025317000000","0.00002769","0.0000000000000","6959.235","96.294","604.294","557.906","PAYLOAD","LARGE","PRC","2013-07-19","TSC","","1643709","95337463","0 PAYLOAD C","1 39210U 13037C   14065.34657182  .00002769  00000-0  25317-3 0  9996","2 39210 097.6859 083.8955 0033328 357.8200 002.2868 14.95412008 34202"
"2.0","GENERATED VIA SPACE-TRACK.ORG API","2014-03-06T12:50:07","18 SPCS","PAYLOAD B","2013-037B","EARTH","TEME","UTC","SGP4","2014-03-06T08:45:42.191423","14.67417079","0.00047950","98.0444","84.0519","13.3804","346.7528","0","U","39209","999","3363","0.00017015000000","0.00000915","0.0000000000000","7047.467","98.131","672.711","665.953","PAYLOAD","LARGE","PRC","2013-07-19","TSC","","1643708","95337449","0 PAYLOAD B","1 39209U 13037B   14065.36507166  .00000915  00000-0  17015-3 0  9999","2 39209 098.0444 084.0519 0004795 013.3804 346.7528 14.67417079 33631"
"2.0","GENERATED VIA SPACE-TRACK.ORG API","2014-03-06T23:27:01","18 SPCS","PAYLOAD C","2013-037C","EARTH","TEME","UTC","SGP4","2014-03-06T19:33:32.504256","14.95413129","0.00333030","97.6860","84.3550","356.2455","3.8494","0","U","39210","999","3427","0.00022923000000","0.00002502","0.0000000000000","6959.232","96.294","604.273","557.920","PAYLOAD","LARGE","PRC","2013-07-19","TSC","","1643954","95339810","0 PAYLOAD C","1 39210U 13037C   14065.81495954  .00002502  00000-0  22923-3 0  9990","2 39210 097.6860 084.3550 0033303 356.2455 003.8494 14.95413129 34273"
"2.0","GENERATED VIA SPACE-TRACK.ORG API","2014-03-06T23:26:50","18 SPCS","PAYLOAD B","2013-037B","EARTH","TEME","UTC","SGP4","2014-03-06T20:13:02.202239","14.67417336","0.00047730","98.0446","84.5209","11.8112","348.3196","0","U","39209","999","3370","0.00015337000000","0.00000820","0.0000000000000","7047.466","98.131","672.695","665.967","PAYLOAD","LARGE","PRC","2013-07-19","TSC","","1643953","95339801","0 PAYLOAD B","1 39209U 13037B   14065.84238660  .00000820  00000-0  15337-3 0  9992","2 39209 098.0446 084.5209 0004773 011.8112 348.3196 14.67417336 33708"
"2.0","GENERATED VIA SPACE-TRACK.ORG API","2014-03-06T23:09:50","18 SPCS","PAYLOAD A","2013-037A","EARTH","TEME","UTC","SGP4","2014-03-06T20:40:41.700864","14.68031514","0.00088190","98.0439","84.8116","10.5057","349.6317","0","U","39208","999","3373","0.00012025000000","0.00000642","0.0000000000000","7045.500","98.090","673.579","661.152","PAYLOAD","LARGE","PRC","2013-07-19","TSC","","1643933","95339301","0 PAYLOAD A","1 39208U 13037A   14065.86159376  .00000642  00000-0  12025-3 0  9992","2 39208 098.0439 084.8116 0008819 010.5057 349.6317 14.68031514 33731"
"2.0","GENERATED VIA SPACE-TRACK.ORG API","2014-03-07T06:24:21","18 SPCS","PAYLOAD A","2013-037A","EARTH","TEME","UTC","SGP4","2014-03-07T03:13:17.561856","14.68031863","0.00088150","98.0439","85.0795","9.6510","350.4863","0","U","39208","999","3377","0.00011926000000","0.00000636","0.0000000000000","7045.499","98.090","673.575","661.154","PAYLOAD","LARGE","PRC","2013-07-19","TSC","","1644073","95340425","0 PAYLOAD A","1 39208U 13037A   14066.13423104  .00000636  00000-0  11926-3 0  9998","2 39208 098.0439 085.0795 0008815 009.6510 350.4863 14.68031863 33773"
"2.0","GENERATED VIA SPACE-TRACK.ORG API","2014-03-07T07:30:18","18 SPCS","PAYLOAD C","2013-037C","EARTH","TEME","UTC","SGP4","2014-03-07T03:35:18.607488","14.95415695","0.00332150","97.6860","84.6831","355.0836","5.0057","0","U","39210","999","3432","0.00024210000000","0.00002645","0.0000000000000","6959.224","96.294","604.204","557.974","PAYLOAD","LARGE","PRC","2013-07-19","TSC","","1644185","95342817","0 PAYLOAD C","1 39210U 13037C   14066.14952092  .00002645  00000-0  24210-3 0  9997","2 39210 097.6860 084.6831 0033215 355.0836 005.0057 14.95415695 34325"
"2.0","GENERATED VIA SPACE-TRACK.ORG API","2014-03-07T07:28:18","18 SPCS","PAYLOAD B","2013-037B","EARTH","TEME","UTC","SGP4","2014-03-07T04:23:59.325792","14.67417916","0.00047610","98.0445","84.8556","10.6238","349.5068","0","U","39209","999","3375","0.00015007000000","0.00000801","0.0000000000000","7047.464","98.131","672.684","665.974","PAYLOAD","LARGE","PRC","2013-07-19","TSC","","1644181","95342761","0 PAYLOAD B","1 39209U 13037B   14066.18332553  .00000801  00000-0  15007-3 0  9999","2 39209 098.0445 084.8556 0004761 010.6238 349.5068 14.67417916 33758"
"2.0","GENERATED VIA SPACE-TRACK.ORG API","2014-03-07T14:39:09","18 SPCS","PAYLOAD A","2013-037A","EARTH","TEME","UTC","SGP4","2014-03-07T11:24:02.342303","14.68032606","0.00087860","98.0439","85.4144","8.5027","351.6343","0","U","39208","999","3382","0.00012425000000","0.00000665","0.0000000000000","7045.497","98.090","673.552","661.172","PAYLOAD","LARGE","PRC","2013-07-19","TSC","","1644289","95343920","0 PAYLOAD A","1 39208U 13037A   14066.47502711  .00000665  00000-0  12425-3 0  9994","2 39208 098.0439 085.4144 0008786 008.5027 351.6343 14.68032606 33821"
"2.0","GENERATED VIA SPACE-TRACK.ORG API","2014-03-07T16:06:32","18 SPCS","PAYLOAD C","2013-037C","EARTH","TEME","UTC","SGP4","2014-03-07T11:37:04.711584","14.95416770","0.00331930","97.6862","85.0113","353.9265","6.1529","0","U","39210","999","3437","0.00023006000000","0.00002511","0.0000000000000","6959.220","96.294","604.185","557.986","PAYLOAD","LARGE","PRC","2013-07-19","TSC","","1644441","95347380","0 PAYLOAD C","1 39210U 13037C   14066.48408231  .00002511  00000-0  23006-3 0  9999","2 39210 097.6862 085.0113 0033193 353.9265 006.1529 14.95416770 34379"
"2.0","GENERATED VIA SPACE-TRACK.ORG API","2014-03-07T16:05:32","18 SPCS","PAYLOAD B","2013-037B","EARTH","TEME","UTC","SGP4","2014-03-07T12:34:56.432063","14.67418636","0.00047450","98.0445","85.1904","9.7572","350.3735","0","U","39209","999","3380","0.00015130000000","0.00000808","0.0000000000000","7047.462","98.131","672.671","665.983","PAYLOAD","LARGE","PRC","2013-07-19","TSC","","1644439","95347328","0 PAYLOAD B","1 39209U 13037B   14066.52426426  .00000808  00000-0  15130-3 0  9994","2 39209 098.0445 085.1904 0004745 009.7572 350.3735 14.67418636 33808"
"2.0","GENERATED VIA SPACE-TRACK.ORG API","2014-03-07T22:23:55","18 SPCS","PAYLOAD A","2013-037A","EARTH","TEME","UTC","SGP4","2014-03-07T19:34:47.160768","14.68032609","0.00087680","98.0440","85.7491","7.1430","352.9933","0","U","39208","999","3387","0.00010630000000","0.00000562","0.0000000000000","7045.497","98.090","673.539","661.184","PAYLOAD","LARGE","PRC","2013-07-19","TSC","","1644589","95348407","0 PAYLOAD A","1 39208U 13037A   14066.81582362  .00000562  00000-0  10630-3 0  9994","2 39208 098.0440 085.7491 0008768 007.1430 352.9933 14.68032609 33871"
"2.0","GENERATED VIA SPACE-TRACK.ORG API","2014-03-07T23:13:54","18 SPCS","PAYLOAD C","2013-037C","EARTH","TEME","UTC","SGP4","2014-03-07T19:38:50.943552","14.95416447","0.00331560","97.6862","85.3397","352.8304","7.2421","0","U","39210","999","3442","0.00019881000000","0.00002162","0.0000000000000","6959.221","96.294","604.160","558.012","PAYLOAD","LARGE","PRC","2013-07-19","TSC","","1644661","95350059","0 PAYLOAD C","1 39210U 13037C   14066.81864518  .00002162  00000-0  19881-3 0  9998","2 39210 097.6862 085.3397 0033156 352.8304 007.2421 14.95416447 34427"
"2.0","GENERATED VIA SPACE-TRACK.ORG API","2014-03-07T23:11:58","18 SPCS","PAYLOAD B","2013-037B","EARTH","TEME","UTC","SGP4","2014-03-07T20:45:53.565983","14.67418597","0.00047200","98.0449","85.5256","8.8376","351.2904","0","U","39209","999","3385","0.00013962000000","0.00000742","0.0000000000000","7047.462","98.131","672.653","666.001","PAYLOAD","LARGE","PRC","2013-07-19","TSC","","1644659","95350014","0 PAYLOAD B","1 39209U 13037B   14066.86520331  .00000742  00000-0  13962-3 0  9999","2 39209 098.0449 085.5256 0004720 008.8376 351.2904 14.67418597 33850"
"2.0","GENERATED VIA SPACE-TRACK.ORG API","2014-03-08T07:15:03","18 SPCS","PAYLOAD B","2013-037B","EARTH","TEME","UTC","SGP4","2014-03-08T03:18:39.196223","14.67419354","0.00046050","98.0447","85.7936","7.7620","352.3656","0","U","39209","999","3389","0.00014495000000","0.00000772","0.0000000000000","7047.460","98.131","672.570","666.079","PAYLOAD","LARGE","PRC","2013-07-19","TSC","","1644892","95352666","0 PAYLOAD B","1 39209U 13037B   14067.13795366  .00000772  00000-0  14495-3 0  9997","2 39209 098.0447 085.7936 0004605 007.7620 352.3656 14.67419354 33899"
"2.0","GENERATED VIA SPACE-TRACK.ORG API","2014-03-08T07:16:10","18 SPCS","PAYLOAD C","2013-037C","EARTH","TEME","UTC","SGP4","2014-03-08T03:40:37.045919","14.95417640","0.00330810","97.6860","85.6682","351.6483","8.4187","0","U","39210","999","3447","0.00018916000000","0.00002054","0.0000000000000","6959.218","96.294","604.104","558.061","PAYLOAD","LARGE","PRC","2013-07-19","TSC","","1644894","95352706","0 PAYLOAD C","1 39210U 13037C   14067.15320655  .00002054  00000-0  18916-3 0  9993","2 39210 097.6860 085.6682 0033081 351.6483 008.4187 14.95417640 34470"
"2.0","GENERATED VIA SPACE-TRACK.ORG API","2014-03-08T06:23:32","18 SPCS","PAYLOAD A","2013-037A","EARTH","TEME","UTC","SGP4","2014-03-08T03:45:31.827168","14.68033931","0.00086940","98.0440","86.0846","5.9569","354.1757","0","U","39208","999","3392","0.00013322000000","0.00000716","0.0000000000000","7045.493","98.090","673.483","661.232","PAYLOAD","LARGE","PRC","2013-07-19","TSC","","1644813","95350807","0 PAYLOAD A","1 39208U 13037A   14067.15661837  .00000716  00000-0  13322-3 0  9999","2 39208 098.0440 086.0846 0008694 005.9569 354.1757 14.68033931 33929"
"2.0","GENERATED VIA SPACE-TRACK.ORG API","2014-03-08T15:37:17","18 SPCS","PAYLOAD B","2013-037B","EARTH","TEME","UTC","SGP4","2014-03-08T11:29:36.253248","14.67420520","0.00046330","98.0452","86.1289","7.0726","353.0548","0","U","39209","999","3394","0.00016409000000","0.00000880","0.0000000000000","7047.456","98.131","672.586","666.056","PAYLOAD","LARGE","PRC","2013-07-19","TSC","","1645059","95356002","0 PAYLOAD B","1 39209U 13037B   14067.47889182  .00000880  00000-0  16409-3 0  9991","2 39209 098.0452 086.1289 0004633 007.0726 353.0548 14.67420520 33943"
"2.0","GENERATED VIA SPACE-TRACK.ORG API","2014-03-08T15:38:29","18 SPCS","PAYLOAD C","2013-037C","EARTH","TEME","UTC","SGP4","2014-03-08T11:42:23.113728","14.95418710","0.00330920","97.6863","85.9968","350.4566","9.6019","0","U","39210","999","3452","0.00018365000000","0.00001992","0.0000000000000","6959.214","96.294","604.109","558.050","PAYLOAD","LARGE","PRC","2013-07-19","TSC","","1645061","95356053","0 PAYLOAD C","1 39210U 13037C   14067.48776752  .00001992  00000-0  18365-3 0  9990","2 39210 097.6863 085.9968 0033092 350.4566 009.6019 14.95418710 34526"
"2.0","GENERATED VIA SPACE-TRACK.ORG API","2014-03-08T14:26:51","18 SPCS","PAYLOAD A","2013-037A","EARTH","TEME","UTC","SGP4","2014-03-08T11:56:16.542816","14.68034448","0.00087060","98.0442","86.4198","5.0078","355.1217","0","U","39208","999","3397","0.00012953000000","0.00000695","0.0000000000000","7045.491","98.090","673.490","661.222","PAYLOAD","LARGE","PRC","2013-07-19","TSC","","1644944","95353446","0 PAYLOAD A","1 39208U 13037A   14067.49741369  .00000695  00000-0  12953-3 0  9990","2 39208 098.0442 086.4198 0008706 005.0078 355.1217 14.68034448 33976"
"2.0","GENERATED VIA SPACE-TRACK.ORG API","2014-03-08T23:03:59","18 SPCS","PAYLOAD B","2013-037B","EARTH","TEME","UTC","SGP4","2014-03-08T19:40:33.354336","14.67420419","0.00045650","98.0451","86.4636","6.0351","354.0909","0","U","39209","999","3399","0.00014334000000","0.00000763","0.0000000000000","7047.456","98.131","672.538","666.104","PAYLOAD","LARGE","PRC","2013-07-19","TSC","","1645273","95358536","0 PAYLOAD B","1 39209U 13037B   14067.81983049  .00000763  00000-0  14334-3 0  9991","2 39209 098.0451 086.4636 0004565 006.0351 354.0909 14.67420419 33992"
"2.0","GENERATED VIA SPACE-TRACK.ORG API","2014-03-08T23:05:12","18 SPCS","PAYLOAD C","2013-037C","EARTH","TEME","UTC","SGP4","2014-03-08T19:44:09.206592","14.95419048","0.00330130","97.6863","86.3250","349.2655","10.7848","0","U","39210","999","3457","0.00016740000000","0.00001811","0.0000000000000","6959.213","96.294","604.053","558.104","PAYLOAD","LARGE","PRC","2013-07-19","TSC","","1645274","95358565","0 PAYLOAD C","1 39210U 13037C   14067.82232878  .00001811  00000-0  16740-3 0  9999","2 39210 097.6863 086.3250 0033013 349.2655 010.7848 14.95419048 34576"
"2.0","GENERATED VIA SPACE-TRACK.ORG API","2014-03-08T22:21:48","18 SPCS","PAYLOAD A","2013-037A","EARTH","TEME","UTC","SGP4","2014-03-08T20:07:01.274879","14.68034337","0.00086770","98.0441","86.7548","3.7182","356.4068","0","U","39208","999","3402","0.00010965000000","0.00000581","0.0000000000000","7045.491","98.090","673.470","661.243","PAYLOAD","LARGE","PRC","2013-07-19","TSC","","1645210","95356998","0 PAYLOAD A","1 39208U 13037A   14067.83820920  .00000581  00000-0  10965-3 0  9994","2 39208 098.0441 086.7548 0008677 003.7182 356.4068 14.68034337 34027"
"2.0","GENERATED VIA SPACE-TRACK.ORG API","2014-03-09T07:08:13","18 SPCS","PAYLOAD C","2013-037C","EARTH","TEME","UTC","SGP4","2014-03-09T03:45:55.279583","14.95419885","0.00330010","97.6863","86.6534","348.1672","11.8770","0","U","39210","999","3462","0.00015828000000","0.00001709","0.0000000000000","6959.211","96.294","604.042","558.110","PAYLOAD","LARGE","PRC","2013-07-19","TSC","","1645501","95360868","0 PAYLOAD C","1 39210U 13037C   14068.15688981  .00001709  00000-0  15828-3 0  9998","2 39210 097.6863 086.6534 0033001 348.1672 011.8770 14.95419885 34629"
"2.0","GENERATED VIA SPACE-TRACK.ORG API","2014-03-09T07:07:53","18 SPCS","PAYLOAD B","2013-037B","EARTH","TEME","UTC","SGP4","2014-03-09T03:51:30.377663","14.67421465","0.00044700","98.0450","86.7987","4.8349","355.2915","0","U","39209","999","3404","0.00015491000000","0.00000828","0.0000000000000","7047.453","98.131","672.468","666.168","PAYLOAD","LARGE","PRC","2013-07-19","TSC","","1645500","95360839","0 PAYLOAD B","1 39209U 13037B   14068.16076826  .00000828  00000-0  15491-3 0  9993","2 39209 098.0450 086.7987 0004470 004.8349 355.2915 14.67421465 34040"
"2.0","GENERATED VIA SPACE-TRACK.ORG API","2014-03-09T06:21:33","18 SPCS","PAYLOAD A","2013-037A","EARTH","TEME","UTC","SGP4","2014-03-09T04:17:46.044096","14.68034788","0.00086750","98.0441","87.0897","2.6282","357.4968","0","U","39208","999","3407","0.00011066000000","0.00000587","0.0000000000000","7045.490","98.090","673.467","661.243","PAYLOAD","LARGE","PRC","2013-07-19","TSC","","1645427","95359184","0 PAYLOAD A","1 39208U 13037A   14068.17900514  .00000587  00000-0  11066-3 0  9999","2 39208 098.0441 087.0897 0008675 002.6282 357.4968 14.68034788 34070"
"2.0","GENERATED VIA SPACE-TRACK.ORG API","2014-03-09T16:01:16","18 SPCS","PAYLOAD C","2013-037C","EARTH","TEME","UTC","SGP4","2014-03-09T11:47:41.318880","14.95420367","0.00329610","97.6863","86.9814","346.9978","13.0377","0","U","39210","999","3467","0.00014635000000","0.00001575","0.0000000000000","6959.209","96.293","604.012","558.136","PAYLOAD","LARGE","PRC","2013-07-19","TSC","","1645731","95365223","0 PAYLOAD C","1 39210U 13037C   14068.49145045  .00001575  00000-0  14635-3 0  9990","2 39210 097.6863 086.9814 0032961 346.9978 013.0377 14.95420367 34671"
"2.0","GENERATED VIA SPACE-TRACK.ORG API","2014-03-09T15:58:37","18 SPCS","PAYLOAD B","2013-037B","EARTH","TEME","UTC","SGP4","2014-03-09T12:02:27.376799","14.67422490","0.00045370","98.0452","87.1337","3.5153","356.6087","0","U","39209","999","3409","0.00016940000000","0.00000910","0.0000000000000","7047.450","98.131","672.512","666.117","PAYLOAD","LARGE","PRC","2013-07-19","TSC","","1645726","95365112","0 PAYLOAD B","1 39209U 13037B   14068.50170575  .00000910  00000-0  16940-3 0  9999","2 39209 098.0452 087.1337 0004537 003.5153 356.6087 14.67422490 34098"
"2.0","GENERATED VIA SPACE-TRACK.ORG API","2014-03-09T14:34:58","18 SPCS","PAYLOAD A","2013-037A","EARTH","TEME","UTC","SGP4","2014-03-09T12:28:30.772704","14.68035912","0.00086640","98.0442","87.4247","1.7162","358.4099","0","U","39208","999","3412","0.00013087000000","0.00000703","0.0000000000000","7045.486","98.090","673.455","661.247","PAYLOAD","LARGE","PRC","2013-07-19","TSC","","1645598","95362015","0 PAYLOAD A","1 39208U 13037A   14068.51980061  .00000703  00000-0  13087-3 0  9997","2 39208 098.0442 087.4247 0008664 001.7162 358.4099 14.68035912 34121"
"2.0","GENERATED VIA SPACE-TRACK.ORG API","2014-03-09T23:36:48","18 SPCS","PAYLOAD C","2013-037C","EARTH","TEME","UTC","SGP4","2014-03-09T19:49:27.422976","14.95420425","0.00329180","97.6861","87.3095","345.8192","14.2095","0","U","39210","999","3472","0.00013219000000","0.00001417","0.0000000000000","6959.209","96.293","603.982","558.166","PAYLOAD","LARGE","PRC","2013-07-19","TSC","","1645955","95368753","0 PAYLOAD C","1 39210U 13037C   14068.82601184  .00001417  00000-0  13219-3 0  9990","2 39210 097.6861 087.3095 0032918 345.8192 014.2095 14.95420425 34724"
"2.0","GENERATED VIA SPACE-TRACK.ORG API","2014-03-09T23:35:09","18 SPCS","PAYLOAD B","2013-037B","EARTH","TEME","UTC","SGP4","2014-03-09T20:13:24.406175","14.67422555","0.00044550","98.0452","87.4686","2.6163","357.5050","0","U","39209","999","3414","0.00015421000000","0.00000824","0.0000000000000","7047.449","98.131","672.454","666.175","PAYLOAD","LARGE","PRC","2013-07-19","TSC","","1645953","95368680","0 PAYLOAD B","1 39209U 13037B   14068.84264359  .00000824  00000-0  15421-3 0  9997","2 39209 098.0452 087.4686 0004455 002.6163 357.5050 14.67422555 34146"
"2.0","GENERATED VIA SPACE-TRACK.ORG API","2014-03-09T22:26:34","18 SPCS","PAYLOAD A","2013-037A","EARTH","TEME","UTC","SGP4","2014-03-09T20:39:15.398496","14.68036883","0.00086830","98.0447","87.7604","0.4456","359.6757","0","U","39208","999","3417","0.00014506000000","0.00000784","0.0000000000000","7045.483","98.090","673.466","661.230","PAYLOAD","LARGE","PRC","2013-07-19","TSC","","1645841","95366281","0 PAYLOAD A","1 39208U 13037A   14068.86059489  .00000784  00000-0  14506-3 0  9992","2 39208 098.0447 087.7604 0008683 000.4456 359.6757 14.68036883 34176"
"2.0","GENERATED VIA SPACE-TRACK.ORG API","2014-03-10T06:26:08","18 SPCS","PAYLOAD A","2013-037A","EARTH","TEME","UTC","SGP4","2014-03-10T03:11:51.125568","14.68037813","0.00087090","98.0451","88.0285","359.5408","0.5790","0","U","39208","999","3421","0.00016148000000","0.00000878","0.0000000000000","7045.480","98.090","673.481","661.209","PAYLOAD","LARGE","PRC","2013-07-19","TSC","","1646081","95369507","0 PAYLOAD A","1 39208U 13037A   14069.13323062  .00000878  00000-0  16148-3 0  9992","2 39208 098.0451 088.0285 0008709 359.5408 000.5790 14.68037813 34212"
"2.0","GENERATED VIA SPACE-TRACK.ORG API","2014-03-10T07:19:12","18 SPCS","PAYLOAD C","2013-037C","EARTH","TEME","UTC","SGP4","2014-03-10T03:51:13.432032","14.95421788","0.00329190","97.6862","87.6378","344.6697","15.3528","0","U","39210","999","3477","0.00013801000000","0.00001482","0.0000000000000","6959.205","96.293","603.979","558.161","PAYLOAD","LARGE","PRC","2013-07-19","TSC","","1646150","95371169","0 PAYLOAD C","1 39210U 13037C   14069.16057213  .00001482  00000-0  13801-3 0  9995","2 39210 097.6862 087.6378 0032919 344.6697 015.3528 14.95421788 34771"
"2.0","GENERATED VIA SPACE-TRACK.ORG API","2014-03-10T07:19:07","18 SPCS","PAYLOAD B","2013-037B","EARTH","TEME","UTC","SGP4","2014-03-10T04:24:21.440735","14.67423165","0.00044610","98.0451","87.8034","1.6495","358.4724","0","U","39209","999","3419","0.00015260000000","0.00000815","0.0000000000000","7047.447","98.131","672.456","666.169","PAYLOAD","LARGE","PRC","2013-07-19","TSC","","1646149","95371133","0 PAYLOAD B","1 39209U 13037B   14069.18358149  .00000815  00000-0  15260-3 0  9997","2 39209 098.0451 087.8034 0004461 001.6495 358.4724 14.67423165 34191"
"2.0","GENERATED VIA SPACE-TRACK.ORG API","2014-03-10T12:04:46","18 SPCS","PAYLOAD C","2013-037C","EARTH","TEME","UTC","SGP4","2014-03-10T08:40:17.030207","14.95421517","0.00327640","97.6857","87.8380","343.7722","16.2448","0","U","39210","999","3480","0.00013528000000","0.00001452","0.0000000000000","6959.206","96.293","603.872","558.270","PAYLOAD","LARGE","PRC","2013-07-19","TSC","","1646184","95371355","0 PAYLOAD C","1 39210U 13037C   14069.36130822  .00001452  00000-0  13528-3 0  9998","2 39210 097.6857 087.8380 0032764 343.7722 016.2448 14.95421517 34802"
"2.0","GENERATED VIA SPACE-TRACK.ORG API","2014-03-10T12:04:46","18 SPCS","PAYLOAD B","2013-037B","EARTH","TEME","UTC","SGP4","2014-03-10T09:18:55.651103","14.67423467","0.00042510","98.0449","88.0062","0.9763","359.1476","0","U","39209","999","3422","0.00014907000000","0.00000795","0.0000000000000","7047.446","98.131","672.307","666.316","PAYLOAD","LARGE","PRC","2013-07-19","TSC","","1646184","95371356","0 PAYLOAD B","1 39209U 13037B   14069.38814411  .00000795  00000-0  14907-3 0  9992","2 39209 098.0449 088.0062 0004251 000.9763 359.1476 14.67423467 34220"
"2.0","GENERATED VIA SPACE-TRACK.ORG API","2014-03-10T12:04:46","18 SPCS","PAYLOAD A","2013-037A","EARTH","TEME","UTC","SGP4","2014-03-10T09:44:26.888063","14.68037170","0.00086640","98.0493","88.2972","0.6807","359.4361","0","U","39208","999","3425","0.00014345000000","0.00000775","0.0000000000000","7045.482","98.090","673.451","661.243","PAYLOAD","LARGE","PRC","2013-07-19","TSC","","1646184","95371357","0 PAYLOAD A","1 39208U 13037A   14069.40586676  .00000775  00000-0  14345-3 0  9997","2 39208 098.0493 088.2972 0008664 000.6807 359.4361 14.68037170 34250"
"2.0","GENERATED VIA SPACE-TRACK.ORG API","2014-03-10T23:15:24","18 SPCS","PAYLOAD C","2013-037C","EARTH","TEME","UTC","SGP4","2014-03-10T18:18:24.338015","14.95421513","0.00329180","97.6860","88.2288","342.6408","17.3671","0","U","39210","999","3486","0.00010710000000","0.00001137","0.0000000000000","6959.206","96.293","603.979","558.162","PAYLOAD","LARGE","PRC","2013-07-19","TSC","","1646506","95376932","0 PAYLOAD C","1 39210U 13037C   14069.76278169  .00001137  00000-0  10710-3 0  9999","2 39210 097.6860 088.2288 0032918 342.6408 017.3671 14.95421513 34860"
"2.0","GENERATED VIA SPACE-TRACK.ORG API","2014-03-10T23:14:04","18 SPCS","PAYLOAD B","2013-037B","EARTH","TEME","UTC","SGP4","2014-03-10T19:08:04.098623","14.67423370","0.00042610","98.0452","88.4067","0.6476","359.4724","0","U","39209","999","3428","0.00013513000000","0.00000717","0.0000000000000","7047.447","98.131","672.315","666.309","PAYLOAD","LARGE","PRC","2013-07-19","TSC","","1646504","95376903","0 PAYLOAD B","1 39209U 13037B   14069.79726966  .00000717  00000-0  13513-3 0  9990","2 39209 098.0452 088.4067 0004261 000.6476 359.4724 14.67423370 34280"
"2.0","GENERATED VIA SPACE-TRACK.ORG API","2014-03-10T22:16:06","18 SPCS","PAYLOAD A","2013-037A","EARTH","TEME","UTC","SGP4","2014-03-10T19:33:20.652768","14.68036637","0.00087270","98.0457","88.6989","357.9035","2.2120","0","U","39208","999","3431","0.00009900700000","0.00000520","0.0000000000000","7045.484","98.090","673.497","661.200","PAYLOAD","LARGE","PRC","2013-07-19","TSC","","1646413","95374809","0 PAYLOAD A","1 39208U 13037A   14069.81482237  .00000520  00000-0  99007-4 0  9997","2 39208 098.0457 088.6989 0008727 357.9035 002.2120 14.68036637 34313"
"2.0","GENERATED VIA SPACE-TRACK.ORG API","2014-03-11T07:15:35","18 SPCS","PAYLOAD B","2013-037B","EARTH","TEME","UTC","SGP4","2014-03-11T03:19:01.102079","14.67424184","0.00042740","98.0450","88.7413","358.9870","1.1341","0","U","39209","999","3433","0.00013933000000","0.00000740","0.0000000000000","7047.444","98.131","672.321","666.297","PAYLOAD","LARGE","PRC","2013-07-19","TSC","","1646682","95379048","0 PAYLOAD B","1 39209U 13037B   14070.13820720  .00000740  00000-0  13933-3 0  9995","2 39209 098.0450 088.7413 0004274 358.9870 001.1341 14.67424184 34333"
"2.0","GENERATED VIA SPACE-TRACK.ORG API","2014-03-11T06:16:52","18 SPCS","PAYLOAD A","2013-037A","EARTH","TEME","UTC","SGP4","2014-03-11T03:44:05.335583","14.68037264","0.00087080","98.0455","89.0335","356.5025","3.6134","0","U","39208","999","3436","0.00009667800000","0.00000506","0.0000000000000","7045.482","98.090","673.482","661.212","PAYLOAD","LARGE","PRC","2013-07-19","TSC","","1646613","95377355","0 PAYLOAD A","1 39208U 13037A   14070.15561731  .00000506  00000-0  96678-4 0  9998","2 39208 098.0455 089.0335 0008708 356.5025 003.6134 14.68037264 34366"
"2.0","GENERATED VIA SPACE-TRACK.ORG API","2014-03-11T07:16:20","18 SPCS","PAYLOAD C","2013-037C","EARTH","TEME","UTC","SGP4","2014-03-11T03:56:31.515360","14.95423024","0.00328650","97.6858","88.6226","341.2266","18.7751","0","U","39210","999","3492","0.00011411000000","0.00001215","0.0000000000000","6959.201","96.293","603.937","558.195","PAYLOAD","LARGE","PRC","2013-07-19","TSC","","1646683","95379080","0 PAYLOAD C","1 39210U 13037C   14070.16425365  .00001215  00000-0  11411-3 0  9993","2 39210 097.6858 088.6226 0032865 341.2266 018.7751 14.95423024 34921"
"2.0","GENERATED VIA SPACE-TRACK.ORG API","2014-03-11T14:17:36","18 SPCS","PAYLOAD A","2013-037A","EARTH","TEME","UTC","SGP4","2014-03-11T10:16:41.057471","14.68037316","0.00087060","98.0456","89.3015","355.5007","4.6122","0","U","39208","999","3440","0.00008325500000","0.00000429","0.0000000000000","7045.482","98.090","673.481","661.213","PAYLOAD","LARGE","PRC","2013-07-19","TSC","","1646725","95379502","0 PAYLOAD A","1 39208U 13037A   14070.42825298  .00000429  00000-0  83255-4 0  9990","2 39208 098.0456 089.3015 0008706 355.5007 004.6122 14.68037316 34403"
"2.0","GENERATED VIA SPACE-TRACK.ORG API","2014-03-11T15:28:08","18 SPCS","PAYLOAD B","2013-037B","EARTH","TEME","UTC","SGP4","2014-03-11T11:29:58.059744","14.67424691","0.00042600","98.0451","89.0761","357.7982","2.3207","0","U","39209","999","3438","0.00013651000000","0.00000724","0.0000000000000","7047.442","98.131","672.310","666.305","PAYLOAD","LARGE","PRC","2013-07-19","TSC","","1646842","95382040","0 PAYLOAD B","1 39209U 13037B   14070.47914421  .00000724  00000-0  13651-3 0  9993","2 39209 098.0451 089.0761 0004260 357.7982 002.3207 14.67424691 34382"
"2.0","GENERATED VIA SPACE-TRACK.ORG API","2014-03-11T15:29:25","18 SPCS","PAYLOAD C","2013-037C","EARTH","TEME","UTC","SGP4","2014-03-11T11:58:17.465664","14.95424043","0.00328610","97.6858","88.9507","340.1072","19.8866","0","U","39210","999","3497","0.00011736000000","0.00001252","0.0000000000000","6959.198","96.293","603.931","558.194","PAYLOAD","LARGE","PRC","2013-07-19","TSC","","1646845","95382097","0 PAYLOAD C","1 39210U 13037C   14070.49881326  .00001252  00000-0  11736-3 0  9993","2 39210 097.6858 088.9507 0032861 340.1072 019.8866 14.95424043 34971"
"2.0","GENERATED VIA SPACE-TRACK.ORG API","2014-03-11T22:16:29","18 SPCS","PAYLOAD A","2013-037A","EARTH","TEME","UTC","SGP4","2014-03-11T18:27:25.764480","14.68037286","0.00086770","98.0458","89.6367","354.3843","5.7260","0","U","39208","999","3445","0.00007685600000","0.00000393","0.0000000000000","7045.482","98.090","673.460","661.233","PAYLOAD","LARGE","PRC","2013-07-19","TSC","","1646959","95382543","0 PAYLOAD A","1 39208U 13037A   14070.76904820  .00000393  00000-0  76856-4 0  9995","2 39208 098.0458 089.6367 0008677 354.3843 005.7260 14.68037286 34456"
"2.0","GENERATED VIA SPACE-TRACK.ORG API","2014-03-11T23:28:28","18 SPCS","PAYLOAD B","2013-037B","EARTH","TEME","UTC","SGP4","2014-03-11T19:40:55.074432","14.67424780","0.00041950","98.0449","89.4109","356.5390","3.5786","0","U","39209","999","3443","0.00012865000000","0.00000680","0.0000000000000","7047.442","98.131","672.264","666.351","PAYLOAD","LARGE","PRC","2013-07-19","TSC","","1647077","95385118","0 PAYLOAD B","1 39209U 13037B   14070.82008188  .00000680  00000-0  12865-3 0  9993","2 39209 098.0449 089.4109 0004195 356.5390 003.5786 14.67424780 34436"
"2.0","GENERATED VIA SPACE-TRACK.ORG API","2014-03-11T23:29:56","18 SPCS","PAYLOAD C","2013-037C","EARTH","TEME","UTC","SGP4","2014-03-11T20:00:03.443616","14.95424565","0.00328010","97.6857","89.2787","338.9346","21.0522","0","U","39210","999","3502","0.00011303000000","0.00001203","0.0000000000000","6959.196","96.293","603.888","558.234","PAYLOAD","LARGE","PRC","2013-07-19","TSC","","1647079","95385158","0 PAYLOAD C","1 39210U 13037C   14070.83337319  .00001203  00000-0  11303-3 0  9995","2 39210 097.6857 089.2787 0032801 338.9346 021.0522 14.95424565 35027"
"2.0","GENERATED VIA SPACE-TRACK.ORG API","2014-03-12T07:20:39","18 SPCS","PAYLOAD B","2013-037B","EARTH","TEME","UTC","SGP4","2014-03-12T02:13:40.632096","14.67425811","0.00041940","98.0449","89.6792","355.3867","4.7319","0","U","39209","999","3447","0.00014520000000","0.00000774","0.0000000000000","7047.439","98.131","672.260","666.348","PAYLOAD","LARGE","PRC","2013-07-19","TSC","","1647267","95388005","0 PAYLOAD B","1 39209U 13037B   14071.09283139  .00000774  00000-0  14520-3 0  9998","2 39209 098.0449 089.6792 0004194 355.3867 004.7319 14.67425811 34476"
"2.0","GENERATED VIA SPACE-TRACK.ORG API","2014-03-12T06:23:42","18 SPCS","PAYLOAD A","2013-037A","EARTH","TEME","UTC","SGP4","2014-03-12T02:38:10.397184","14.68038375","0.00086650","98.0456","89.9716","353.2515","6.8580","0","U","39208","999","3450","0.00009925900000","0.00000521","0.0000000000000","7045.478","98.090","673.448","661.238","PAYLOAD","LARGE","PRC","2013-07-19","TSC","","1647180","95385981","0 PAYLOAD A","1 39208U 13037A   14071.10984256  .00000521  00000-0  99259-4 0  9990","2 39208 098.0456 089.9716 0008665 353.2515 006.8580 14.68038375 34509"
"2.0","GENERATED VIA SPACE-TRACK.ORG API","2014-03-12T07:23:45","18 SPCS","PAYLOAD C","2013-037C","EARTH","TEME","UTC","SGP4","2014-03-12T04:01:49.369727","14.95425844","0.00327340","97.6852","89.6072","337.6845","22.2984","0","U","39210","999","3507","0.00011634000000","0.00001240","0.0000000000000","6959.192","96.293","603.837","558.277","PAYLOAD","LARGE","PRC","2013-07-19","TSC","","1647269","95388040","0 PAYLOAD C","1 39210U 13037C   14071.16793252  .00001240  00000-0  11634-3 0  9992","2 39210 097.6852 089.6072 0032734 337.6845 022.2984 14.95425844 35079"
"2.0","GENERATED VIA SPACE-TRACK.ORG API","2014-03-12T15:34:52","18 SPCS","PAYLOAD B","2013-037B","EARTH","TEME","UTC","SGP4","2014-03-12T10:24:37.544832","14.67426456","0.00041990","98.0451","90.0142","354.4340","5.6819","0","U","39209","999","3452","0.00014628000000","0.00000780","0.0000000000000","7047.437","98.130","672.261","666.343","PAYLOAD","LARGE","PRC","2013-07-19","TSC","","1647415","95391213","0 PAYLOAD B","1 39209U 13037B   14071.43376788  .00000780  00000-0  14628-3 0  9995","2 39209 098.0451 090.0142 0004199 354.4340 005.6819 14.67426456 34522"
"2.0","GENERATED VIA SPACE-TRACK.ORG API","2014-03-12T14:34:30","18 SPCS","PAYLOAD A","2013-037A","EARTH","TEME","UTC","SGP4","2014-03-12T10:48:55.053215","14.68038964","0.00086610","98.0456","90.3068","352.4074","7.7018","0","U","39208","999","3455","0.00010161000000","0.00000535","0.0000000000000","7045.476","98.090","673.444","661.239","PAYLOAD","LARGE","PRC","2013-07-19","TSC","","1647323","95389059","0 PAYLOAD A","1 39208U 13037A   14071.45063719  .00000535  00000-0  10161-3 0  9999","2 39208 098.0456 090.3068 0008661 352.4074 007.7018 14.68038964 34557"
"2.0","GENERATED VIA SPACE-TRACK.ORG API","2014-03-12T15:36:18","18 SPCS","PAYLOAD C","2013-037C","EARTH","TEME","UTC","SGP4","2014-03-12T12:03:35.234496","14.95426985","0.00327720","97.6853","89.9354","336.5754","23.3976","0","U","39210","999","3512","0.00012151000000","0.00001298","0.0000000000000","6959.189","96.293","603.860","558.247","PAYLOAD","LARGE","PRC","2013-07-19","TSC","","1647416","95391252","0 PAYLOAD C","1 39210U 13037C   14071.50249114  .00001298  00000-0  12151-3 0  9991","2 39210 097.6853 089.9354 0032772 336.5754 023.3976 14.95426985 35121"
"2.0","GENERATED VIA SPACE-TRACK.ORG API","2014-03-12T23:22:36","18 SPCS","PAYLOAD B","2013-037B","EARTH","TEME","UTC","SGP4","2014-03-12T18:35:34.537055","14.67426221","0.00041180","98.0451","90.3489","353.5307","6.5838","0","U","39209","999","3457","0.00012696000000","0.00000670","0.0000000000000","7047.438","98.130","672.205","666.400","PAYLOAD","LARGE","PRC","2013-07-19","TSC","","1647588","95394049","0 PAYLOAD B","1 39209U 13037B   14071.77470529  .00000670  00000-0  12696-3 0  9991","2 39209 098.0451 090.3489 0004118 353.5307 006.5838 14.67426221 34579"
"2.0","GENERATED VIA SPACE-TRACK.ORG API","2014-03-12T22:19:59","18 SPCS","PAYLOAD A","2013-037A","EARTH","TEME","UTC","SGP4","2014-03-12T18:59:39.737760","14.68038135","0.00085830","98.0452","90.6417","351.0937","9.0106","0","U","39208","999","3460","0.00006726500000","0.00000338","0.0000000000000","7045.479","98.090","673.391","661.297","PAYLOAD","LARGE","PRC","2013-07-19","TSC","","1647485","95391832","0 PAYLOAD A","1 39208U 13037A   14071.79143215  .00000338  00000-0  67265-4 0  9995","2 39208 098.0452 090.6417 0008583 351.0937 009.0106 14.68038135 34609"
"2.0","GENERATED VIA SPACE-TRACK.ORG API","2014-03-12T23:23:14","18 SPCS","PAYLOAD C","2013-037C","EARTH","TEME","UTC","SGP4","2014-03-12T20:05:21.170111","14.95427419","0.00327270","97.6848","90.2637","335.4187","24.5479","0","U","39210","999","3517","0.00011455000000","0.00001220","0.0000000000000","6959.187","96.293","603.828","558.277","PAYLOAD","LARGE","PRC","2013-07-19","TSC","","1647590","95394094","0 PAYLOAD C","1 39210U 13037C   14071.83705058  .00001220  00000-0  11455-3 0  9992","2 39210 097.6848 090.2637 0032727 335.4187 024.5479 14.95427419 35171"
"2.0","GENERATED VIA SPACE-TRACK.ORG API","2014-03-13T07:15:53","18 SPCS","PAYLOAD B","2013-037B","EARTH","TEME","UTC","SGP4","2014-03-13T02:46:31.480896","14.67426766","0.00040730","98.0449","90.6837","352.2447","7.8700","0","U","39209","999","3462","0.00012640000000","0.00000667","0.0000000000000","7047.436","98.130","672.171","666.430","PAYLOAD","LARGE","PRC","2013-07-19","TSC","","1647813","95396757","0 PAYLOAD B","1 39209U 13037B   14072.11564214  .00000667  00000-0  12640-3 0  9990","2 39209 098.0449 090.6837 0004073 352.2447 007.8700 14.67426766 34629"
"2.0","GENERATED VIA SPACE-TRACK.ORG API","2014-03-13T06:15:15","18 SPCS","PAYLOAD A","2013-037A","EARTH","TEME","UTC","SGP4","2014-03-13T03:10:24.345408","14.68040086","0.00084790","98.0455","90.9771","350.3771","9.7294","0","U","39208","999","3465","0.00012231000000","0.00000653","0.0000000000000","7045.473","98.089","673.312","661.364","PAYLOAD","LARGE","PRC","2013-07-19","TSC","","1647723","95394532","0 PAYLOAD A","1 39208U 13037A   14072.13222622  .00000653  00000-0  12231-3 0  9996","2 39208 098.0455 090.9771 0008479 350.3771 009.7294 14.68040086 34658"
"2.0","GENERATED VIA SPACE-TRACK.ORG API","2014-03-13T07:16:54","18 SPCS","PAYLOAD C","2013-037C","EARTH","TEME","UTC","SGP4","2014-03-13T04:07:07.033152","14.95428658","0.00326940","97.6845","90.5917","334.1259","25.8352","0","U","39210","999","3522","0.00011776000000","0.00001256","0.0000000000000","6959.184","96.293","603.801","558.296","PAYLOAD","LARGE","PRC","2013-07-19","TSC","","1647814","95396790","0 PAYLOAD C","1 39210U 13037C   14072.17160918  .00001256  00000-0  11776-3 0  9995","2 39210 097.6845 090.5917 0032694 334.1259 025.8352 14.95428658 35227"
"2.0","GENERATED VIA SPACE-TRACK.ORG API","2014-03-13T11:05:32","18 SPCS","PAYLOAD A","2013-037A","EARTH","TEME","UTC","SGP4","2014-03-13T06:26:42.156672","14.68040136","0.00084580","98.0458","91.1111","349.8774","10.2258","0","U","39208","999","3467","0.00011737000000","0.00000625","0.0000000000000","7045.473","98.089","673.297","661.379","PAYLOAD","LARGE","PRC","2013-07-19","TSC","","1647837","95397063","0 PAYLOAD A","1 39208U 13037A   14072.26854348  .00000625  00000-0  11737-3 0  9995","2 39208 098.0458 091.1111 0008458 349.8774 010.2258 14.68040136 34670"
"2.0","GENERATED VIA SPACE-TRACK.ORG API","2014-03-13T11:19:36","18 SPCS","PAYLOAD C","2013-037C","EARTH","TEME","UTC","SGP4","2014-03-13T07:19:49.341216","14.95429506","0.00326630","97.6847","90.7233","333.7670","26.1907","0","U","39210","999","3524","0.00012652000000","0.00001354","0.0000000000000","6959.181","96.293","603.777","558.315","PAYLOAD","LARGE","PRC","2013-07-19","TSC","","1647854","95397485","0 PAYLOAD C","1 39210U 13037C   14072.30543219  .00001354  00000-0  12652-3 0  9992","2 39210 097.6847 090.7233 0032663 333.7670 026.1907 14.95429506 35245"
"2.0","GENERATED VIA SPACE-TRACK.ORG API","2014-03-13T11:19:36","18 SPCS","PAYLOAD B","2013-037B","EARTH","TEME","UTC","SGP4","2014-03-13T07:41:05.635967","14.67427276","0.00040670","98.0450","90.8846","351.6722","8.4423","0","U","39209","999","3465","0.00013284000000","0.00000704","0.0000000000000","7047.434","98.130","672.165","666.433","PAYLOAD","LARGE","PRC","2013-07-19","TSC","","1647854","95397477","0 PAYLOAD B","1 39209U 13037B   14072.32020412  .00000704  00000-0  13284-3 0  9997","2 39209 098.0450 090.8846 0004067 351.6722 008.4423 14.67427276 34654"
"2.0","GENERATED VIA SPACE-TRACK.ORG API","2014-03-13T14:29:25","18 SPCS","PAYLOAD A","2013-037A","EARTH","TEME","UTC","SGP4","2014-03-13T12:59:17.844863","14.68040791","0.00084400","98.0462","91.3788","349.0440","11.0581","0","U","39208","999","3471","0.00012607000000","0.00000675","0.0000000000000","7045.471","98.089","673.282","661.389","PAYLOAD","LARGE","PRC","2013-07-19","TSC","","1647915","95398298","0 PAYLOAD A","1 39208U 13037A   14072.54117876  .00000675  00000-0  12607-3 0  9996","2 39208 098.0462 091.3788 0008440 349.0440 011.0581 14.68040791 34710"
"2.0","GENERATED VIA SPACE-TRACK.ORG API","2014-03-13T21:35:42","18 SPCS","PAYLOAD C","2013-037C","EARTH","TEME","UTC","SGP4","2014-03-13T15:21:35.157599","14.95430793","0.00326500","97.6846","91.0514","332.6680","27.2822","0","U","39210","999","3529","0.00013217000000","0.00001417","0.0000000000000","6959.177","96.293","603.764","558.320","PAYLOAD","LARGE","PRC","2013-07-19","TSC","","1648162","95402028","0 PAYLOAD C","1 39210U 13037C   14072.63999025  .00001417  00000-0  13217-3 0  9996","2 39210 097.6846 091.0514 0032650 332.6680 027.2822 14.95430793 35298"
"2.0","GENERATED VIA SPACE-TRACK.ORG API","2014-03-13T20:30:30","18 SPCS","PAYLOAD A","2013-037A","EARTH","TEME","UTC","SGP4","2014-03-13T16:15:35.688096","14.68041018","0.00084750","98.0461","91.5128","348.4545","11.6458","0","U","39208","999","3473","0.00013440000000","0.00000723","0.0000000000000","7045.470","98.089","673.306","661.364","PAYLOAD","LARGE","PRC","2013-07-19","TSC","","1648032","95399791","0 PAYLOAD A","1 39208U 13037A   14072.67749639  .00000723  00000-0  13440-3 0  9998","2 39208 098.0461 091.5128 0008475 348.4545 011.6458 14.68041018 34730"
"2.0","GENERATED VIA SPACE-TRACK.ORG API","2014-03-13T21:35:57","18 SPCS","PAYLOAD B","2013-037B","EARTH","TEME","UTC","SGP4","2014-03-13T19:08:25.353024","14.67427493","0.00040550","98.0450","91.3533","350.3486","9.7635","0","U","39209","999","3472","0.00012057000000","0.00000634","0.0000000000000","7047.434","98.130","672.156","666.441","PAYLOAD","LARGE","PRC","2013-07-19","TSC","","1648163","95402038","0 PAYLOAD B","1 39209U 13037B   14072.79751566  .00000634  00000-0  12057-3 0  9998","2 39209 098.0450 091.3533 0004055 350.3486 009.7635 14.67427493 34721"
"2.0","GENERATED VIA SPACE-TRACK.ORG API","2014-03-13T23:09:17","18 SPCS","PAYLOAD C","2013-037C","EARTH","TEME","UTC","SGP4","2014-03-13T20:10:38.659007","14.95431674","0.00326570","97.6845","91.2481","331.9595","27.9880","0","U","39210","999","3532","0.00013652000000","0.00001466","0.0000000000000","6959.174","96.293","603.766","558.313","PAYLOAD","LARGE","PRC","2013-07-19","TSC","","1648273","95404370","0 PAYLOAD C","1 39210U 13037C   14072.84072522  .00001466  00000-0  13652-3 0  9990","2 39210 097.6845 091.2481 0032657 331.9595 027.9880 14.95431674 35320"
"2.0","GENERATED VIA SPACE-TRACK.ORG API","2014-03-13T22:18:20","18 SPCS","PAYLOAD A","2013-037A","EARTH","TEME","UTC","SGP4","2014-03-13T21:10:02.462015","14.68041115","0.00084960","98.0460","91.7139","348.0036","12.0954","0","U","39208","999","3476","0.00012594000000","0.00000674","0.0000000000000","7045.470","98.089","673.320","661.349","PAYLOAD","LARGE","PRC","2013-07-19","TSC","","1648184","95402500","0 PAYLOAD A","1 39208U 13037A   14072.88197294  .00000674  00000-0  12594-3 0  9999","2 39208 098.0460 091.7139 0008496 348.0036 012.0954 14.68041115 34764"
"2.0","GENERATED VIA SPACE-TRACK.ORG API","2014-03-14T07:39:44","18 SPCS","PAYLOAD B","2013-037B","EARTH","TEME","UTC","SGP4","2014-03-14T03:19:22.267487","14.67428301","0.00039930","98.0448","91.6880","348.6756","11.4382","0","U","39209","999","3477","0.00012616000000","0.00000666","0.0000000000000","7047.431","98.130","672.110","666.482","PAYLOAD","LARGE","PRC","2013-07-19","TSC","","1648476","95407442","0 PAYLOAD B","1 39209U 13037B   14073.13845217  .00000666  00000-0  12616-3 0  9990","2 39209 098.0448 091.6880 0003993 348.6756 011.4382 14.67428301 34779"
"2.0","GENERATED VIA SPACE-TRACK.ORG API","2014-03-14T07:41:17","18 SPCS","PAYLOAD C","2013-037C","EARTH","TEME","UTC","SGP4","2014-03-14T04:12:24.431327","14.95433086","0.00326240","97.6844","91.5762","330.7888","29.1522","0","U","39210","999","3537","0.00014110000000","0.00001517","0.0000000000000","6959.170","96.293","603.738","558.331","PAYLOAD","LARGE","PRC","2013-07-19","TSC","","1648477","95407482","0 PAYLOAD C","1 39210U 13037C   14073.17528277  .00001517  00000-0  14110-3 0  9997","2 39210 097.6844 091.5762 0032624 330.7888 029.1522 14.95433086 35371"
"2.0","GENERATED VIA SPACE-TRACK.ORG API","2014-03-14T06:17:09","18 SPCS","PAYLOAD A","2013-037A","EARTH","TEME","UTC","SGP4","2014-03-14T05:20:47.056703","14.68041991","0.00085010","98.0458","92.0489","346.6718","13.4270","0","U","39208","999","3481","0.00013298000000","0.00000715","0.0000000000000","7045.467","98.089","673.321","661.342","PAYLOAD","LARGE","PRC","2013-07-19","TSC","","1648369","95404816","0 PAYLOAD A","1 39208U 13037A   14073.22276686  .00000715  00000-0  13298-3 0  9999","2 39208 098.0458 092.0489 0008501 346.6718 013.4270 14.68041991 34815"
"2.0","GENERATED VIA SPACE-TRACK.ORG API","2014-03-14T15:40:03","18 SPCS","PAYLOAD B","2013-037B","EARTH","TEME","UTC","SGP4","2014-03-14T11:30:19.116287","14.67429278","0.00039930","98.0451","92.0232","347.8787","12.2334","0","U","39209","999","3482","0.00013897000000","0.00000738","0.0000000000000","7047.428","98.130","672.107","666.479","PAYLOAD","LARGE","PRC","2013-07-19","TSC","","1648648","95410776","0 PAYLOAD B","1 39209U 13037B   14073.47938792  .00000738  00000-0  13897-3 0  9990","2 39209 098.0451 092.0232 0003993 347.8787 012.2334 14.67429278 34820"
"2.0","GENERATED VIA SPACE-TRACK.ORG API","2014-03-14T15:41:21","18 SPCS","PAYLOAD C","2013-037C","EARTH","TEME","UTC","SGP4","2014-03-14T12:14:10.163903","14.95434615","0.00325460","97.6843","91.9041","329.5998","30.3346","0","U","39210","999","3542","0.00014742000000","0.00001587","0.0000000000000","6959.165","96.293","603.679","558.381","PAYLOAD","LARGE","PRC","2013-07-19","TSC","","1648650","95410814","0 PAYLOAD C","1 39210U 13037C   14073.50983986  .00001587  00000-0  14742-3 0  9994","2 39210 097.6843 091.9041 0032546 329.5998 030.3346 14.95434615 35428"
"2.0","GENERATED VIA SPACE-TRACK.ORG API","2014-03-14T14:31:54","18 SPCS","PAYLOAD A","2013-037A","EARTH","TEME","UTC","SGP4","2014-03-14T13:31:31.619423","14.68043009","0.00084680","98.0462","92.3842","345.6329","14.4645","0","U","39208","999","3486","0.00015425000000","0.00000837","0.0000000000000","7045.463","98.089","673.295","661.362","PAYLOAD","LARGE","PRC","2013-07-19","TSC","","1648543","95408462","0 PAYLOAD A","1 39208U 13037A   14073.56356041  .00000837  00000-0  15425-3 0  9999","2 39208 098.0462 092.3842 0008468 345.6329 014.4645 14.68043009 34869"
"2.0","GENERATED VIA SPACE-TRACK.ORG API","2014-03-14T23:16:53","18 SPCS","PAYLOAD B","2013-037B","EARTH","TEME","UTC","SGP4","2014-03-14T19:41:16.001375","14.67429527","0.00039780","98.0449","92.3578","346.5208","13.5879","0","U","39209","999","3487","0.00013490000000","0.00000715","0.0000000000000","7047.427","98.130","672.095","666.489","PAYLOAD","LARGE","PRC","2013-07-19","TSC","","1648849","95413425","0 PAYLOAD B","1 39209U 13037B   14073.82032409  .00000715  00000-0  13490-3 0  9993","2 39209 098.0449 092.3578 0003978 346.5208 013.5879 14.67429527 34870"
"2.0","GENERATED VIA SPACE-TRACK.ORG API","2014-03-14T23:17:56","18 SPCS","PAYLOAD C","2013-037C","EARTH","TEME","UTC","SGP4","2014-03-14T20:15:55.932767","14.95435902","0.00324480","97.6842","92.2322","328.4641","31.4654","0","U","39210","999","3547","0.00015225000000","0.00001641","0.0000000000000","6959.161","96.292","603.607","558.445","PAYLOAD","LARGE","PRC","2013-07-19","TSC","","1648850","95413449","0 PAYLOAD C","1 39210U 13037C   14073.84439737  .00001641  00000-0  15225-3 0  9999","2 39210 097.6842 092.2322 0032448 328.4641 031.4654 14.95435902 35476"
"2.0","GENERATED VIA SPACE-TRACK.ORG API","2014-03-14T22:20:42","18 SPCS","PAYLOAD A","2013-037A","EARTH","TEME","UTC","SGP4","2014-03-14T21:42:16.231392","14.68042394","0.00084250","98.0459","92.7193","344.7160","15.3775","0","U","39208","999","3491","0.00011627000000","0.00000619","0.0000000000000","7045.465","98.089","673.266","661.395","PAYLOAD","LARGE","PRC","2013-07-19","TSC","","1648758","95411396","0 PAYLOAD A","1 39208U 13037A   14073.90435453  .00000619  00000-0  11627-3 0  9990","2 39208 098.0459 092.7193 0008425 344.7160 015.3775 14.68042394 34910"
"2.0","GENERATED VIA SPACE-TRACK.ORG API","2014-03-15T07:38:14","18 SPCS","PAYLOAD B","2013-037B","EARTH","TEME","UTC","SGP4","2014-03-15T02:14:01.504607","14.67430162","0.00039650","98.0447","92.6257","345.5015","14.6083","0","U","39209","999","3491","0.00013836000000","0.00000735","0.0000000000000","7047.425","98.130","672.084","666.496","PAYLOAD","LARGE","PRC","2013-07-19","TSC","","1649118","95416576","0 PAYLOAD B","1 39209U 13037B   14074.09307297  .00000735  00000-0  13836-3 0  9999","2 39209 098.0447 092.6257 0003965 345.5015 014.6083 14.67430162 34917"
"2.0","GENERATED VIA SPACE-TRACK.ORG API","2014-03-15T06:21:25","18 SPCS","PAYLOAD A","2013-037A","EARTH","TEME","UTC","SGP4","2014-03-15T04:14:51.918720","14.68042576","0.00084130","98.0458","92.9873","343.8005","16.2924","0","U","39208","999","3495","0.00011029000000","0.00000585","0.0000000000000","7045.465","98.089","673.257","661.403","PAYLOAD","LARGE","PRC","2013-07-19","TSC","","1649012","95413974","0 PAYLOAD A","1 39208U 13037A   14074.17698980  .00000585  00000-0  11029-3 0  9994","2 39208 098.0458 092.9873 0008413 343.8005 016.2924 14.68042576 34953"
"2.0","GENERATED VIA SPACE-TRACK.ORG API","2014-03-15T07:39:46","18 SPCS","PAYLOAD C","2013-037C","EARTH","TEME","UTC","SGP4","2014-03-15T04:17:41.619552","14.95437426","0.00324230","97.6841","92.5602","327.2369","32.6858","0","U","39210","999","3552","0.00015736000000","0.00001698","0.0000000000000","6959.156","96.292","603.585","558.458","PAYLOAD","LARGE","PRC","2013-07-19","TSC","","1649120","95416629","0 PAYLOAD C","1 39210U 13037C   14074.17895393  .00001698  00000-0  15736-3 0  9999","2 39210 097.6841 092.5602 0032423 327.2369 032.6858 14.95437426 35524"
"2.0","GENERATED VIA SPACE-TRACK.ORG API","2014-03-15T15:29:37","18 SPCS","PAYLOAD B","2013-037B","EARTH","TEME","UTC","SGP4","2014-03-15T10:24:58.347359","14.67430888","0.00039440","98.0448","92.9606","344.4587","15.6503","0","U","39209","999","3496","0.00014177000000","0.00000754","0.0000000000000","7047.423","98.130","672.067","666.508","PAYLOAD","LARGE","PRC","2013-07-19","TSC","","1649269","95419572","0 PAYLOAD B","1 39209U 13037B   14074.43400865  .00000754  00000-0  14177-3 0  9992","2 39209 098.0448 092.9606 0003944 344.4587 015.6503 14.67430888 34966"
"2.0","GENERATED VIA SPACE-TRACK.ORG API","2014-03-15T15:29:54","18 SPCS","PAYLOAD C","2013-037C","EARTH","TEME","UTC","SGP4","2014-03-15T12:19:27.294240","14.95438709","0.00324040","97.6842","92.8882","326.1151","33.8006","0","U","39210","999","3557","0.00015796000000","0.00001705","0.0000000000000","6959.152","96.292","603.568","558.467","PAYLOAD","LARGE","PRC","2013-07-19","TSC","","1649271","95419619","0 PAYLOAD C","1 39210U 13037C   14074.51351035  .00001705  00000-0  15796-3 0  9992","2 39210 097.6842 092.8882 0032404 326.1151 033.8006 14.95438709 35572"
"2.0","GENERATED VIA SPACE-TRACK.ORG API","2014-03-15T14:25:22","18 SPCS","PAYLOAD A","2013-037A","EARTH","TEME","UTC","SGP4","2014-03-15T12:25:36.491807","14.68042948","0.00083660","98.0456","93.3223","342.5397","17.5519","0","U","39208","999","3500","0.00010507000000","0.00000555","0.0000000000000","7045.464","98.089","673.223","661.434","PAYLOAD","LARGE","PRC","2013-07-19","TSC","","1649164","95417318","0 PAYLOAD A","1 39208U 13037A   14074.51778347  .00000555  00000-0  10507-3 0  9995","2 39208 098.0456 093.3223 0008366 342.5397 017.5519 14.68042948 35006"
"2.0","GENERATED VIA SPACE-TRACK.ORG API","2014-03-15T23:19:23","18 SPCS","PAYLOAD B","2013-037B","EARTH","TEME","UTC","SGP4","2014-03-15T18:35:55.241952","14.67430962","0.00039170","98.0448","93.2954","343.5847","16.5223","0","U","39209","999","3501","0.00013420000000","0.00000711","0.0000000000000","7047.422","98.130","672.048","666.527","PAYLOAD","LARGE","PRC","2013-07-19","TSC","","1649444","95422306","0 PAYLOAD B","1 39209U 13037B   14074.77494493  .00000711  00000-0  13420-3 0  9992","2 39209 098.0448 093.2954 0003917 343.5847 016.5223 14.67430962 35014"
"2.0","GENERATED VIA SPACE-TRACK.ORG API","2014-03-15T23:20:40","18 SPCS","PAYLOAD C","2013-037C","EARTH","TEME","UTC","SGP4","2014-03-15T20:21:12.974111","14.95439583","0.00323700","97.6842","93.2163","324.9943","34.9131","0","U","39210","999","3562","0.00015551000000","0.00001678","0.0000000000000","6959.150","96.292","603.541","558.488","PAYLOAD","LARGE","PRC","2013-07-19","TSC","","1649446","95422345","0 PAYLOAD C","1 39210U 13037C   14074.84806683  .00001678  00000-0  15551-3 0  9990","2 39210 097.6842 093.2163 0032370 324.9943 034.9131 14.95439583 35624"
"2.0","GENERATED VIA SPACE-TRACK.ORG API","2014-03-15T22:19:17","18 SPCS","PAYLOAD A","2013-037A","EARTH","TEME","UTC","SGP4","2014-03-15T20:36:21.034656","14.68043819","0.00083030","98.0460","93.6581","341.9903","18.0999","0","U","39208","999","3505","0.00012415000000","0.00000664","0.0000000000000","7045.461","98.089","673.176","661.476","PAYLOAD","LARGE","PRC","2013-07-19","TSC","","1649351","95420134","0 PAYLOAD A","1 39208U 13037A   14074.85857679  .00000664  00000-0  12415-3 0  9999","2 39208 098.0460 093.6581 0008303 341.9903 018.0999 14.68043819 35059"
"2.0","GENERATED VIA SPACE-TRACK.ORG API","2014-03-16T07:19:45","18 SPCS","PAYLOAD B","2013-037B","EARTH","TEME","UTC","SGP4","2014-03-16T02:46:52.082111","14.67431620","0.00038920","98.0449","93.6302","342.5583","17.5485","0","U","39209","999","3506","0.00013646000000","0.00000724","0.0000000000000","7047.420","98.130","672.028","666.542","PAYLOAD","LARGE","PRC","2013-07-19","TSC","","1649614","95425118","0 PAYLOAD B","1 39209U 13037B   14075.11588058  .00000724  00000-0  13646-3 0  9996","2 39209 098.0449 093.6302 0003892 342.5583 017.5485 14.67431620 35062"
"2.0","GENERATED VIA SPACE-TRACK.ORG API","2014-03-16T07:20:45","18 SPCS","PAYLOAD C","2013-037C","EARTH","TEME","UTC","SGP4","2014-03-16T04:22:58.647935","14.95440866","0.00323560","97.6840","93.5442","323.7801","36.1230","0","U","39210","999","3567","0.00015590000000","0.00001682","0.0000000000000","6959.146","96.292","603.528","558.494","PAYLOAD","LARGE","PRC","2013-07-19","TSC","","1649615","95425155","0 PAYLOAD C","1 39210U 13037C   14075.18262324  .00001682  00000-0  15590-3 0  9994","2 39210 097.6840 093.5442 0032356 323.7801 036.1230 14.95440866 35674"
"2.0","GENERATED VIA SPACE-TRACK.ORG API","2014-03-16T06:23:27","18 SPCS","PAYLOAD A","2013-037A","EARTH","TEME","UTC","SGP4","2014-03-16T04:47:05.570591","14.68044055","0.00082390","98.0459","93.9931","340.6171","19.4716","0","U","39208","999","3510","0.00010808000000","0.00000572","0.0000000000000","7045.460","98.089","673.130","661.520","PAYLOAD","LARGE","PRC","2013-07-19","TSC","","1649528","95423020","0 PAYLOAD A","1 39208U 13037A   14075.19937003  .00000572  00000-0  10808-3 0  9999","2 39208 098.0459 093.9931 0008239 340.6171 019.4716 14.68044055 35101"
"2.0","GENERATED VIA SPACE-TRACK.ORG API","2014-03-16T15:31:13","18 SPCS","PAYLOAD B","2013-037B","EARTH","TEME","UTC","SGP4","2014-03-16T10:57:48.924000","14.67432080","0.00038270","98.0448","93.9648","341.1205","18.9864","0","U","39209","999","3511","0.00013287000000","0.00000704","0.0000000000000","7047.419","98.130","671.981","666.587","PAYLOAD","LARGE","PRC","2013-07-19","TSC","","1649806","95428190","0 PAYLOAD B","1 39209U 13037B   14075.45681625  .00000704  00000-0  13287-3 0  9996","2 39209 098.0448 093.9648 0003827 341.1205 018.9864 14.67432080 35114"
"2.0","GENERATED VIA SPACE-TRACK.ORG API","2014-03-16T15:32:25","18 SPCS","PAYLOAD C","2013-037C","EARTH","TEME","UTC","SGP4","2014-03-16T12:24:44.270784","14.95442368","0.00323440","97.6843","93.8726","322.7172","37.1799","0","U","39210","999","3572","0.00016191000000","0.00001749","0.0000000000000","6959.141","96.292","603.515","558.497","PAYLOAD","LARGE","PRC","2013-07-19","TSC","","1649808","95428234","0 PAYLOAD C","1 39210U 13037C   14075.51717906  .00001749  00000-0  16191-3 0  9994","2 39210 097.6843 093.8726 0032344 322.7172 037.1799 14.95442368 35728"
"2.0","GENERATED VIA SPACE-TRACK.ORG API","2014-03-16T14:18:00","18 SPCS","PAYLOAD A","2013-037A","EARTH","TEME","UTC","SGP4","2014-03-16T12:57:50.138496","14.68043828","0.00082540","98.0459","94.3280","339.7959","20.2892","0","U","39208","999","3515","0.00008642900000","0.00000448","0.0000000000000","7045.461","98.089","673.141","661.511","PAYLOAD","LARGE","PRC","2013-07-19","TSC","","1649678","95425590","0 PAYLOAD A","1 39208U 13037A   14075.54016364  .00000448  00000-0  86429-4 0  9991","2 39208 098.0459 094.3280 0008254 339.7959 020.2892 14.68043828 35150"
"2.0","GENERATED VIA SPACE-TRACK.ORG API","2014-03-16T23:08:14","18 SPCS","PAYLOAD B","2013-037B","EARTH","TEME","UTC","SGP4","2014-03-16T19:08:45.752063","14.67432278","0.00038770","98.0449","94.2997","340.1777","19.9255","0","U","39209","999","3516","0.00012715000000","0.00000672","0.0000000000000","7047.418","98.130","672.015","666.551","PAYLOAD","LARGE","PRC","2013-07-19","TSC","","1650004","95430689","0 PAYLOAD B","1 39209U 13037B   14075.79775176  .00000672  00000-0  12715-3 0  9997","2 39209 098.0449 094.2997 0003877 340.1777 019.9255 14.67432278 35163"
"2.0","GENERATED VIA SPACE-TRACK.ORG API","2014-03-16T23:08:53","18 SPCS","PAYLOAD C","2013-037C","EARTH","TEME","UTC","SGP4","2014-03-16T20:26:29.917824","14.95443267","0.00322440","97.6842","94.2006","321.5978","38.2940","0","U","39210","999","3577","0.00015928000000","0.00001720","0.0000000000000","6959.138","96.292","603.442","558.564","PAYLOAD","LARGE","PRC","2013-07-19","TSC","","1650006","95430718","0 PAYLOAD C","1 39210U 13037C   14075.85173516  .00001720  00000-0  15928-3 0  9990","2 39210 097.6842 094.2006 0032244 321.5978 038.2940 14.95443267 35777"
"2.0","GENERATED VIA SPACE-TRACK.ORG API","2014-03-16T22:20:56","18 SPCS","PAYLOAD A","2013-037A","EARTH","TEME","UTC","SGP4","2014-03-16T21:08:34.794527","14.68042827","0.00082420","98.0458","94.6628","338.6430","21.4422","0","U","39208","999","3520","0.00003749400000","0.00000167","0.0000000000000","7045.464","98.089","673.136","661.522","PAYLOAD","LARGE","PRC","2013-07-19","TSC","","1649929","95429003","0 PAYLOAD A","1 39208U 13037A   14075.88095827  .00000167  00000-0  37494-4 0  9995","2 39208 098.0458 094.6628 0008242 338.6430 021.4422 14.68042827 35203"
"2.0","GENERATED VIA SPACE-TRACK.ORG API","2014-03-17T07:20:12","18 SPCS","PAYLOAD B","2013-037B","EARTH","TEME","UTC","SGP4","2014-03-17T03:19:42.600000","14.67432927","0.00038130","98.0446","94.6345","338.6478","21.4583","0","U","39209","999","3521","0.00012787000000","0.00000676","0.0000000000000","7047.416","98.130","671.968","666.594","PAYLOAD","LARGE","PRC","2013-07-19","TSC","","1650219","95433465","0 PAYLOAD B","1 39209U 13037B   14076.13868750  .00000676  00000-0  12787-3 0  9990","2 39209 098.0446 094.6345 0003813 338.6478 021.4583 14.67432927 35210"
"2.0","GENERATED VIA SPACE-TRACK.ORG API","2014-03-17T07:21:22","18 SPCS","PAYLOAD C","2013-037C","EARTH","TEME","UTC","SGP4","2014-03-17T04:28:15.503519","14.95444598","0.00322530","97.6840","94.5288","320.4485","39.4382","0","U","39210","999","3582","0.00015943000000","0.00001722","0.0000000000000","6959.134","96.292","603.444","558.554","PAYLOAD","LARGE","PRC","2013-07-19","TSC","","1650221","95433505","0 PAYLOAD C","1 39210U 13037C   14076.18629055  .00001722  00000-0  15943-3 0  9990","2 39210 097.6840 094.5288 0032253 320.4485 039.4382 14.95444598 35828"
"2.0","GENERATED VIA SPACE-TRACK.ORG API","2014-03-17T06:16:40","18 SPCS","PAYLOAD A","2013-037A","EARTH","TEME","UTC","SGP4","2014-03-17T05:19:19.350336","14.68044327","0.00082970","98.0459","94.9981","337.2780","22.8094","0","U","39208","999","3525","0.00008246000000","0.00000425","0.0000000000000","7045.459","98.089","673.170","661.479","PAYLOAD","LARGE","PRC","2013-07-19","TSC","","1650118","95431175","0 PAYLOAD A","1 39208U 13037A   14076.22175174  .00000425  00000-0  82460-4 0  9998","2 39208 098.0459 094.9981 0008297 337.2780 022.8094 14.68044327 35254"
"2.0","GENERATED VIA SPACE-TRACK.ORG API","2014-03-17T15:36:10","18 SPCS","PAYLOAD B","2013-037B","EARTH","TEME","UTC","SGP4","2014-03-17T11:30:39.393504","14.67433600","0.00038270","98.0447","94.9693","337.6023","22.5023","0","U","39209","999","3526","0.00013305000000","0.00000705","0.0000000000000","7047.414","98.130","671.976","666.582","PAYLOAD","LARGE","PRC","2013-07-19","TSC","","1650427","95436759","0 PAYLOAD B","1 39209U 13037B   14076.47962261  .00000705  00000-0  13305-3 0  9999","2 39209 098.0447 094.9693 0003827 337.6023 022.5023 14.67433600 35265"
"2.0","GENERATED VIA SPACE-TRACK.ORG API","2014-03-17T15:37:28","18 SPCS","PAYLOAD C","2013-037C","EARTH","TEME","UTC","SGP4","2014-03-17T12:30:01.070207","14.95445958","0.00321810","97.6841","94.8570","319.3064","40.5759","0","U","39210","999","3587","0.00016120000000","0.00001742","0.0000000000000","6959.130","96.292","603.390","558.600","PAYLOAD","LARGE","PRC","2013-07-19","TSC","","1650432","95436879","0 PAYLOAD C","1 39210U 13037C   14076.52084572  .00001742  00000-0  16120-3 0  9997","2 39210 097.6841 094.8570 0032181 319.3064 040.5759 14.95445958 35873"
"2.0","GENERATED VIA SPACE-TRACK.ORG API","2014-03-17T14:28:46","18 SPCS","PAYLOAD A","2013-037A","EARTH","TEME","UTC","SGP4","2014-03-17T13:30:03.809376","14.68045089","0.00083100","98.0461","95.3334","336.4137","23.6681","0","U","39208","999","3530","0.00009957900000","0.00000523","0.0000000000000","7045.457","98.089","673.177","661.467","PAYLOAD","LARGE","PRC","2013-07-19","TSC","","1650323","95434397","0 PAYLOAD A","1 39208U 13037A   14076.56254409  .00000523  00000-0  99579-4 0  9992","2 39208 098.0461 095.3334 0008310 336.4137 023.6681 14.68045089 35300"
"2.0","GENERATED VIA SPACE-TRACK.ORG API","2014-03-17T23:21:04","18 SPCS","PAYLOAD B","2013-037B","EARTH","TEME","UTC","SGP4","2014-03-17T19:41:36.212928","14.67433687","0.00038160","98.0446","95.3040","336.3293","23.7722","0","U","39209","999","3531","0.00012645000000","0.00000668","0.0000000000000","7047.414","98.130","671.968","666.589","PAYLOAD","LARGE","PRC","2013-07-19","TSC","","1650634","95439645","0 PAYLOAD B","1 39209U 13037B   14076.82055802  .00000668  00000-0  12645-3 0  9996","2 39209 098.0446 095.3040 0003816 336.3293 023.7722 14.67433687 35318"
"2.0","GENERATED VIA SPACE-TRACK.ORG API","2014-03-17T23:22:42","18 SPCS","PAYLOAD C","2013-037C","EARTH","TEME","UTC","SGP4","2014-03-17T20:31:46.655039","14.95446945","0.00320230","97.6841","95.1851","318.1200","41.7585","0","U","39210","999","3592","0.00015963000000","0.00001724","0.0000000000000","6959.127","96.292","603.277","558.707","PAYLOAD","LARGE","PRC","2013-07-19","TSC","","1650635","95439666","0 PAYLOAD C","1 39210U 13037C   14076.85540110  .00001724  00000-0  15963-3 0  9992","2 39210 097.6841 095.1851 0032023 318.1200 041.7585 14.95446945 35926"
"2.0","GENERATED VIA SPACE-TRACK.ORG API","2014-03-17T22:16:02","18 SPCS","PAYLOAD A","2013-037A","EARTH","TEME","UTC","SGP4","2014-03-17T21:40:48.347903","14.68044757","0.00081900","98.0457","95.6686","334.7830","25.2970","0","U","39208","999","3535","0.00007271900000","0.00000369","0.0000000000000","7045.458","98.089","673.093","661.553","PAYLOAD","LARGE","PRC","2013-07-19","TSC","","1650533","95437345","0 PAYLOAD A","1 39208U 13037A   14076.90333736  .00000369  00000-0  72719-4 0  9996","2 39208 098.0457 095.6686 0008190 334.7830 025.2970 14.68044757 35350"
"2.0","GENERATED VIA SPACE-TRACK.ORG API","2014-03-18T07:24:27","18 SPCS","PAYLOAD B","2013-037B","EARTH","TEME","UTC","SGP4","2014-03-18T02:14:21.659136","14.67434221","0.00037880","98.0443","95.5727","335.5085","24.5946","0","U","39209","999","3535","0.00012744000000","0.00000673","0.0000000000000","7047.412","98.130","671.947","666.607","PAYLOAD","LARGE","PRC","2013-07-19","TSC","","1650861","95442598","0 PAYLOAD B","1 39209U 13037B   14077.09330624  .00000673  00000-0  12744-3 0  9990","2 39209 098.0443 095.5727 0003788 335.5085 024.5946 14.67434221 35353"
"2.0","GENERATED VIA SPACE-TRACK.ORG API","2014-03-18T06:22:54","18 SPCS","PAYLOAD A","2013-037A","EARTH","TEME","UTC","SGP4","2014-03-18T04:13:23.985119","14.68044946","0.00081930","98.0457","95.9366","333.9710","26.1081","0","U","39208","999","3539","0.00007146500000","0.00000362","0.0000000000000","7045.457","98.089","673.095","661.550","PAYLOAD","LARGE","PRC","2013-07-19","TSC","","1650765","95440384","0 PAYLOAD A","1 39208U 13037A   14077.17597205  .00000362  00000-0  71465-4 0  9999","2 39208 098.0457 095.9366 0008193 333.9710 026.1081 14.68044946 35396"
"2.0","GENERATED VIA SPACE-TRACK.ORG API","2014-03-18T07:25:49","18 SPCS","PAYLOAD C","2013-037C","EARTH","TEME","UTC","SGP4","2014-03-18T04:33:32.154336","14.95448228","0.00320370","97.6841","95.5130","317.0192","42.8525","0","U","39210","999","3597","0.00015972000000","0.00001725","0.0000000000000","6959.123","96.292","603.283","558.693","PAYLOAD","LARGE","PRC","2013-07-19","TSC","","1650862","95442617","0 PAYLOAD C","1 39210U 13037C   14077.18995549  .00001725  00000-0  15972-3 0  9990","2 39210 097.6841 095.5130 0032037 317.0192 042.8525 14.95448228 35970"
"2.0","GENERATED VIA SPACE-TRACK.ORG API","2014-03-18T15:19:34","18 SPCS","PAYLOAD B","2013-037B","EARTH","TEME","UTC","SGP4","2014-03-18T10:25:18.436223","14.67434626","0.00037590","98.0444","95.9076","334.2048","25.8970","0","U","39209","999","3540","0.00012439000000","0.00000656","0.0000000000000","7047.411","98.130","671.925","666.627","PAYLOAD","LARGE","PRC","2013-07-19","TSC","","1651015","95445200","0 PAYLOAD B","1 39209U 13037B   14077.43424116  .00000656  00000-0  12439-3 0  9990","2 39209 098.0444 095.9076 0003759 334.2048 025.8970 14.67434626 35404"
"2.0","GENERATED VIA SPACE-TRACK.ORG API","2014-03-18T14:22:37","18 SPCS","PAYLOAD A","2013-037A","EARTH","TEME","UTC","SGP4","2014-03-18T12:24:08.519327","14.68044988","0.00081640","98.0454","96.2715","332.8729","27.2037","0","U","39208","999","3544","0.00006453900000","0.00000322","0.0000000000000","7045.457","98.089","673.074","661.570","PAYLOAD","LARGE","PRC","2013-07-19","TSC","","1650925","95443222","0 PAYLOAD A","1 39208U 13037A   14077.51676527  .00000322  00000-0  64539-4 0  9992","2 39208 098.0454 096.2715 0008164 332.8729 027.2037 14.68044988 35446"
"2.0","GENERATED VIA SPACE-TRACK.ORG API","2014-03-18T15:20:27","18 SPCS","PAYLOAD C","2013-037C","EARTH","TEME","UTC","SGP4","2014-03-18T12:35:17.675231","14.95449429","0.00320180","97.6840","95.8409","315.8783","43.9894","0","U","39210","999","3602","0.00015864000000","0.00001713","0.0000000000000","6959.119","96.292","603.266","558.702","PAYLOAD","LARGE","PRC","2013-07-19","TSC","","1651016","95445240","0 PAYLOAD C","1 39210U 13037C   14077.52451013  .00001713  00000-0  15864-3 0  9998","2 39210 097.6840 095.8409 0032018 315.8783 043.9894 14.95449429 36024"
"2.0","GENERATED VIA SPACE-TRACK.ORG API","2014-03-18T23:38:21","18 SPCS","PAYLOAD B","2013-037B","EARTH","TEME","UTC","SGP4","2014-03-18T18:36:15.253056","14.67434403","0.00036960","98.0445","96.2426","332.6864","27.4131","0","U","39209","999","3545","0.00010923000000","0.00000570","0.0000000000000","7047.411","98.130","671.881","666.672","PAYLOAD","LARGE","PRC","2013-07-19","TSC","","1651231","95448514","0 PAYLOAD B","1 39209U 13037B   14077.77517654  .00000570  00000-0  10923-3 0  9998","2 39209 098.0445 096.2426 0003696 332.6864 027.4131 14.67434403 35451"
"2.0","GENERATED VIA SPACE-TRACK.ORG API","2014-03-18T22:29:50","18 SPCS","PAYLOAD A","2013-037A","EARTH","TEME","UTC","SGP4","2014-03-18T20:34:53.033664","14.68045401","0.00076760","98.0449","96.6063","331.2727","28.8069","0","U","39208","999","3549","0.00006934600000","0.00000350","0.0000000000000","7045.456","98.089","672.729","661.913","PAYLOAD","LARGE","PRC","2013-07-19","TSC","","1651128","95446219","0 PAYLOAD A","1 39208U 13037A   14077.85755826  .00000350  00000-0  69346-4 0  9991","2 39208 098.0449 096.6063 0007676 331.2727 028.8069 14.68045401 35496"
"2.0","GENERATED VIA SPACE-TRACK.ORG API","2014-03-18T23:39:13","18 SPCS","PAYLOAD C","2013-037C","EARTH","TEME","UTC","SGP4","2014-03-18T20:37:03.216000","14.95450131","0.00319350","97.6838","96.1688","314.8026","45.0593","0","U","39210","999","3607","0.00015593000000","0.00001683","0.0000000000000","6959.117","96.292","603.206","558.758","PAYLOAD","LARGE","PRC","2013-07-19","TSC","","1651232","95448559","0 PAYLOAD C","1 39210U 13037C   14077.85906500  .00001683  00000-0  15593-3 0  9995","2 39210 097.6838 096.1688 0031935 314.8026 045.0593 14.95450131 36076"
"2.0","GENERATED VIA SPACE-TRACK.ORG API","2014-03-19T07:37:03","18 SPCS","PAYLOAD B","2013-037B","EARTH","TEME","UTC","SGP4","2014-03-19T02:47:12.061248","14.67434668","0.00036720","98.0442","96.5773","331.0979","29.0024","0","U","39209","999","3550","0.00010236000000","0.00000531","0.0000000000000","7047.411","98.130","671.863","666.688","PAYLOAD","LARGE","PRC","2013-07-19","TSC","","1651401","95451274","0 PAYLOAD B","1 39209U 13037B   14078.11611182  .00000531  00000-0  10236-3 0  9992","2 39209 098.0442 096.5773 0003672 331.0979 029.0024 14.67434668 35508"
"2.0","GENERATED VIA SPACE-TRACK.ORG API","2014-03-19T07:36:49","18 SPCS","PAYLOAD C","2013-037C","EARTH","TEME","UTC","SGP4","2014-03-19T04:38:48.689375","14.95451713","0.00319400","97.6838","96.4968","313.6958","46.1627","0","U","39210","999","3612","0.00016146000000","0.00001744","0.0000000000000","6959.112","96.291","603.204","558.750","PAYLOAD","LARGE","PRC","2013-07-19","TSC","","1651400","95451257","0 PAYLOAD C","1 39210U 13037C   14078.19361909  .00001744  00000-0  16146-3 0  9994","2 39210 097.6838 096.4968 0031940 313.6958 046.1627 14.95451713 36120"
"2.0","GENERATED VIA SPACE-TRACK.ORG API","2014-03-19T06:30:55","18 SPCS","PAYLOAD A","2013-037A","EARTH","TEME","UTC","SGP4","2014-03-19T04:45:37.526400","14.68045771","0.00076770","98.0447","96.9413","330.1025","29.9744","0","U","39208","999","3554","0.00007031000000","0.00000355","0.0000000000000","7045.455","98.089","672.728","661.911","PAYLOAD","LARGE","PRC","2013-07-19","TSC","","1651322","95449395","0 PAYLOAD A","1 39208U 13037A   14078.19835100  .00000355  00000-0  70310-4 0  9991","2 39208 098.0447 096.9413 0007677 330.1025 029.9744 14.68045771 35544"
"2.0","GENERATED VIA SPACE-TRACK.ORG API","2014-03-19T15:52:57","18 SPCS","PAYLOAD B","2013-037B","EARTH","TEME","UTC","SGP4","2014-03-19T10:58:08.829696","14.67435560","0.00037150","98.0443","96.9121","330.2776","29.8229","0","U","39209","999","3555","0.00011625000000","0.00000610","0.0000000000000","7047.408","98.130","671.891","666.655","PAYLOAD","LARGE","PRC","2013-07-19","TSC","","1651563","95454253","0 PAYLOAD B","1 39209U 13037B   14078.45704664  .00000610  00000-0  11625-3 0  9998","2 39209 098.0443 096.9121 0003715 330.2776 029.8229 14.67435560 35556"
"2.0","GENERATED VIA SPACE-TRACK.ORG API","2014-03-19T15:53:55","18 SPCS","PAYLOAD C","2013-037C","EARTH","TEME","UTC","SGP4","2014-03-19T11:04:13.021248","14.95453103","0.00318900","97.6841","96.7592","312.8587","46.9969","0","U","39210","999","3616","0.00016591000000","0.00001794","0.0000000000000","6959.108","96.291","603.165","558.780","PAYLOAD","LARGE","PRC","2013-07-19","TSC","","1651566","95454300","0 PAYLOAD C","1 39210U 13037C   14078.46126182  .00001794  00000-0  16591-3 0  9995","2 39210 097.6841 096.7592 0031890 312.8587 046.9969 14.95453103 36169"
"2.0","GENERATED VIA SPACE-TRACK.ORG API","2014-03-19T14:48:52","18 SPCS","PAYLOAD A","2013-037A","EARTH","TEME","UTC","SGP4","2014-03-19T12:56:22.024320","14.68046405","0.00077050","98.0445","97.2760","328.9746","31.1013","0","U","39208","999","3559","0.00007823700000","0.00000401","0.0000000000000","7045.453","98.089","672.746","661.889","PAYLOAD","LARGE","PRC","2013-07-19","TSC","","1651462","95452079","0 PAYLOAD A","1 39208U 13037A   14078.53914380  .00000401  00000-0  78237-4 0  9995","2 39208 098.0445 097.2760 0007705 328.9746 031.1013 14.68046405 35592"
"2.0","GENERATED VIA SPACE-TRACK.ORG API","2014-03-19T22:23:56","18 SPCS","PAYLOAD A","2013-037A","EARTH","TEME","UTC","SGP4","2014-03-19T17:50:48.734303","14.68046152","0.00077460","98.0442","97.4767","328.2065","31.8670","0","U","39208","999","3562","0.00006284500000","0.00000312","0.0000000000000","7045.453","98.089","672.776","661.861","PAYLOAD","LARGE","PRC","2013-07-19","TSC","","1651639","95454982","0 PAYLOAD A","1 39208U 13037A   14078.74361961  .00000312  00000-0  62845-4 0  9998","2 39208 098.0442 097.4767 0007746 328.2065 031.8670 14.68046152 35629"
"2.0","GENERATED VIA SPACE-TRACK.ORG API","2014-03-19T23:22:09","18 SPCS","PAYLOAD C","2013-037C","EARTH","TEME","UTC","SGP4","2014-03-19T19:05:58.490304","14.95453632","0.00318290","97.6841","97.0872","311.6951","48.1550","0","U","39210","999","3621","0.00015734000000","0.00001698","0.0000000000000","6959.106","96.291","603.121","558.821","PAYLOAD","LARGE","PRC","2013-07-19","TSC","","1651731","95457077","0 PAYLOAD C","1 39210U 13037C   14078.79581586  .00001698  00000-0  15734-3 0  9995","2 39210 097.6841 097.0872 0031829 311.6951 048.1550 14.95453632 36211"
"2.0","GENERATED VIA SPACE-TRACK.ORG API","2014-03-19T23:20:42","18 SPCS","PAYLOAD B","2013-037B","EARTH","TEME","UTC","SGP4","2014-03-19T19:09:05.581727","14.67435476","0.00036800","98.0443","97.2469","329.6801","30.4167","0","U","39209","999","3560","0.00010227000000","0.00000531","0.0000000000000","7047.408","98.130","671.866","666.680","PAYLOAD","LARGE","PRC","2013-07-19","TSC","","1651726","95456989","0 PAYLOAD B","1 39209U 13037B   14078.79798127  .00000531  00000-0  10227-3 0  9991","2 39209 098.0443 097.2469 0003680 329.6801 030.4167 14.67435476 35608"
"2.0","GENERATED VIA SPACE-TRACK.ORG API","2014-03-20T06:30:02","18 SPCS","PAYLOAD B","2013-037B","EARTH","TEME","UTC","SGP4","2014-03-20T03:20:02.374368","14.67435967","0.00036870","98.0442","97.5815","328.4867","31.6119","0","U","39209","999","3565","0.00010267000000","0.00000533","0.0000000000000","7047.406","98.130","671.870","666.673","PAYLOAD","LARGE","PRC","2013-07-19","TSC","","1651821","95457921","0 PAYLOAD B","1 39209U 13037B   14079.13891637  .00000533  00000-0  10267-3 0  9996","2 39209 098.0442 097.5815 0003687 328.4867 031.6119 14.67435967 35651"
"2.0","GENERATED VIA SPACE-TRACK.ORG API","2014-03-20T06:14:38","18 SPCS","PAYLOAD A","2013-037A","EARTH","TEME","UTC","SGP4","2014-03-20T03:39:42.150816","14.68046425","0.00077430","98.0442","97.8786","326.8936","33.1783","0","U","39208","999","3568","0.00006211500000","0.00000308","0.0000000000000","7045.453","98.089","672.773","661.862","PAYLOAD","LARGE","PRC","2013-07-19","TSC","","1651800","95457400","0 PAYLOAD A","1 39208U 13037A   14079.15257119  .00000308  00000-0  62115-4 0  9998","2 39208 098.0442 097.8786 0007743 326.8936 033.1783 14.68046425 35681"
"2.0","GENERATED VIA SPACE-TRACK.ORG API","2014-03-20T11:18:57","18 SPCS","PAYLOAD A","2013-037A","EARTH","TEME","UTC","SGP4","2014-03-20T05:17:51.052991","14.68046456","0.00077430","98.0442","97.9456","326.6700","33.4017","0","U","39208","999","3569","0.00006150300000","0.00000305","0.0000000000000","7045.452","98.089","672.773","661.862","PAYLOAD","LARGE","PRC","2013-07-19","TSC","","1651870","95458032","0 PAYLOAD A","1 39208U 13037A   14079.22072978  .00000305  00000-0  61503-4 0  9991","2 39208 098.0442 097.9456 0007743 326.6700 033.4017 14.68046456 35691"
"2.0","GENERATED VIA SPACE-TRACK.ORG API","2014-03-20T11:30:38","18 SPCS","PAYLOAD B","2013-037B","EARTH","TEME","UTC","SGP4","2014-03-20T06:36:25.073280","14.67436370","0.00037060","98.0442","97.7155","327.5870","32.5120","0","U","39209","999","3567","0.00010974000000","0.00000573","0.0000000000000","7047.405","98.130","671.882","666.658","PAYLOAD","LARGE","PRC","2013-07-19","TSC","","1651896","95458471","0 PAYLOAD B","1 39209U 13037B   14079.27529020  .00000573  00000-0  10974-3 0  9994","2 39209 098.0442 097.7155 0003706 327.5870 032.5120 14.67436370 35679"
"2.0","GENERATED VIA SPACE-TRACK.ORG API","2014-03-20T11:30:38","18 SPCS","PAYLOAD C","2013-037C","EARTH","TEME","UTC","SGP4","2014-03-20T07:56:47.062463","14.95456377","0.00318230","97.6841","97.6121","309.8627","49.9804","0","U","39210","999","3629","0.00016656000000","0.00001801","0.0000000000000","6959.098","96.291","603.108","558.817","PAYLOAD","LARGE","PRC","2013-07-19","TSC","","1651896","95458479","0 PAYLOAD C","1 39210U 13037C   14079.33110026  .00001801  00000-0  16656-3 0  9993","2 39210 097.6841 097.6121 0031823 309.8627 049.9804 14.95456377 36295"
"2.0","GENERATED VIA SPACE-TRACK.ORG API","2014-03-20T23:34:14","18 SPCS","PAYLOAD C","2013-037C","EARTH","TEME","UTC","SGP4","2014-03-20T20:47:36.367295","14.95458265","0.00318140","97.6858","98.1392","308.1473","51.7374","0","U","39210","999","3169","0.00016241000000","0.00001813","0.0000000000000","6959.092","96.291","603.096","558.817","PAYLOAD","LARGE","PRC","2013-07-19","TSC","","1652114","95460429","0 PAYLOAD C","1 39210U 13037C   14079.86639314  .00001813  00000-0  16241-3 0  9990","2 39210 097.6858 098.1392 0031814 308.1473 051.7374 14.95458265 31690"
"2.0","GENERATED VIA SPACE-TRACK.ORG API","2014-03-20T22:42:04","18 SPCS","PAYLOAD B","2013-037B","EARTH","TEME","UTC","SGP4","2014-03-20T21:20:07.930752","14.67437007","0.00037330","98.0468","98.3193","322.3066","37.8364","0","U","39209","999","3577","0.00012696000000","0.00000718","0.0000000000000","7047.403","98.130","671.899","666.637","PAYLOAD","LARGE","PRC","2013-07-19","TSC","","1652099","95460329","0 PAYLOAD B","1 39209U 13037B   14079.88898068  .00000718  00000-0  12696-3 0  9996","2 39209 098.0468 098.3193 0003733 322.3066 037.8364 14.67437007 35773"
"2.0","GENERATED VIA SPACE-TRACK.ORG API","2014-03-20T22:42:04","18 SPCS","PAYLOAD A","2013-037A","EARTH","TEME","UTC","SGP4","2014-03-20T21:39:20.704608","14.68048635","0.00079810","98.0475","98.6182","326.1740","33.9442","0","U","39208","999","3579","0.00009613000000","0.00000551","0.0000000000000","7045.445","98.089","672.933","661.688","PAYLOAD","LARGE","PRC","2013-07-19","TSC","","1652099","95460328","0 PAYLOAD A","1 39208U 13037A   14079.90232297  .00000551  00000-0  96130-4 0  9995","2 39208 098.0475 098.6182 0007981 326.1740 033.9442 14.68048635 35793"
"2.0","GENERATED VIA SPACE-TRACK.ORG API","2014-03-21T13:02:05","18 SPCS","PAYLOAD A","2013-037A","EARTH","TEME","UTC","SGP4","2014-03-21T07:28:13.133568","14.68050289","0.00077150","98.0442","99.0174","322.5591","37.5079","0","U","39208","999","3585","0.00013376000000","0.00000719","0.0000000000000","7045.440","98.089","672.741","661.870","PAYLOAD","LARGE","PRC","2013-07-19","TSC","","1652424","95464440","0 PAYLOAD A","1 39208U 13037A   14080.31126312  .00000719  00000-0  13376-3 0  9998","2 39208 098.0442 099.0174 0007715 322.5591 037.5079 14.68050289 35853"
"2.0","GENERATED VIA SPACE-TRACK.ORG API","2014-03-21T16:11:47","18 SPCS","PAYLOAD C","2013-037C","EARTH","TEME","UTC","SGP4","2014-03-21T08:02:02.856191","14.95463277","0.00314050","97.6843","98.5969","306.1980","53.6364","0","U","39210","999","3644","0.00021220000000","0.00002311","0.0000000000000","6959.076","96.291","602.796","559.086","PAYLOAD","LARGE","PRC","2013-07-19","TSC","","1652714","95471438","0 PAYLOAD C","1 39210U 13037C   14080.33475528  .00002311  00000-0  21220-3 0  9996","2 39210 097.6843 098.5969 0031405 306.1980 053.6364 14.95463277 36442"
"2.0","GENERATED VIA SPACE-TRACK.ORG API","2014-03-21T16:07:00","18 SPCS","PAYLOAD B","2013-037B","EARTH","TEME","UTC","SGP4","2014-03-21T10:25:37.916832","14.67438387","0.00036150","98.0438","98.8540","323.9228","36.1736","0","U","39209","999","3584","0.00012451000000","0.00000657","0.0000000000000","7047.399","98.130","671.811","666.716","PAYLOAD","LARGE","PRC","2013-07-19","TSC","","1652708","95471279","0 PAYLOAD B","1 39209U 13037B   14080.43446663  .00000657  00000-0  12451-3 0  9990","2 39209 098.0438 098.8540 0003615 323.9228 036.1736 14.67438387 35842"
"2.0","GENERATED VIA SPACE-TRACK.ORG API","2014-03-21T17:06:42","18 SPCS","PAYLOAD C","2013-037C","EARTH","TEME","UTC","SGP4","2014-03-21T11:14:44.911104","14.95464362","0.00314080","97.6843","98.7279","305.8338","53.9979","0","U","39210","999","3646","0.00021895000000","0.00002387","0.0000000000000","6959.073","96.291","602.795","559.081","PAYLOAD","LARGE","PRC","2013-07-19","TSC","","1652795","95473309","0 PAYLOAD C","1 39210U 13037C   14080.46857536  .00002387  00000-0  21895-3 0  9994","2 39210 097.6843 098.7279 0031408 305.8338 053.9979 14.95464362 36467"
"2.0","GENERATED VIA SPACE-TRACK.ORG API","2014-03-21T16:35:30","18 SPCS","PAYLOAD A","2013-037A","EARTH","TEME","UTC","SGP4","2014-03-21T12:22:39.786527","14.68050188","0.00077070","98.0443","99.2186","321.8726","38.1914","0","U","39208","999","3588","0.00012260000000","0.00000655","0.0000000000000","7045.441","98.089","672.735","661.876","PAYLOAD","LARGE","PRC","2013-07-19","TSC","","1652745","95472196","0 PAYLOAD A","1 39208U 13037A   14080.51573827  .00000655  00000-0  12260-3 0  9997","2 39208 098.0443 099.2186 0007707 321.8726 038.1914 14.68050188 35888"
"2.0","GENERATED VIA SPACE-TRACK.ORG API","2014-03-21T22:56:12","18 SPCS","PAYLOAD B","2013-037B","EARTH","TEME","UTC","SGP4","2014-03-21T18:36:34.668000","14.67438215","0.00035840","98.0437","99.1887","322.1884","37.9071","0","U","39209","999","3589","0.00010783000000","0.00000562","0.0000000000000","7047.399","98.130","671.790","666.738","PAYLOAD","LARGE","PRC","2013-07-19","TSC","","1652950","95475158","0 PAYLOAD B","1 39209U 13037B   14080.77540125  .00000562  00000-0  10783-3 0  9996","2 39209 098.0437 099.1887 0003584 322.1884 037.9071 14.67438215 35899"
"2.0","GENERATED VIA SPACE-TRACK.ORG API","2014-03-21T22:57:13","18 SPCS","PAYLOAD C","2013-037C","EARTH","TEME","UTC","SGP4","2014-03-21T19:16:30.150335","14.95466360","0.00314110","97.6844","99.0561","304.7667","55.0617","0","U","39210","999","3651","0.00023088000000","0.00002520","0.0000000000000","6959.067","96.291","602.791","559.072","PAYLOAD","LARGE","PRC","2013-07-19","TSC","","1652951","95475187","0 PAYLOAD C","1 39210U 13037C   14080.80312674  .00002520  00000-0  23088-3 0  9996","2 39210 097.6844 099.0561 0031411 304.7667 055.0617 14.95466360 36511"
"2.0","GENERATED VIA SPACE-TRACK.ORG API","2014-03-21T22:19:37","18 SPCS","PAYLOAD A","2013-037A","EARTH","TEME","UTC","SGP4","2014-03-21T20:33:24.251615","14.68050619","0.00077020","98.0444","99.5538","320.8052","39.2594","0","U","39208","999","3593","0.00012163000000","0.00000650","0.0000000000000","7045.439","98.089","672.731","661.878","PAYLOAD","LARGE","PRC","2013-07-19","TSC","","1652890","95473836","0 PAYLOAD A","1 39208U 13037A   14080.85653069  .00000650  00000-0  12163-3 0  9998","2 39208 098.0444 099.5538 0007702 320.8052 039.2594 14.68050619 35930"
"2.0","GENERATED VIA SPACE-TRACK.ORG API","2014-03-22T07:00:52","18 SPCS","PAYLOAD B","2013-037B","EARTH","TEME","UTC","SGP4","2014-03-22T02:47:31.344864","14.67439331","0.00035930","98.0437","99.5234","321.2466","38.8488","0","U","39209","999","3594","0.00012887000000","0.00000681","0.0000000000000","7047.396","98.130","671.793","666.728","PAYLOAD","LARGE","PRC","2013-07-19","TSC","","1653125","95477139","0 PAYLOAD B","1 39209U 13037B   14081.11633501  .00000681  00000-0  12887-3 0  9995","2 39209 098.0437 099.5234 0003593 321.2466 038.8488 14.67439331 35943"
"2.0","GENERATED VIA SPACE-TRACK.ORG API","2014-03-22T07:01:09","18 SPCS","PAYLOAD C","2013-037C","EARTH","TEME","UTC","SGP4","2014-03-22T03:18:15.247871","14.95468801","0.00314230","97.6845","99.3841","303.6277","56.1948","0","U","39210","999","3656","0.00024218000000","0.00002647","0.0000000000000","6959.059","96.290","602.791","559.057","PAYLOAD","LARGE","PRC","2013-07-19","TSC","","1653126","95477168","0 PAYLOAD C","1 39210U 13037C   14081.13767648  .00002647  00000-0  24218-3 0  9994","2 39210 097.6845 099.3841 0031423 303.6277 056.1948 14.95468801 36560"
"2.0","GENERATED VIA SPACE-TRACK.ORG API","2014-03-22T06:20:42","18 SPCS","PAYLOAD A","2013-037A","EARTH","TEME","UTC","SGP4","2014-03-22T04:44:08.652767","14.68051186","0.00076840","98.0442","99.8886","319.4574","40.6055","0","U","39208","999","3598","0.00012346000000","0.00000660","0.0000000000000","7045.437","98.089","672.716","661.889","PAYLOAD","LARGE","PRC","2013-07-19","TSC","","1653067","95475710","0 PAYLOAD A","1 39208U 13037A   14081.19732237  .00000660  00000-0  12346-3 0  9995","2 39208 098.0442 099.8886 0007684 319.4574 040.6055 14.68051186 35982"
"2.0","GENERATED VIA SPACE-TRACK.ORG API","2014-03-22T15:53:15","18 SPCS","PAYLOAD B","2013-037B","EARTH","TEME","UTC","SGP4","2014-03-22T10:58:28.012223","14.67439999","0.00035890","98.0437","99.8582","320.1470","39.9478","0","U","39209","999","3599","0.00013188000000","0.00000698","0.0000000000000","7047.393","98.130","671.788","666.729","PAYLOAD","LARGE","PRC","2013-07-19","TSC","","1653336","95481029","0 PAYLOAD B","1 39209U 13037B   14081.45726866  .00000698  00000-0  13188-3 0  9992","2 39209 098.0437 099.8582 0003589 320.1470 039.9478 14.67439999 35996"
"2.0","GENERATED VIA SPACE-TRACK.ORG API","2014-03-22T14:36:18","18 SPCS","PAYLOAD A","2013-037A","EARTH","TEME","UTC","SGP4","2014-03-22T11:16:44.181984","14.68051591","0.00076770","98.0447","100.1572","319.7422","40.3188","0","U","39208","999","3602","0.00012476000000","0.00000668","0.0000000000000","7045.436","98.089","672.710","661.892","PAYLOAD","LARGE","PRC","2013-07-19","TSC","","1653203","95478230","0 PAYLOAD A","1 39208U 13037A   14081.46995581  .00000668  00000-0  12476-3 0  9990","2 39208 098.0447 100.1572 0007677 319.7422 040.3188 14.68051591 36022"
"2.0","GENERATED VIA SPACE-TRACK.ORG API","2014-03-22T15:54:20","18 SPCS","PAYLOAD C","2013-037C","EARTH","TEME","UTC","SGP4","2014-03-22T11:20:00.360096","14.95470954","0.00314210","97.6846","99.7121","302.5439","57.2752","0","U","39210","999","3661","0.00024671000000","0.00002697","0.0000000000000","6959.052","96.290","602.783","559.051","PAYLOAD","LARGE","PRC","2013-07-19","TSC","","1653338","95481072","0 PAYLOAD C","1 39210U 13037C   14081.47222639  .00002697  00000-0  24671-3 0  9995","2 39210 097.6846 099.7121 0031421 302.5439 057.2752 14.95470954 36615"
"2.0","GENERATED VIA SPACE-TRACK.ORG API","2014-03-22T23:02:29","18 SPCS","PAYLOAD B","2013-037B","EARTH","TEME","UTC","SGP4","2014-03-22T19:09:24.701183","14.67440118","0.00035840","98.0436","100.1928","318.7594","41.3333","0","U","39209","999","3604","0.00012292000000","0.00000648","0.0000000000000","7047.393","98.130","671.784","666.732","PAYLOAD","LARGE","PRC","2013-07-19","TSC","","1653484","95483139","0 PAYLOAD B","1 39209U 13037B   14081.79820256  .00000648  00000-0  12292-3 0  9997","2 39209 098.0436 100.1928 0003584 318.7594 041.3333 14.67440118 36049"
"2.0","GENERATED VIA SPACE-TRACK.ORG API","2014-03-22T23:03:29","18 SPCS","PAYLOAD C","2013-037C","EARTH","TEME","UTC","SGP4","2014-03-22T19:21:45.490464","14.95472349","0.00313950","97.6846","100.0401","301.3897","58.4260","0","U","39210","999","3666","0.00024112000000","0.00002635","0.0000000000000","6959.048","96.290","602.761","559.065","PAYLOAD","LARGE","PRC","2013-07-19","TSC","","1653485","95483163","0 PAYLOAD C","1 39210U 13037C   14081.80677651  .00002635  00000-0  24112-3 0  9992","2 39210 097.6846 100.0401 0031395 301.3897 058.4260 14.95472349 36669"
"2.0","GENERATED VIA SPACE-TRACK.ORG API","2014-03-22T22:21:29","18 SPCS","PAYLOAD A","2013-037A","EARTH","TEME","UTC","SGP4","2014-03-22T19:27:28.647935","14.68051378","0.00076510","98.0448","100.4921","318.6342","41.4267","0","U","39208","999","3607","0.00010337000000","0.00000545","0.0000000000000","7045.437","98.089","672.692","661.911","PAYLOAD","LARGE","PRC","2013-07-19","TSC","","1653417","95481704","0 PAYLOAD A","1 39208U 13037A   14081.81074824  .00000545  00000-0  10337-3 0  9995","2 39208 098.0448 100.4921 0007651 318.6342 041.4267 14.68051378 36073"
"2.0","GENERATED VIA SPACE-TRACK.ORG API","2014-03-23T07:13:34","18 SPCS","PAYLOAD B","2013-037B","EARTH","TEME","UTC","SGP4","2014-03-23T03:20:21.372864","14.67441220","0.00035480","98.0436","100.5278","317.3354","42.7606","0","U","39209","999","3609","0.00013766000000","0.00000731","0.0000000000000","7047.390","98.129","671.755","666.754","PAYLOAD","LARGE","PRC","2013-07-19","TSC","","1653627","95485018","0 PAYLOAD B","1 39209U 13037B   14082.13913626  .00000731  00000-0  13766-3 0  9990","2 39209 098.0436 100.5278 0003548 317.3354 042.7606 14.67441220 36098"
"2.0","GENERATED VIA SPACE-TRACK.ORG API","2014-03-23T07:13:51","18 SPCS","PAYLOAD C","2013-037C","EARTH","TEME","UTC","SGP4","2014-03-23T03:23:30.467903","14.95475422","0.00312900","97.6847","100.3684","300.1439","59.6691","0","U","39210","999","3671","0.00026276000000","0.00002877","0.0000000000000","6959.038","96.290","602.678","559.129","PAYLOAD","LARGE","PRC","2013-07-19","TSC","","1653628","95485043","0 PAYLOAD C","1 39210U 13037C   14082.14132486  .00002877  00000-0  26276-3 0  9993","2 39210 097.6847 100.3684 0031290 300.1439 059.6691 14.95475422 36711"
"2.0","GENERATED VIA SPACE-TRACK.ORG API","2014-03-23T06:19:39","18 SPCS","PAYLOAD A","2013-037A","EARTH","TEME","UTC","SGP4","2014-03-23T03:38:13.049951","14.68052162","0.00076390","98.0448","100.8273","317.2887","42.7731","0","U","39208","999","3612","0.00011240000000","0.00000597","0.0000000000000","7045.434","98.089","672.681","661.917","PAYLOAD","LARGE","PRC","2013-07-19","TSC","","1653568","95483593","0 PAYLOAD A","1 39208U 13037A   14082.15153993  .00000597  00000-0  11240-3 0  9999","2 39208 098.0448 100.8273 0007639 317.2887 042.7731 14.68052162 36120"
"2.0","GENERATED VIA SPACE-TRACK.ORG API","2014-03-23T15:38:54","18 SPCS","PAYLOAD C","2013-037C","EARTH","TEME","UTC","SGP4","2014-03-23T11:25:15.467807","14.95477166","0.00312870","97.6848","100.6966","299.0439","60.7644","0","U","39210","999","3676","0.00025856000000","0.00002830","0.0000000000000","6959.033","96.290","602.671","559.125","PAYLOAD","LARGE","PRC","2013-07-19","TSC","","1653804","95488411","0 PAYLOAD C","1 39210U 13037C   14082.47587347  .00002830  00000-0  25856-3 0  9991","2 39210 097.6848 100.6966 0031287 299.0439 060.7644 14.95477166 36763"
"2.0","GENERATED VIA SPACE-TRACK.ORG API","2014-03-23T15:36:50","18 SPCS","PAYLOAD B","2013-037B","EARTH","TEME","UTC","SGP4","2014-03-23T11:31:17.946047","14.67442397","0.00035490","98.0437","100.8628","316.7824","43.3114","0","U","39209","999","3614","0.00015401000000","0.00000824","0.0000000000000","7047.386","98.129","671.752","666.750","PAYLOAD","LARGE","PRC","2013-07-19","TSC","","1653801","95488354","0 PAYLOAD B","1 39209U 13037B   14082.48006882  .00000824  00000-0  15401-3 0  9996","2 39209 098.0437 100.8628 0003549 316.7824 043.3114 14.67442397 36140"
"2.0","GENERATED VIA SPACE-TRACK.ORG API","2014-03-23T14:25:48","18 SPCS","PAYLOAD A","2013-037A","EARTH","TEME","UTC","SGP4","2014-03-23T11:48:57.408768","14.68052759","0.00076370","98.0450","101.1626","316.4432","43.6160","0","U","39208","999","3617","0.00011590000000","0.00000617","0.0000000000000","7045.432","98.089","672.678","661.917","PAYLOAD","LARGE","PRC","2013-07-19","TSC","","1653687","95485747","0 PAYLOAD A","1 39208U 13037A   14082.49233112  .00000617  00000-0  11590-3 0  9999","2 39208 098.0450 101.1626 0007637 316.4432 043.6160 14.68052759 36177"
"2.0","GENERATED VIA SPACE-TRACK.ORG API","2014-03-23T23:58:51","18 SPCS","PAYLOAD C","2013-037C","EARTH","TEME","UTC","SGP4","2014-03-23T19:27:00.533376","14.95477787","0.00313190","97.6849","101.0249","297.8490","61.9550","0","U","39210","999","3681","0.00024011000000","0.00002624","0.0000000000000","6959.031","96.290","602.691","559.101","PAYLOAD","LARGE","PRC","2013-07-19","TSC","","1654085","95492929","0 PAYLOAD C","1 39210U 13037C   14082.81042284  .00002624  00000-0  24011-3 0  9998","2 39210 097.6849 101.0249 0031319 297.8490 061.9550 14.95477787 36816"
"2.0","GENERATED VIA SPACE-TRACK.ORG API","2014-03-23T23:57:23","18 SPCS","PAYLOAD B","2013-037B","EARTH","TEME","UTC","SGP4","2014-03-23T19:42:14.604768","14.67442447","0.00035370","98.0438","101.1979","315.3789","44.7133","0","U","39209","999","3619","0.00014140000000","0.00000752","0.0000000000000","7047.386","98.129","671.743","666.758","PAYLOAD","LARGE","PRC","2013-07-19","TSC","","1654082","95492858","0 PAYLOAD B","1 39209U 13037B   14082.82100237  .00000752  00000-0  14140-3 0  9992","2 39209 098.0438 101.1979 0003537 315.3789 044.7133 14.67442447 36193"
"2.0","GENERATED VIA SPACE-TRACK.ORG API","2014-03-23T22:34:52","18 SPCS","PAYLOAD A","2013-037A","EARTH","TEME","UTC","SGP4","2014-03-23T19:59:41.855712","14.68052332","0.00075880","98.0448","101.4973","315.0563","45.0027","0","U","39208","999","3622","0.00008850500000","0.00000460","0.0000000000000","7045.434","98.089","672.645","661.953","PAYLOAD","LARGE","PRC","2013-07-19","TSC","","1653931","95489844","0 PAYLOAD A","1 39208U 13037A   14082.83312333  .00000460  00000-0  88505-4 0  9997","2 39208 098.0448 101.4973 0007588 315.0563 045.0027 14.68052332 36228"
"2.0","GENERATED VIA SPACE-TRACK.ORG API","2014-03-24T07:27:34","18 SPCS","PAYLOAD B","2013-037B","EARTH","TEME","UTC","SGP4","2014-03-24T02:14:59.881631","14.67443173","0.00035210","98.0437","101.4656","313.8582","46.2345","0","U","39209","999","3623","0.00014650000000","0.00000781","0.0000000000000","7047.383","98.129","671.730","666.767","PAYLOAD","LARGE","PRC","2013-07-19","TSC","","1654290","95495504","0 PAYLOAD B","1 39209U 13037B   14083.09374863  .00000781  00000-0  14650-3 0  9998","2 39209 098.0437 101.4656 0003521 313.8582 046.2345 14.67443173 36238"
"2.0","GENERATED VIA SPACE-TRACK.ORG API","2014-03-24T07:27:34","18 SPCS","PAYLOAD C","2013-037C","EARTH","TEME","UTC","SGP4","2014-03-24T03:28:45.467615","14.95480316","0.00312780","97.6849","101.3533","296.6263","63.1763","0","U","39210","999","3686","0.00025195000000","0.00002756","0.0000000000000","6959.023","96.290","602.655","559.122","PAYLOAD","LARGE","PRC","2013-07-19","TSC","","1654290","95495528","0 PAYLOAD C","1 39210U 13037C   14083.14497069  .00002756  00000-0  25195-3 0  9990","2 39210 097.6849 101.3533 0031278 296.6263 063.1763 14.95480316 36861"
"2.0","GENERATED VIA SPACE-TRACK.ORG API","2014-03-24T06:21:38","18 SPCS","PAYLOAD A","2013-037A","EARTH","TEME","UTC","SGP4","2014-03-24T04:10:26.208479","14.68053140","0.00075670","98.0450","101.8325","313.5857","46.4732","0","U","39208","999","3627","0.00009844800000","0.00000517","0.0000000000000","7045.431","98.089","672.627","661.965","PAYLOAD","LARGE","PRC","2013-07-19","TSC","","1654214","95493671","0 PAYLOAD A","1 39208U 13037A   14083.17391445  .00000517  00000-0  98448-4 0  9996","2 39208 098.0450 101.8325 0007567 313.5857 046.4732 14.68053140 36273"
"2.0","GENERATED VIA SPACE-TRACK.ORG API","2014-03-24T15:13:01","18 SPCS","PAYLOAD B","2013-037B","EARTH","TEME","UTC","SGP4","2014-03-24T10:25:56.453088","14.67444312","0.00035520","98.0439","101.8006","313.7645","46.3272","0","U","39209","999","3628","0.00016225000000","0.00000870","0.0000000000000","7047.380","98.129","671.748","666.741","PAYLOAD","LARGE","PRC","2013-07-19","TSC","","1654421","95497773","0 PAYLOAD B","1 39209U 13037B   14083.43468117  .00000870  00000-0  16225-3 0  9991","2 39209 098.0439 101.8006 0003552 313.7645 046.3272 14.67444312 36287"
"2.0","GENERATED VIA SPACE-TRACK.ORG API","2014-03-24T15:13:17","18 SPCS","PAYLOAD C","2013-037C","EARTH","TEME","UTC","SGP4","2014-03-24T11:30:30.365567","14.95482032","0.00313140","97.6851","101.6815","295.5076","64.2894","0","U","39210","999","3691","0.00024974000000","0.00002732","0.0000000000000","6959.018","96.290","602.674","559.091","PAYLOAD","LARGE","PRC","2013-07-19","TSC","","1654422","95497810","0 PAYLOAD C","1 39210U 13037C   14083.47951812  .00002732  00000-0  24974-3 0  9995","2 39210 097.6851 101.6815 0031314 295.5076 064.2894 14.95482032 36911"
"2.0","GENERATED VIA SPACE-TRACK.ORG API","2014-03-24T14:22:46","18 SPCS","PAYLOAD A","2013-037A","EARTH","TEME","UTC","SGP4","2014-03-24T12:21:10.551744","14.68053964","0.00076540","98.0452","102.1678","312.7761","47.2802","0","U","39208","999","3632","0.00011395000000","0.00000606","0.0000000000000","7045.428","98.089","672.686","661.901","PAYLOAD","LARGE","PRC","2013-07-19","TSC","","1654337","95496063","0 PAYLOAD A","1 39208U 13037A   14083.51470546  .00000606  00000-0  11395-3 0  9998","2 39208 098.0452 102.1678 0007654 312.7761 047.2802 14.68053964 36329"
"2.0","GENERATED VIA SPACE-TRACK.ORG API","2014-03-24T23:14:51","18 SPCS","PAYLOAD B","2013-037B","EARTH","TEME","UTC","SGP4","2014-03-24T18:36:53.062559","14.67444278","0.00035230","98.0441","102.1354","312.9235","47.1651","0","U","39209","999","3633","0.00014702000000","0.00000784","0.0000000000000","7047.380","98.129","671.728","666.762","PAYLOAD","LARGE","PRC","2013-07-19","TSC","","1654629","95500289","0 PAYLOAD B","1 39209U 13037B   14083.77561415  .00000784  00000-0  14702-3 0  9995","2 39209 098.0441 102.1354 0003523 312.9235 047.1651 14.67444278 36331"
"2.0","GENERATED VIA SPACE-TRACK.ORG API","2014-03-24T23:15:08","18 SPCS","PAYLOAD C","2013-037C","EARTH","TEME","UTC","SGP4","2014-03-24T19:32:15.350784","14.95482293","0.00313050","97.6852","102.0098","294.2887","65.5051","0","U","39210","999","3696","0.00022425000000","0.00002447","0.0000000000000","6959.017","96.290","602.667","559.097","PAYLOAD","LARGE","PRC","2013-07-19","TSC","","1654630","95500313","0 PAYLOAD C","1 39210U 13037C   14083.81406656  .00002447  00000-0  22425-3 0  9996","2 39210 097.6852 102.0098 0031305 294.2887 065.5051 14.95482293 36969"
"2.0","GENERATED VIA SPACE-TRACK.ORG API","2014-03-24T22:24:56","18 SPCS","PAYLOAD A","2013-037A","EARTH","TEME","UTC","SGP4","2014-03-24T20:31:54.920928","14.68054201","0.00076000","98.0455","102.5031","311.5144","48.5397","0","U","39208","999","3637","0.00011304000000","0.00000600","0.0000000000000","7045.428","98.089","672.647","661.938","PAYLOAD","LARGE","PRC","2013-07-19","TSC","","1654545","95498512","0 PAYLOAD A","1 39208U 13037A   14083.85549677  .00000600  00000-0  11304-3 0  9991","2 39208 098.0455 102.5031 0007600 311.5144 048.5397 14.68054201 36375"
"2.0","GENERATED VIA SPACE-TRACK.ORG API","2014-03-25T07:23:08","18 SPCS","PAYLOAD B","2013-037B","EARTH","TEME","UTC","SGP4","2014-03-25T02:47:49.667712","14.67444930","0.00034900","98.0439","102.4701","311.0817","49.0090","0","U","39209","999","3638","0.00014672000000","0.00000782","0.0000000000000","7047.378","98.129","671.702","666.783","PAYLOAD","LARGE","PRC","2013-07-19","TSC","","1654817","95502666","0 PAYLOAD B","1 39209U 13037B   14084.11654708  .00000782  00000-0  14672-3 0  9996","2 39209 098.0439 102.4701 0003490 311.0817 049.0090 14.67444930 36384"
"2.0","GENERATED VIA SPACE-TRACK.ORG API","2014-03-25T07:25:18","18 SPCS","PAYLOAD C","2013-037C","EARTH","TEME","UTC","SGP4","2014-03-25T03:34:00.221088","14.95484508","0.00312840","97.6852","102.3381","293.0794","66.7130","0","U","39210","999","3701","0.00023341000000","0.00002549","0.0000000000000","6959.010","96.289","602.646","559.105","PAYLOAD","LARGE","PRC","2013-07-19","TSC","","1654818","95502704","0 PAYLOAD C","1 39210U 13037C   14084.14861367  .00002549  00000-0  23341-3 0  9998","2 39210 097.6852 102.3381 0031284 293.0794 066.7130 14.95484508 37016"
"2.0","GENERATED VIA SPACE-TRACK.ORG API","2014-03-25T06:24:32","18 SPCS","PAYLOAD A","2013-037A","EARTH","TEME","UTC","SGP4","2014-03-25T04:42:39.298751","14.68054527","0.00075960","98.0454","102.8379","310.2938","49.7602","0","U","39208","999","3642","0.00010965000000","0.00000581","0.0000000000000","7045.427","98.088","672.643","661.940","PAYLOAD","LARGE","PRC","2013-07-19","TSC","","1654747","95500960","0 PAYLOAD A","1 39208U 13037A   14084.19628818  .00000581  00000-0  10965-3 0  9994","2 39208 098.0454 102.8379 0007596 310.2938 049.7602 14.68054527 36422"
"2.0","GENERATED VIA SPACE-TRACK.ORG API","2014-03-25T15:23:59","18 SPCS","PAYLOAD B","2013-037B","EARTH","TEME","UTC","SGP4","2014-03-25T10:58:46.227072","14.67445970","0.00035190","98.0444","102.8054","310.1293","49.9617","0","U","39209","999","3643","0.00015987000000","0.00000857","0.0000000000000","7047.374","98.129","671.719","666.759","PAYLOAD","LARGE","PRC","2013-07-19","TSC","","1654972","95505496","0 PAYLOAD B","1 39209U 13037B   14084.45747948  .00000857  00000-0  15987-3 0  9995","2 39209 098.0444 102.8054 0003519 310.1293 049.9617 14.67445970 36430"
"2.0","GENERATED VIA SPACE-TRACK.ORG API","2014-03-25T14:25:20","18 SPCS","PAYLOAD A","2013-037A","EARTH","TEME","UTC","SGP4","2014-03-25T11:15:14.774399","14.68054831","0.00075800","98.0455","103.1059","309.4017","50.6513","0","U","39208","999","3646","0.00010866000000","0.00000575","0.0000000000000","7045.426","98.088","672.631","661.950","PAYLOAD","LARGE","PRC","2013-07-19","TSC","","1654885","95503395","0 PAYLOAD A","1 39208U 13037A   14084.46892100  .00000575  00000-0  10866-3 0  9994","2 39208 098.0455 103.1059 0007580 309.4017 050.6513 14.68054831 36467"
"2.0","GENERATED VIA SPACE-TRACK.ORG API","2014-03-25T15:25:21","18 SPCS","PAYLOAD C","2013-037C","EARTH","TEME","UTC","SGP4","2014-03-25T11:35:45.067199","14.95485800","0.00312820","97.6854","102.6661","292.0211","67.7664","0","U","39210","999","3706","0.00022651000000","0.00002472","0.0000000000000","6959.006","96.289","602.640","559.102","PAYLOAD","LARGE","PRC","2013-07-19","TSC","","1654974","95505544","0 PAYLOAD C","1 39210U 13037C   14084.48316050  .00002472  00000-0  22651-3 0  9997","2 39210 097.6854 102.6661 0031282 292.0211 067.7664 14.95485800 37067"
"2.0","GENERATED VIA SPACE-TRACK.ORG API","2014-03-25T23:31:32","18 SPCS","PAYLOAD B","2013-037B","EARTH","TEME","UTC","SGP4","2014-03-25T19:09:42.777791","14.67446045","0.00033850","98.0446","103.1407","308.0016","52.0859","0","U","39209","999","3648","0.00015083000000","0.00000806","0.0000000000000","7047.374","98.129","671.625","666.854","PAYLOAD","LARGE","PRC","2013-07-19","TSC","","1655184","95508934","0 PAYLOAD B","1 39209U 13037B   14084.79841178  .00000806  00000-0  15083-3 0  9993","2 39209 098.0446 103.1407 0003385 308.0016 052.0859 14.67446045 36480"
"2.0","GENERATED VIA SPACE-TRACK.ORG API","2014-03-25T22:32:12","18 SPCS","PAYLOAD A","2013-037A","EARTH","TEME","UTC","SGP4","2014-03-25T19:25:59.073600","14.68055629","0.00073450","98.0456","103.4411","307.7060","52.3496","0","U","39208","999","3651","0.00011009000000","0.00000584","0.0000000000000","7045.423","98.088","672.463","662.113","PAYLOAD","LARGE","PRC","2013-07-19","TSC","","1655086","95506705","0 PAYLOAD A","1 39208U 13037A   14084.80971150  .00000584  00000-0  11009-3 0  9995","2 39208 098.0456 103.4411 0007345 307.7060 052.3496 14.68055629 36512"
"2.0","GENERATED VIA SPACE-TRACK.ORG API","2014-03-25T23:34:33","18 SPCS","PAYLOAD C","2013-037C","EARTH","TEME","UTC","SGP4","2014-03-25T19:37:30.082655","14.95484969","0.00312950","97.6853","102.9941","290.8425","68.9435","0","U","39210","999","3711","0.00018956000000","0.00002059","0.0000000000000","6959.009","96.289","602.652","559.096","PAYLOAD","LARGE","PRC","2013-07-19","TSC","","1655186","95508978","0 PAYLOAD C","1 39210U 13037C   14084.81770929  .00002059  00000-0  18956-3 0  9997","2 39210 097.6853 102.9941 0031295 290.8425 068.9435 14.95484969 37117"
"2.0","GENERATED VIA SPACE-TRACK.ORG API","2014-03-26T08:06:22","18 SPCS","PAYLOAD A","2013-037A","EARTH","TEME","UTC","SGP4","2014-03-26T03:36:43.291583","14.68057017","0.00073960","98.0457","103.7762","305.9841","54.0683","0","U","39208","999","3656","0.00013845000000","0.00000746","0.0000000000000","7045.419","98.088","672.494","662.073","PAYLOAD","LARGE","PRC","2013-07-19","TSC","","1655352","95509883","0 PAYLOAD A","1 39208U 13037A   14085.15050106  .00000746  00000-0  13845-3 0  9993","2 39208 098.0457 103.7762 0007396 305.9841 054.0683 14.68057017 36563"
"2.0","GENERATED VIA SPACE-TRACK.ORG API","2014-03-26T09:12:30","18 SPCS","PAYLOAD C","2013-037C","EARTH","TEME","UTC","SGP4","2014-03-26T03:39:14.889888","14.95486983","0.00313430","97.6853","103.3223","289.6365","70.1475","0","U","39210","999","3716","0.00019845000000","0.00002159","0.0000000000000","6959.003","96.289","602.679","559.056","PAYLOAD","LARGE","PRC","2013-07-19","TSC","","1655453","95512342","0 PAYLOAD C","1 39210U 13037C   14085.15225567  .00002159  00000-0  19845-3 0  9997","2 39210 097.6853 103.3223 0031343 289.6365 070.1475 14.95486983 37160"
"2.0","GENERATED VIA SPACE-TRACK.ORG API","2014-03-26T09:11:11","18 SPCS","PAYLOAD B","2013-037B","EARTH","TEME","UTC","SGP4","2014-03-26T06:37:01.899552","14.67447301","0.00032790","98.0444","103.6097","303.5403","56.5487","0","U","39209","999","3655","0.00015809000000","0.00000847","0.0000000000000","7047.370","98.129","671.546","666.924","PAYLOAD","LARGE","PRC","2013-07-19","TSC","","1655450","95512296","0 PAYLOAD B","1 39209U 13037B   14085.27571643  .00000847  00000-0  15809-3 0  9995","2 39209 098.0444 103.6097 0003279 303.5403 056.5487 14.67447301 36550"
"2.0","GENERATED VIA SPACE-TRACK.ORG API","2014-03-26T15:15:36","18 SPCS","PAYLOAD B","2013-037B","EARTH","TEME","UTC","SGP4","2014-03-26T09:53:24.515520","14.67447534","0.00032760","98.0444","103.7437","303.0624","57.0267","0","U","39209","999","3657","0.00015744000000","0.00000843","0.0000000000000","7047.369","98.129","671.543","666.926","PAYLOAD","LARGE","PRC","2013-07-19","TSC","","1655583","95514814","0 PAYLOAD B","1 39209U 13037B   14085.41208930  .00000843  00000-0  15744-3 0  9991","2 39209 098.0444 103.7437 0003276 303.0624 057.0267 14.67447534 36578"
"2.0","GENERATED VIA SPACE-TRACK.ORG API","2014-03-26T15:15:47","18 SPCS","PAYLOAD C","2013-037C","EARTH","TEME","UTC","SGP4","2014-03-26T11:40:59.693664","14.95488212","0.00313510","97.6854","103.6504","288.4812","71.2992","0","U","39210","999","3721","0.00019500000000","0.00002120","0.0000000000000","6958.999","96.289","602.681","559.047","PAYLOAD","LARGE","PRC","2013-07-19","TSC","","1655584","95514838","0 PAYLOAD C","1 39210U 13037C   14085.48680201  .00002120  00000-0  19500-3 0  9999","2 39210 097.6854 103.6504 0031351 288.4812 071.2992 14.95488212 37218"
"2.0","GENERATED VIA SPACE-TRACK.ORG API","2014-03-26T14:20:52","18 SPCS","PAYLOAD A","2013-037A","EARTH","TEME","UTC","SGP4","2014-03-26T11:47:27.574367","14.68057810","0.00074110","98.0460","104.1112","304.8666","55.1845","0","U","39208","999","3661","0.00014804000000","0.00000801","0.0000000000000","7045.416","98.088","672.502","662.060","PAYLOAD","LARGE","PRC","2013-07-19","TSC","","1655499","95512923","0 PAYLOAD A","1 39208U 13037A   14085.49129137  .00000801  00000-0  14804-3 0  9999","2 39208 098.0460 104.1112 0007411 304.8666 055.1845 14.68057810 36611"
"2.0","GENERATED VIA SPACE-TRACK.ORG API","2014-03-26T23:17:55","18 SPCS","PAYLOAD B","2013-037B","EARTH","TEME","UTC","SGP4","2014-03-26T19:42:32.364288","14.67447816","0.00031990","98.0443","104.1456","299.8819","60.2062","0","U","39209","999","3663","0.00014830000000","0.00000792","0.0000000000000","7047.368","98.129","671.488","666.979","PAYLOAD","LARGE","PRC","2013-07-19","TSC","","1655725","95517378","0 PAYLOAD B","1 39209U 13037B   14085.82120792  .00000792  00000-0  14830-3 0  9993","2 39209 098.0443 104.1456 0003199 299.8819 060.2062 14.67447816 36634"
"2.0","GENERATED VIA SPACE-TRACK.ORG API","2014-03-26T23:18:41","18 SPCS","PAYLOAD C","2013-037C","EARTH","TEME","UTC","SGP4","2014-03-26T19:42:44.549280","14.95488380","0.00313560","97.6853","103.9785","287.3050","72.4715","0","U","39210","999","3726","0.00017749000000","0.00001924","0.0000000000000","6958.998","96.289","602.684","559.043","PAYLOAD","LARGE","PRC","2013-07-19","TSC","","1655728","95517421","0 PAYLOAD C","1 39210U 13037C   14085.82134895  .00001924  00000-0  17749-3 0  9994","2 39210 097.6853 103.9785 0031356 287.3050 072.4715 14.95488380 37265"
"2.0","GENERATED VIA SPACE-TRACK.ORG API","2014-03-26T22:23:30","18 SPCS","PAYLOAD A","2013-037A","EARTH","TEME","UTC","SGP4","2014-03-26T19:58:11.930591","14.68057067","0.00073130","98.0457","104.4461","303.4824","56.5668","0","U","39208","999","3666","0.00011170000000","0.00000593","0.0000000000000","7045.419","98.088","672.436","662.131","PAYLOAD","LARGE","PRC","2013-07-19","TSC","","1655640","95515464","0 PAYLOAD A","1 39208U 13037A   14085.83208253  .00000593  00000-0  11170-3 0  9995","2 39208 098.0457 104.4461 0007313 303.4824 056.5668 14.68057067 36666"
"2.0","GENERATED VIA SPACE-TRACK.ORG API","2014-03-27T07:04:21","18 SPCS","PAYLOAD B","2013-037B","EARTH","TEME","UTC","SGP4","2014-03-27T02:15:17.546112","14.67448892","0.00032290","98.0439","104.4137","296.4286","63.6620","0","U","39209","999","3667","0.00015999000000","0.00000858","0.0000000000000","7047.365","98.129","671.506","666.954","PAYLOAD","LARGE","PRC","2013-07-19","TSC","","1655937","95519503","0 PAYLOAD B","1 39209U 13037B   14086.09395308  .00000858  00000-0  15999-3 0  9990","2 39209 098.0439 104.4137 0003229 296.4286 063.6620 14.67448892 36679"
"2.0","GENERATED VIA SPACE-TRACK.ORG API","2014-03-27T06:18:48","18 SPCS","PAYLOAD A","2013-037A","EARTH","TEME","UTC","SGP4","2014-03-27T02:30:47.394143","14.68057347","0.00073110","98.0457","104.7141","302.5642","57.4856","0","U","39208","999","3670","0.00010905000000","0.00000578","0.0000000000000","7045.418","98.088","672.434","662.132","PAYLOAD","LARGE","PRC","2013-07-19","TSC","","1655868","95517903","0 PAYLOAD A","1 39208U 13037A   14086.10471521  .00000578  00000-0  10905-3 0  9994","2 39208 098.0457 104.7141 0007311 302.5642 057.4856 14.68057347 36705"
"2.0","GENERATED VIA SPACE-TRACK.ORG API","2014-03-27T07:05:23","18 SPCS","PAYLOAD C","2013-037C","EARTH","TEME","UTC","SGP4","2014-03-27T03:44:29.398847","14.95489362","0.00313570","97.6852","104.3072","286.2278","73.5494","0","U","39210","999","3731","0.00017136000000","0.00001856","0.0000000000000","6958.995","96.289","602.682","559.039","PAYLOAD","LARGE","PRC","2013-07-19","TSC","","1655938","95519535","0 PAYLOAD C","1 39210U 13037C   14086.15589582  .00001856  00000-0  17136-3 0  9992","2 39210 097.6852 104.3072 0031357 286.2278 073.5494 14.95489362 37312"
"2.0","GENERATED VIA SPACE-TRACK.ORG API","2014-03-27T12:37:19","18 SPCS","PAYLOAD C","2013-037C","EARTH","TEME","UTC","SGP4","2014-03-27T06:57:11.309472","14.95489709","0.00314120","97.6853","104.4384","285.7820","73.9935","0","U","39210","999","3733","0.00016868000000","0.00001826","0.0000000000000","6958.994","96.289","602.719","559.000","PAYLOAD","LARGE","PRC","2013-07-19","TSC","","1656020","95521317","0 PAYLOAD C","1 39210U 13037C   14086.28971423  .00001826  00000-0  16868-3 0  9993","2 39210 097.6853 104.4384 0031412 285.7820 073.9935 14.95489709 37330"
"2.0","GENERATED VIA SPACE-TRACK.ORG API","2014-03-27T12:37:19","18 SPCS","PAYLOAD B","2013-037B","EARTH","TEME","UTC","SGP4","2014-03-27T07:09:51.393600","14.67449547","0.00032390","98.0441","104.6146","296.2564","63.8315","0","U","39209","999","3670","0.00016873000000","0.00000907","0.0000000000000","7047.363","98.129","671.511","666.945","PAYLOAD","LARGE","PRC","2013-07-19","TSC","","1656020","95521300","0 PAYLOAD B","1 39209U 13037B   14086.29851150  .00000907  00000-0  16873-3 0  9991","2 39209 098.0441 104.6146 0003239 296.2564 063.8315 14.67449547 36707"
"2.0","GENERATED VIA SPACE-TRACK.ORG API","2014-03-27T12:04:43","18 SPCS","PAYLOAD A","2013-037A","EARTH","TEME","UTC","SGP4","2014-03-27T07:25:13.972800","14.68057592","0.00073100","98.0457","104.9151","301.8949","58.1545","0","U","39208","999","3673","0.00010839000000","0.00000574","0.0000000000000","7045.417","98.088","672.432","662.132","PAYLOAD","LARGE","PRC","2013-07-19","TSC","","1655971","95520113","0 PAYLOAD A","1 39208U 13037A   14086.30918950  .00000574  00000-0  10839-3 0  9990","2 39208 098.0457 104.9151 0007310 301.8949 058.1545 14.68057592 36737"
"2.0","GENERATED VIA SPACE-TRACK.ORG API","2014-03-27T20:16:13","18 SPCS","PAYLOAD B","2013-037B","EARTH","TEME","UTC","SGP4","2014-03-27T15:20:47.857919","14.67449886","0.00031990","98.0441","104.9494","293.8916","66.1935","0","U","39209","999","3675","0.00016214000000","0.00000870","0.0000000000000","7047.362","98.129","671.481","666.972","PAYLOAD","LARGE","PRC","2013-07-19","TSC","","1656249","95525194","0 PAYLOAD B","1 39209U 13037B   14086.63944280  .00000870  00000-0  16214-3 0  9994","2 39209 098.0441 104.9494 0003199 293.8916 066.1935 14.67449886 36750"
"2.0","GENERATED VIA SPACE-TRACK.ORG API","2014-03-27T19:24:22","18 SPCS","PAYLOAD A","2013-037A","EARTH","TEME","UTC","SGP4","2014-03-27T15:35:58.259039","14.68058153","0.00072730","98.0451","105.2498","299.9153","60.1353","0","U","39208","999","3678","0.00010949000000","0.00000580","0.0000000000000","7045.415","98.088","672.404","662.156","PAYLOAD","LARGE","PRC","2013-07-19","TSC","","1656162","95523136","0 PAYLOAD A","1 39208U 13037A   14086.64997985  .00000580  00000-0  10949-3 0  9991","2 39208 098.0451 105.2498 0007273 299.9153 060.1353 14.68058153 36780"
"2.0","GENERATED VIA SPACE-TRACK.ORG API","2014-03-27T20:16:27","18 SPCS","PAYLOAD C","2013-037C","EARTH","TEME","UTC","SGP4","2014-03-27T16:35:17.073312","14.95489717","0.00315310","97.6849","104.8317","284.3284","75.4403","0","U","39210","999","3739","0.00014884000000","0.00001604","0.0000000000000","6958.994","96.289","602.801","558.917","PAYLOAD","LARGE","PRC","2013-07-19","TSC","","1656250","95525230","0 PAYLOAD C","1 39210U 13037C   14086.69116983  .00001604  00000-0  14884-3 0  9990","2 39210 097.6849 104.8317 0031531 284.3284 075.4403 14.95489717 37398"
"2.0","GENERATED VIA SPACE-TRACK.ORG API","2014-03-27T23:15:38","18 SPCS","PAYLOAD B","2013-037B","EARTH","TEME","UTC","SGP4","2014-03-27T18:37:10.483392","14.67449896","0.00031790","98.0441","105.0833","293.2100","66.8759","0","U","39209","999","3677","0.00015585000000","0.00000834","0.0000000000000","7047.362","98.129","671.467","666.986","PAYLOAD","LARGE","PRC","2013-07-19","TSC","","1656402","95527854","0 PAYLOAD B","1 39209U 13037B   14086.77581578  .00000834  00000-0  15585-3 0  9996","2 39209 098.0441 105.0833 0003179 293.2100 066.8759 14.67449896 36770"
"2.0","GENERATED VIA SPACE-TRACK.ORG API","2014-03-27T23:16:39","18 SPCS","PAYLOAD C","2013-037C","EARTH","TEME","UTC","SGP4","2014-03-27T19:47:59.037504","14.95490088","0.00315130","97.6849","104.9631","283.7768","75.9944","0","U","39210","999","3741","0.00014865000000","0.00001602","0.0000000000000","6958.993","96.289","602.788","558.928","PAYLOAD","LARGE","PRC","2013-07-19","TSC","","1656404","95527887","0 PAYLOAD C","1 39210U 13037C   14086.82498886  .00001602  00000-0  14865-3 0  9997","2 39210 097.6849 104.9631 0031513 283.7768 075.9944 14.95490088 37419"
"2.0","GENERATED VIA SPACE-TRACK.ORG API","2014-03-27T22:23:20","18 SPCS","PAYLOAD A","2013-037A","EARTH","TEME","UTC","SGP4","2014-03-27T20:30:24.788448","14.68058542","0.00072790","98.0449","105.4504","299.1346","60.9139","0","U","39208","999","3681","0.00011199000000","0.00000594","0.0000000000000","7045.414","98.088","672.407","662.150","PAYLOAD","LARGE","PRC","2013-07-19","TSC","","1656306","95525941","0 PAYLOAD A","1 39208U 13037A   14086.85445357  .00000594  00000-0  11199-3 0  9998","2 39208 098.0449 105.4504 0007279 299.1346 060.9139 14.68058542 36815"
"2.0","GENERATED VIA SPACE-TRACK.ORG API","2014-03-28T07:32:56","18 SPCS","PAYLOAD B","2013-037B","EARTH","TEME","UTC","SGP4","2014-03-28T02:48:06.956352","14.67450588","0.00032010","98.0439","105.4180","291.3460","68.7407","0","U","39209","999","3682","0.00015434000000","0.00000826","0.0000000000000","7047.360","98.129","671.480","666.969","PAYLOAD","LARGE","PRC","2013-07-19","TSC","","1656618","95530937","0 PAYLOAD B","1 39209U 13037B   14087.11674718  .00000826  00000-0  15434-3 0  9998","2 39209 098.0439 105.4180 0003201 291.3460 068.7407 14.67450588 36827"
"2.0","GENERATED VIA SPACE-TRACK.ORG API","2014-03-28T07:36:07","18 SPCS","PAYLOAD C","2013-037C","EARTH","TEME","UTC","SGP4","2014-03-28T03:49:43.788576","14.95490848","0.00315410","97.6846","105.2916","282.5173","77.2524","0","U","39210","999","3746","0.00013944000000","0.00001499","0.0000000000000","6958.991","96.289","602.805","558.906","PAYLOAD","LARGE","PRC","2013-07-19","TSC","","1656622","95531039","0 PAYLOAD C","1 39210U 13037C   14087.15953459  .00001499  00000-0  13944-3 0  9997","2 39210 097.6846 105.2916 0031541 282.5173 077.2524 14.95490848 37462"
"2.0","GENERATED VIA SPACE-TRACK.ORG API","2014-03-28T06:30:25","18 SPCS","PAYLOAD A","2013-037A","EARTH","TEME","UTC","SGP4","2014-03-28T04:41:09.002976","14.68059351","0.00072980","98.0445","105.7853","297.3540","62.6933","0","U","39208","999","3686","0.00011795000000","0.00000629","0.0000000000000","7045.411","98.088","672.418","662.134","PAYLOAD","LARGE","PRC","2013-07-19","TSC","","1656524","95528723","0 PAYLOAD A","1 39208U 13037A   14087.19524309  .00000629  00000-0  11795-3 0  9992","2 39208 098.0445 105.7853 0007298 297.3540 062.6933 14.68059351 36863"
"2.0","GENERATED VIA SPACE-TRACK.ORG API","2014-03-28T15:38:56","18 SPCS","PAYLOAD B","2013-037B","EARTH","TEME","UTC","SGP4","2014-03-28T10:59:03.401663","14.67451679","0.00031740","98.0440","105.7530","290.4123","69.6751","0","U","39209","999","3687","0.00016788000000","0.00000902","0.0000000000000","7047.356","98.129","671.458","666.984","PAYLOAD","LARGE","PRC","2013-07-19","TSC","","1656769","95534212","0 PAYLOAD B","1 39209U 13037B   14087.45767826  .00000902  00000-0  16788-3 0  9996","2 39209 098.0440 105.7530 0003174 290.4123 069.6751 14.67451679 36875"
"2.0","GENERATED VIA SPACE-TRACK.ORG API","2014-03-28T14:30:57","18 SPCS","PAYLOAD A","2013-037A","EARTH","TEME","UTC","SGP4","2014-03-28T11:13:44.357664","14.68060562","0.00072720","98.0447","106.0536","296.5035","63.5434","0","U","39208","999","3690","0.00014612000000","0.00000790","0.0000000000000","7045.407","98.088","672.396","662.149","PAYLOAD","LARGE","PRC","2013-07-19","TSC","","1656668","95531780","0 PAYLOAD A","1 39208U 13037A   14087.46787451  .00000790  00000-0  14612-3 0  9991","2 39208 098.0447 106.0536 0007272 296.5035 063.5434 14.68060562 36906"
"2.0","GENERATED VIA SPACE-TRACK.ORG API","2014-03-28T15:39:46","18 SPCS","PAYLOAD C","2013-037C","EARTH","TEME","UTC","SGP4","2014-03-28T11:51:28.536192","14.95491706","0.00315580","97.6845","105.6195","281.3363","78.4317","0","U","39210","999","3751","0.00013547000000","0.00001455","0.0000000000000","6958.988","96.289","602.814","558.892","PAYLOAD","LARGE","PRC","2013-07-19","TSC","","1656771","95534255","0 PAYLOAD C","1 39210U 13037C   14087.49408028  .00001455  00000-0  13547-3 0  9992","2 39210 097.6845 105.6195 0031558 281.3363 078.4317 14.95491706 37513"
"2.0","GENERATED VIA SPACE-TRACK.ORG API","2014-03-28T23:16:30","18 SPCS","PAYLOAD B","2013-037B","EARTH","TEME","UTC","SGP4","2014-03-28T19:09:59.823647","14.67452279","0.00031860","98.0440","106.0878","289.0694","71.0157","0","U","39209","999","3692","0.00016845000000","0.00000906","0.0000000000000","7047.354","98.129","671.464","666.974","PAYLOAD","LARGE","PRC","2013-07-19","TSC","","1656943","95536860","0 PAYLOAD B","1 39209U 13037B   14087.79860907  .00000906  00000-0  16845-3 0  9995","2 39209 098.0440 106.0878 0003186 289.0694 071.0157 14.67452279 36924"
"2.0","GENERATED VIA SPACE-TRACK.ORG API","2014-03-28T22:23:14","18 SPCS","PAYLOAD A","2013-037A","EARTH","TEME","UTC","SGP4","2014-03-28T19:24:28.618848","14.68060298","0.00072720","98.0449","106.3885","295.4009","64.6437","0","U","39208","999","3695","0.00011923000000","0.00000636","0.0000000000000","7045.408","98.088","672.397","662.150","PAYLOAD","LARGE","PRC","2013-07-19","TSC","","1656858","95535003","0 PAYLOAD A","1 39208U 13037A   14087.80866457  .00000636  00000-0  11923-3 0  9994","2 39208 098.0449 106.3885 0007272 295.4009 064.6437 14.68060298 36953"
"2.0","GENERATED VIA SPACE-TRACK.ORG API","2014-03-28T23:16:58","18 SPCS","PAYLOAD C","2013-037C","EARTH","TEME","UTC","SGP4","2014-03-28T19:53:13.269119","14.95492632","0.00315730","97.6845","105.9476","280.1279","79.6379","0","U","39210","999","3756","0.00013557000000","0.00001456","0.0000000000000","6958.985","96.289","602.822","558.878","PAYLOAD","LARGE","PRC","2013-07-19","TSC","","1656944","95536883","0 PAYLOAD C","1 39210U 13037C   14087.82862580  .00001456  00000-0  13557-3 0  9998","2 39210 097.6845 105.9476 0031573 280.1279 079.6379 14.95492632 37563"
"2.0","GENERATED VIA SPACE-TRACK.ORG API","2014-03-28T23:15:32","18 SPCS","PAYLOAD B","2013-037B","EARTH","TEME","UTC","SGP4","2014-03-28T22:26:22.413696","14.67452709","0.00032230","98.0444","106.2219","291.0401","69.0472","0","U","39209","999","3694","0.00017301000000","0.00000932","0.0000000000000","7047.353","98.129","671.489","666.946","PAYLOAD","LARGE","PRC","2013-07-19","TSC","","1656942","95536851","0 PAYLOAD B","1 39209U 13037B   14087.93498164  .00000932  00000-0  17301-3 0  9990","2 39209 098.0444 106.2219 0003223 291.0401 069.0472 14.67452709 36947"
"2.0","GENERATED VIA SPACE-TRACK.ORG API","2014-03-29T07:21:11","18 SPCS","PAYLOAD B","2013-037B","EARTH","TEME","UTC","SGP4","2014-03-29T01:42:44.964000","14.67453146","0.00031930","98.0440","106.3555","287.3442","72.7429","0","U","39209","999","3696","0.00017494000000","0.00000942","0.0000000000000","7047.351","98.129","671.467","666.966","PAYLOAD","LARGE","PRC","2013-07-19","TSC","","1657145","95539161","0 PAYLOAD B","1 39209U 13037B   14088.07135375  .00000942  00000-0  17494-3 0  9992","2 39209 098.0440 106.3555 0003193 287.3442 072.7429 14.67453146 36967"
"2.0","GENERATED VIA SPACE-TRACK.ORG API","2014-03-29T06:22:02","18 SPCS","PAYLOAD A","2013-037A","EARTH","TEME","UTC","SGP4","2014-03-29T03:35:12.865344","14.68060735","0.00072690","98.0449","106.7234","294.3353","65.7089","0","U","39208","999","3700","0.00011859000000","0.00000632","0.0000000000000","7045.407","98.088","672.393","662.150","PAYLOAD","LARGE","PRC","2013-07-19","TSC","","1657078","95537550","0 PAYLOAD A","1 39208U 13037A   14088.14945446  .00000632  00000-0  11859-3 0  9992","2 39208 098.0449 106.7234 0007269 294.3353 065.7089 14.68060735 37009"
"2.0","GENERATED VIA SPACE-TRACK.ORG API","2014-03-29T07:22:28","18 SPCS","PAYLOAD C","2013-037C","EARTH","TEME","UTC","SGP4","2014-03-29T03:54:57.983903","14.95493704","0.00315970","97.6842","106.2760","278.8612","80.9052","0","U","39210","999","3761","0.00013343000000","0.00001432","0.0000000000000","6958.982","96.289","602.835","558.858","PAYLOAD","LARGE","PRC","2013-07-19","TSC","","1657147","95539196","0 PAYLOAD C","1 39210U 13037C   14088.16317111  .00001432  00000-0  13343-3 0  9998","2 39210 097.6842 106.2760 0031597 278.8612 080.9052 14.95493704 37611"
"2.0","GENERATED VIA SPACE-TRACK.ORG API","2014-03-29T15:29:30","18 SPCS","PAYLOAD B","2013-037B","EARTH","TEME","UTC","SGP4","2014-03-29T09:53:41.348832","14.67454163","0.00031720","98.0439","106.6903","286.2677","73.8191","0","U","39209","999","3701","0.00018361000000","0.00000992","0.0000000000000","7047.348","98.129","671.449","666.978","PAYLOAD","LARGE","PRC","2013-07-19","TSC","","1657288","95542136","0 PAYLOAD B","1 39209U 13037B   14088.41228413  .00000992  00000-0  18361-3 0  9995","2 39209 098.0439 106.6903 0003172 286.2677 073.8191 14.67454163 37015"
"2.0","GENERATED VIA SPACE-TRACK.ORG API","2014-03-29T14:24:32","18 SPCS","PAYLOAD A","2013-037A","EARTH","TEME","UTC","SGP4","2014-03-29T11:45:57.093696","14.68061340","0.00072680","98.0448","107.0583","293.1127","66.9315","0","U","39208","999","3705","0.00012247000000","0.00000655","0.0000000000000","7045.405","98.088","672.390","662.149","PAYLOAD","LARGE","PRC","2013-07-19","TSC","","1657190","95539832","0 PAYLOAD A","1 39208U 13037A   14088.49024414  .00000655  00000-0  12247-3 0  9990","2 39208 098.0448 107.0583 0007268 293.1127 066.9315 14.68061340 37057"
"2.0","GENERATED VIA SPACE-TRACK.ORG API","2014-03-29T15:31:03","18 SPCS","PAYLOAD C","2013-037C","EARTH","TEME","UTC","SGP4","2014-03-29T11:56:42.639071","14.95495207","0.00316070","97.6842","106.6040","277.7972","81.9664","0","U","39210","999","3766","0.00014272000000","0.00001536","0.0000000000000","6958.977","96.289","602.837","558.847","PAYLOAD","LARGE","PRC","2013-07-19","TSC","","1657290","95542175","0 PAYLOAD C","1 39210U 13037C   14088.49771573  .00001536  00000-0  14272-3 0  9997","2 39210 097.6842 106.6040 0031607 277.7972 081.9664 14.95495207 37660"
"2.0","GENERATED VIA SPACE-TRACK.ORG API","2014-03-29T15:41:29","18 SPCS","PAYLOAD B","2013-037B","EARTH","TEME","UTC","SGP4","2014-03-29T14:48:15.177311","14.67454310","0.00031830","98.0439","106.8913","285.4134","74.6703","0","U","39209","999","3704","0.00017999000000","0.00000971","0.0000000000000","7047.348","98.129","671.456","666.969","PAYLOAD","LARGE","PRC","2013-07-19","TSC","","1657300","95542356","0 PAYLOAD B","1 39209U 13037B   14088.61684233  .00000971  00000-0  17999-3 0  9996","2 39209 098.0439 106.8913 0003183 285.4134 074.6703 14.67454310 37044"
"2.0","GENERATED VIA SPACE-TRACK.ORG API","2014-03-29T22:26:18","18 SPCS","PAYLOAD A","2013-037A","EARTH","TEME","UTC","SGP4","2014-03-29T19:56:41.335007","14.68062525","0.00072640","98.0443","107.3931","291.2700","68.7795","0","U","39208","999","3710","0.00014275000000","0.00000771","0.0000000000000","7045.401","98.088","672.384","662.148","PAYLOAD","LARGE","PRC","2013-07-19","TSC","","1657362","95542970","0 PAYLOAD A","1 39208U 13037A   14088.83103397  .00000771  00000-0  14275-3 0  9998","2 39208 098.0443 107.3931 0007264 291.2700 068.7795 14.68062525 37108"
"2.0","GENERATED VIA SPACE-TRACK.ORG API","2014-03-29T23:22:31","18 SPCS","PAYLOAD C","2013-037C","EARTH","TEME","UTC","SGP4","2014-03-29T19:58:27.363359","14.95495317","0.00315930","97.6838","106.9319","276.4704","83.2911","0","U","39210","999","3771","0.00013008000000","0.00001395","0.0000000000000","6958.977","96.289","602.827","558.856","PAYLOAD","LARGE","PRC","2013-07-19","TSC","","1657458","95544982","0 PAYLOAD C","1 39210U 13037C   14088.83226115  .00001395  00000-0  13008-3 0  9991","2 39210 097.6838 106.9319 0031593 276.4704 083.2911 14.95495317 37718"
"2.0","GENERATED VIA SPACE-TRACK.ORG API","2014-03-29T21:48:36","18 SPCS","PAYLOAD B","2013-037B","EARTH","TEME","UTC","SGP4","2014-03-29T21:21:00.334944","14.67454605","0.00031780","98.0436","107.1589","283.6801","76.4050","0","U","39209","999","3708","0.00017321000000","0.00000933","0.0000000000000","7047.347","98.129","671.451","666.972","PAYLOAD","LARGE","PRC","2013-07-19","TSC","","1657336","95542397","0 PAYLOAD B","1 39209U 13037B   14088.88958721  .00000933  00000-0  17321-3 0  9998","2 39209 098.0436 107.1589 0003178 283.6801 076.4050 14.67454605 37085"
"2.0","GENERATED VIA SPACE-TRACK.ORG API","2014-03-30T07:36:59","18 SPCS","PAYLOAD B","2013-037B","EARTH","TEME","UTC","SGP4","2014-03-30T03:53:45.407903","14.67455592","0.00031660","98.0434","107.4269","281.3765","78.7092","0","U","39209","999","3712","0.00018446000000","0.00000996","0.0000000000000","7047.344","98.129","671.440","666.977","PAYLOAD","LARGE","PRC","2013-07-19","TSC","","1657673","95547856","0 PAYLOAD B","1 39209U 13037B   14089.16233111  .00000996  00000-0  18446-3 0  9997","2 39209 098.0434 107.4269 0003166 281.3765 078.7092 14.67455592 37124"
"2.0","GENERATED VIA SPACE-TRACK.ORG API","2014-03-30T07:38:32","18 SPCS","PAYLOAD C","2013-037C","EARTH","TEME","UTC","SGP4","2014-03-30T04:00:12.038399","14.95496358","0.00316340","97.6835","107.2598","275.2875","84.4745","0","U","39210","999","3776","0.00012885000000","0.00001381","0.0000000000000","6958.973","96.289","602.852","558.824","PAYLOAD","LARGE","PRC","2013-07-19","TSC","","1657675","95547900","0 PAYLOAD C","1 39210U 13037C   14089.16680600  .00001381  00000-0  12885-3 0  9998","2 39210 097.6835 107.2598 0031634 275.2875 084.4745 14.95496358 37769"
"2.0","GENERATED VIA SPACE-TRACK.ORG API","2014-03-30T06:32:48","18 SPCS","PAYLOAD A","2013-037A","EARTH","TEME","UTC","SGP4","2014-03-30T04:07:25.381055","14.68063598","0.00072540","98.0443","107.7281","289.6314","70.4118","0","U","39208","999","3715","0.00015538000000","0.00000844","0.0000000000000","7045.398","98.088","672.373","662.152","PAYLOAD","LARGE","PRC","2013-07-19","TSC","","1657591","95545904","0 PAYLOAD A","1 39208U 13037A   14089.17182154  .00000844  00000-0  15538-3 0  9998","2 39208 098.0443 107.7281 0007254 289.6314 070.4118 14.68063598 37156"
"2.0","GENERATED VIA SPACE-TRACK.ORG API","2014-03-30T08:23:10","18 SPCS","PAYLOAD B","2013-037B","EARTH","TEME","UTC","SGP4","2014-03-30T07:10:07.943520","14.67456290","0.00031360","98.0436","107.5609","281.1690","78.9183","0","U","39209","999","3714","0.00019512000000","0.00001057","0.0000000000000","7047.341","98.128","671.416","666.996","PAYLOAD","LARGE","PRC","2013-07-19","TSC","","1657685","95548100","0 PAYLOAD B","1 39209U 13037B   14089.29870305  .00001057  00000-0  19512-3 0  9997","2 39209 098.0436 107.5609 0003136 281.1690 078.9183 14.67456290 37148"
"2.0","GENERATED VIA SPACE-TRACK.ORG API","2014-03-30T15:36:01","18 SPCS","PAYLOAD B","2013-037B","EARTH","TEME","UTC","SGP4","2014-03-30T10:26:30.452351","14.67456567","0.00031530","98.0435","107.6947","280.1311","79.9537","0","U","39209","999","3716","0.00019510000000","0.00001057","0.0000000000000","7047.340","98.128","671.427","666.983","PAYLOAD","LARGE","PRC","2013-07-19","TSC","","1657824","95551146","0 PAYLOAD B","1 39209U 13037B   14089.43507468  .00001057  00000-0  19510-3 0  9998","2 39209 098.0435 107.6947 0003153 280.1311 079.9537 14.67456567 37164"
"2.0","GENERATED VIA SPACE-TRACK.ORG API","2014-03-30T15:36:18","18 SPCS","PAYLOAD C","2013-037C","EARTH","TEME","UTC","SGP4","2014-03-30T12:01:56.652095","14.95498203","0.00316390","97.6833","107.5879","274.2136","85.5484","0","U","39210","999","3781","0.00014250000000","0.00001534","0.0000000000000","6958.968","96.288","602.850","558.815","PAYLOAD","LARGE","PRC","2013-07-19","TSC","","1657825","95551189","0 PAYLOAD C","1 39210U 13037C   14089.50135014  .00001534  00000-0  14250-3 0  9998","2 39210 097.6833 107.5879 0031639 274.2136 085.5484 14.95498203 37815"
"2.0","GENERATED VIA SPACE-TRACK.ORG API","2014-03-30T14:29:01","18 SPCS","PAYLOAD A","2013-037A","EARTH","TEME","UTC","SGP4","2014-03-30T12:18:09.528192","14.68064277","0.00072330","98.0442","108.0631","287.9803","72.0623","0","U","39208","999","3720","0.00015485000000","0.00000841","0.0000000000000","7045.395","98.088","672.356","662.165","PAYLOAD","LARGE","PRC","2013-07-19","TSC","","1657723","95548788","0 PAYLOAD A","1 39208U 13037A   14089.51261028  .00000841  00000-0  15485-3 0  9992","2 39208 098.0442 108.0631 0007233 287.9803 072.0623 14.68064277 37209"
"2.0","GENERATED VIA SPACE-TRACK.ORG API","2014-03-30T15:54:42","18 SPCS","PAYLOAD B","2013-037B","EARTH","TEME","UTC","SGP4","2014-03-30T15:21:04.266144","14.67456627","0.00031480","98.0435","107.8955","280.0904","79.9922","0","U","39209","999","3719","0.00018494000000","0.00000999","0.0000000000000","7047.340","98.128","671.424","666.987","PAYLOAD","LARGE","PRC","2013-07-19","TSC","","1657845","95551398","0 PAYLOAD B","1 39209U 13037B   14089.63963271  .00000999  00000-0  18494-3 0  9992","2 39209 098.0435 107.8955 0003148 280.0904 079.9922 14.67456627 37194"
"2.0","GENERATED VIA SPACE-TRACK.ORG API","2014-03-30T23:25:33","18 SPCS","PAYLOAD B","2013-037B","EARTH","TEME","UTC","SGP4","2014-03-30T18:37:26.896799","14.67455898","0.00030730","98.0434","108.0299","275.4512","84.6348","0","U","39209","999","3721","0.00015426000000","0.00000825","0.0000000000000","7047.343","98.129","671.373","667.042","PAYLOAD","LARGE","PRC","2013-07-19","TSC","","1658055","95554089","0 PAYLOAD B","1 39209U 13037B   14089.77600575  .00000825  00000-0  15426-3 0  9992","2 39209 098.0434 108.0299 0003073 275.4512 084.6348 14.67455898 37214"
"2.0","GENERATED VIA SPACE-TRACK.ORG API","2014-03-30T23:27:06","18 SPCS","PAYLOAD C","2013-037C","EARTH","TEME","UTC","SGP4","2014-03-30T20:03:41.291712","14.95498601","0.00316400","97.6833","107.9160","273.0128","86.7467","0","U","39210","999","3786","0.00013321000000","0.00001430","0.0000000000000","6958.967","96.288","602.850","558.813","PAYLOAD","LARGE","PRC","2013-07-19","TSC","","1658057","95554123","0 PAYLOAD C","1 39210U 13037C   14089.83589458  .00001430  00000-0  13321-3 0  9992","2 39210 097.6833 107.9160 0031640 273.0128 086.7467 14.95498601 37863"
"2.0","GENERATED VIA SPACE-TRACK.ORG API","2014-03-30T22:26:22","18 SPCS","PAYLOAD A","2013-037A","EARTH","TEME","UTC","SGP4","2014-03-30T20:28:53.714207","14.68063985","0.00071690","98.0442","108.3981","286.4985","73.5411","0","U","39208","999","3725","0.00013297000000","0.00000715","0.0000000000000","7045.396","98.088","672.312","662.211","PAYLOAD","LARGE","PRC","2013-07-19","TSC","","1657946","95552055","0 PAYLOAD A","1 39208U 13037A   14089.85339947  .00000715  00000-0  13297-3 0  9994","2 39208 098.0442 108.3981 0007169 286.4985 073.5411 14.68063985 37254"
"2.0","GENERATED VIA SPACE-TRACK.ORG API","2014-03-30T22:26:42","18 SPCS","PAYLOAD B","2013-037B","EARTH","TEME","UTC","SGP4","2014-03-30T21:53:49.434144","14.67456709","0.00030790","98.0428","108.1636","275.0254","85.0619","0","U","39209","999","3723","0.00017417000000","0.00000938","0.0000000000000","7047.340","98.128","671.375","667.035","PAYLOAD","LARGE","PRC","2013-07-19","TSC","","1657948","95552078","0 PAYLOAD B","1 39209U 13037B   14089.91237771  .00000938  00000-0  17417-3 0  9999","2 39209 098.0428 108.1636 0003079 275.0254 085.0619 14.67456709 37238"
"2.0","GENERATED VIA SPACE-TRACK.ORG API","2014-03-31T07:30:21","18 SPCS","PAYLOAD C","2013-037C","EARTH","TEME","UTC","SGP4","2014-03-31T04:05:25.890720","14.95499806","0.00316680","97.6829","108.2440","271.7718","87.9887","0","U","39210","999","3791","0.00013349000000","0.00001433","0.0000000000000","6958.963","96.288","602.865","558.790","PAYLOAD","LARGE","PRC","2013-07-19","TSC","","1658236","95556733","0 PAYLOAD C","1 39210U 13037C   14090.17043855  .00001433  00000-0  13349-3 0  9990","2 39210 097.6829 108.2440 0031668 271.7718 087.9887 14.95499806 37916"
"2.0","GENERATED VIA SPACE-TRACK.ORG API","2014-03-31T06:21:50","18 SPCS","PAYLOAD A","2013-037A","EARTH","TEME","UTC","SGP4","2014-03-31T04:39:37.916640","14.68064758","0.00071690","98.0443","108.7331","285.9367","74.1045","0","U","39208","999","3730","0.00014288000000","0.00000772","0.0000000000000","7045.394","98.088","672.310","662.208","PAYLOAD","LARGE","PRC","2013-07-19","TSC","","1658156","95554773","0 PAYLOAD A","1 39208U 13037A   14090.19418885  .00000772  00000-0  14288-3 0  9996","2 39208 098.0443 108.7331 0007169 285.9367 074.1045 14.68064758 37301"
"2.0","GENERATED VIA SPACE-TRACK.ORG API","2014-03-31T07:30:03","18 SPCS","PAYLOAD B","2013-037B","EARTH","TEME","UTC","SGP4","2014-03-31T06:04:45.744672","14.67457166","0.00030860","98.0426","108.4980","273.2236","86.8619","0","U","39209","999","3728","0.00015993000000","0.00000858","0.0000000000000","7047.339","98.128","671.378","667.029","PAYLOAD","LARGE","PRC","2013-07-19","TSC","","1658235","95556698","0 PAYLOAD B","1 39209U 13037B   14090.25330723  .00000858  00000-0  15993-3 0  9997","2 39209 098.0426 108.4980 0003086 273.2236 086.8619 14.67457166 37281"
"2.0","GENERATED VIA SPACE-TRACK.ORG API","2014-03-31T11:11:35","18 SPCS","PAYLOAD C","2013-037C","EARTH","TEME","UTC","SGP4","2014-03-31T08:54:28.606751","14.95508087","0.00315910","97.6825","108.4427","270.7385","89.0296","0","U","39210","999","3794","0.00065608000000","0.00007284","0.0000000000000","6958.937","96.288","602.786","558.818","PAYLOAD","LARGE","PRC","2013-07-19","TSC","","1658254","95556926","0 PAYLOAD C","1 39210U 13037C   14090.37116443  .00007284  00000-0  65608-3 0  9991","2 39210 097.6825 108.4427 0031591 270.7385 089.0296 14.95508087 37945"
"2.0","GENERATED VIA SPACE-TRACK.ORG API","2014-03-31T11:11:35","18 SPCS","PAYLOAD B","2013-037B","EARTH","TEME","UTC","SGP4","2014-03-31T09:21:08.253504","14.67464948","0.00030030","98.0435","108.6328","272.6136","87.4782","0","U","39209","999","3730","0.00113150000000","0.00006363","0.0000000000000","7047.314","98.128","671.295","667.062","PAYLOAD","LARGE","PRC","2013-07-19","TSC","","1658254","95556927","0 PAYLOAD B","1 39209U 13037B   14090.38967886  .00006363  00000-0  11315-2 0  9997","2 39209 098.0435 108.6328 0003003 272.6136 087.4782 14.67464948 37307"
"2.0","GENERATED VIA SPACE-TRACK.ORG API","2014-03-31T11:11:35","18 SPCS","PAYLOAD A","2013-037A","EARTH","TEME","UTC","SGP4","2014-03-31T09:34:04.410624","14.68071770","0.00069820","98.0475","108.9347","290.0373","70.0001","0","U","39208","999","3733","0.00132160000000","0.00007547","0.0000000000000","7045.371","98.087","672.156","662.317","PAYLOAD","LARGE","PRC","2013-07-19","TSC","","1658254","95556928","0 PAYLOAD A","1 39208U 13037A   14090.39866216  .00007547  00000-0  13216-2 0  9999","2 39208 098.0475 108.9347 0006982 290.0373 070.0001 14.68071770 37333"
"2.0","GENERATED VIA SPACE-TRACK.ORG API","2014-03-31T23:21:27","18 SPCS","PAYLOAD B","2013-037B","EARTH","TEME","UTC","SGP4","2014-03-31T17:32:04.604639","14.67457693","0.00030430","98.0427","108.9671","272.1602","87.9231","0","U","39209","999","3735","0.00014766000000","0.00000788","0.0000000000000","7047.337","98.128","671.346","667.057","PAYLOAD","LARGE","PRC","2013-07-19","TSC","","1658575","95562537","0 PAYLOAD B","1 39209U 13037B   14090.73060885  .00000788  00000-0  14766-3 0  9998","2 39209 098.0427 108.9671 0003043 272.1602 087.9231 14.67457693 37357"
"2.0","GENERATED VIA SPACE-TRACK.ORG API","2014-03-31T22:23:53","18 SPCS","PAYLOAD A","2013-037A","EARTH","TEME","UTC","SGP4","2014-03-31T17:44:48.623424","14.68064214","0.00071000","98.0440","109.2695","284.2930","75.7467","0","U","39208","999","3738","0.00009447800000","0.00000494","0.0000000000000","7045.396","98.088","672.263","662.258","PAYLOAD","LARGE","PRC","2013-07-19","TSC","","1658480","95560516","0 PAYLOAD A","1 39208U 13037A   14090.73945166  .00000494  00000-0  94478-4 0  9994","2 39208 098.0440 109.2695 0007100 284.2930 075.7467 14.68064214 37380"
"2.0","GENERATED VIA SPACE-TRACK.ORG API","2014-03-31T23:22:43","18 SPCS","PAYLOAD C","2013-037C","EARTH","TEME","UTC","SGP4","2014-03-31T18:32:34.116575","14.95501373","0.00315590","97.6822","108.8347","269.4906","90.2671","0","U","39210","999","3800","0.00013116000000","0.00001407","0.0000000000000","6958.958","96.288","602.785","558.861","PAYLOAD","LARGE","PRC","2013-07-19","TSC","","1658576","95562577","0 PAYLOAD C","1 39210U 13037C   14090.77261709  .00001407  00000-0  13116-3 0  9999","2 39210 097.6822 108.8347 0031559 269.4906 090.2671 14.95501373 38005"
"2.0","GENERATED VIA SPACE-TRACK.ORG API","2014-04-01T07:39:33","18 SPCS","PAYLOAD B","2013-037B","EARTH","TEME","UTC","SGP4","2014-04-01T01:43:00.946272","14.67458510","0.00030750","98.0425","109.3017","269.8608","90.2253","0","U","39209","999","3740","0.00014965000000","0.00000799","0.0000000000000","7047.334","98.128","671.366","667.032","PAYLOAD","LARGE","PRC","2013-07-19","TSC","","1658830","95565600","0 PAYLOAD B","1 39209U 13037B   14091.07153873  .00000799  00000-0  14965-3 0  9999","2 39209 098.0425 109.3017 0003075 269.8608 090.2253 14.67458510 37404"
"2.0","GENERATED VIA SPACE-TRACK.ORG API","2014-04-01T06:28:12","18 SPCS","PAYLOAD A","2013-037A","EARTH","TEME","UTC","SGP4","2014-04-01T01:55:32.764511","14.68065579","0.00071450","98.0438","109.6047","282.5154","77.5273","0","U","39208","999","3743","0.00012492000000","0.00000669","0.0000000000000","7045.391","98.088","672.290","662.222","PAYLOAD","LARGE","PRC","2013-07-19","TSC","","1658736","95563391","0 PAYLOAD A","1 39208U 13037A   14091.08024033  .00000669  00000-0  12492-3 0  9993","2 39208 098.0438 109.6047 0007145 282.5154 077.5273 14.68065579 37436"
"2.0","GENERATED VIA SPACE-TRACK.ORG API","2014-04-01T07:40:39","18 SPCS","PAYLOAD C","2013-037C","EARTH","TEME","UTC","SGP4","2014-04-01T02:34:18.709535","14.95502721","0.00315680","97.6821","109.1628","268.1905","91.5719","0","U","39210","999","3805","0.00013326000000","0.00001431","0.0000000000000","6958.954","96.288","602.787","558.851","PAYLOAD","LARGE","PRC","2013-07-19","TSC","","1658831","95565631","0 PAYLOAD C","1 39210U 13037C   14091.10716099  .00001431  00000-0  13326-3 0  9994","2 39210 097.6821 109.1628 0031568 268.1905 091.5719 14.95502721 38055"
"2.0","GENERATED VIA SPACE-TRACK.ORG API","2014-04-01T15:22:08","18 SPCS","PAYLOAD C","2013-037C","EARTH","TEME","UTC","SGP4","2014-04-01T08:59:42.313055","14.95503719","0.00315660","97.6822","109.4251","267.2123","92.5496","0","U","39210","999","3809","0.00013492000000","0.00001449","0.0000000000000","6958.951","96.288","602.782","558.849","PAYLOAD","LARGE","PRC","2013-07-19","TSC","","1658961","95568354","0 PAYLOAD C","1 39210U 13037C   14091.37479529  .00001449  00000-0  13492-3 0  9990","2 39210 097.6822 109.4251 0031566 267.2123 092.5496 14.95503719 38096"
"2.0","GENERATED VIA SPACE-TRACK.ORG API","2014-04-01T15:20:46","18 SPCS","PAYLOAD B","2013-037B","EARTH","TEME","UTC","SGP4","2014-04-01T09:53:57.190272","14.67460725","0.00030710","98.0425","109.6366","269.1348","90.9523","0","U","39209","999","3745","0.00021461000000","0.00001167","0.0000000000000","7047.327","98.128","671.356","667.028","PAYLOAD","LARGE","PRC","2013-07-19","TSC","","1658958","95568274","0 PAYLOAD B","1 39209U 13037B   14091.41246748  .00001167  00000-0  21461-3 0  9990","2 39209 098.0425 109.6366 0003071 269.1348 090.9523 14.67460725 37457"
"2.0","GENERATED VIA SPACE-TRACK.ORG API","2014-04-01T14:25:05","18 SPCS","PAYLOAD A","2013-037A","EARTH","TEME","UTC","SGP4","2014-04-01T10:06:16.859807","14.68066026","0.00071300","98.0439","109.9397","281.3711","78.6693","0","U","39208","999","3748","0.00011997000000","0.00000640","0.0000000000000","7045.390","98.088","672.278","662.231","PAYLOAD","LARGE","PRC","2013-07-19","TSC","","1658873","95566352","0 PAYLOAD A","1 39208U 13037A   14091.42102847  .00000640  00000-0  11997-3 0  9999","2 39208 098.0439 109.9397 0007130 281.3711 078.6693 14.68066026 37489"
"2.0","GENERATED VIA SPACE-TRACK.ORG API","2014-04-01T23:19:36","18 SPCS","PAYLOAD B","2013-037B","EARTH","TEME","UTC","SGP4","2014-04-01T18:04:53.480064","14.67460099","0.00030560","98.0424","109.9714","267.2417","92.8413","0","U","39209","999","3750","0.00016430000000","0.00000882","0.0000000000000","7047.329","98.128","671.348","667.040","PAYLOAD","LARGE","PRC","2013-07-19","TSC","","1659153","95571234","0 PAYLOAD B","1 39209U 13037B   14091.75339676  .00000882  00000-0  16430-3 0  9993","2 39209 098.0424 109.9714 0003056 267.2417 092.8413 14.67460099 37504"
"2.0","GENERATED VIA SPACE-TRACK.ORG API","2014-04-01T22:26:10","18 SPCS","PAYLOAD A","2013-037A","EARTH","TEME","UTC","SGP4","2014-04-01T18:17:01.028544","14.68065660","0.00070940","98.0437","110.2746","279.4905","80.5489","0","U","39208","999","3753","0.00009648900000","0.00000506","0.0000000000000","7045.391","98.088","672.254","662.258","PAYLOAD","LARGE","PRC","2013-07-19","TSC","","1659068","95569418","0 PAYLOAD A","1 39208U 13037A   14091.76181746  .00000506  00000-0  96489-4 0  9992","2 39208 098.0437 110.2746 0007094 279.4905 080.5489 14.68065660 37536"
"2.0","GENERATED VIA SPACE-TRACK.ORG API","2014-04-01T23:22:07","18 SPCS","PAYLOAD C","2013-037C","EARTH","TEME","UTC","SGP4","2014-04-01T18:37:47.709695","14.95505506","0.00314390","97.6822","109.8193","265.7579","94.0038","0","U","39210","999","3815","0.00014972000000","0.00001615","0.0000000000000","6958.945","96.288","602.688","558.932","PAYLOAD","LARGE","PRC","2013-07-19","TSC","","1659158","95571327","0 PAYLOAD C","1 39210U 13037C   14091.77624664  .00001615  00000-0  14972-3 0  9995","2 39210 097.6822 109.8193 0031439 265.7579 094.0038 14.95505506 38154"
"2.0","GENERATED VIA SPACE-TRACK.ORG API","2014-04-02T07:37:36","18 SPCS","PAYLOAD B","2013-037B","EARTH","TEME","UTC","SGP4","2014-04-02T02:15:49.785407","14.67460881","0.00030750","98.0422","110.3061","264.6721","95.4155","0","U","39209","999","3755","0.00014903000000","0.00000796","0.0000000000000","7047.327","98.128","671.359","667.025","PAYLOAD","LARGE","PRC","2013-07-19","TSC","","1659377","95574191","0 PAYLOAD B","1 39209U 13037B   14092.09432622  .00000796  00000-0  14903-3 0  9993","2 39209 098.0422 110.3061 0003075 264.6721 095.4155 14.67460881 37559"
"2.0","GENERATED VIA SPACE-TRACK.ORG API","2014-04-02T06:36:18","18 SPCS","PAYLOAD A","2013-037A","EARTH","TEME","UTC","SGP4","2014-04-02T02:27:45.142847","14.68067221","0.00071190","98.0435","110.6096","278.4598","81.5824","0","U","39208","999","3758","0.00013445000000","0.00000724","0.0000000000000","7045.386","98.088","672.267","662.235","PAYLOAD","LARGE","PRC","2013-07-19","TSC","","1659292","95572133","0 PAYLOAD A","1 39208U 13037A   14092.10260582  .00000724  00000-0  13445-3 0  9999","2 39208 098.0435 110.6096 0007119 278.4598 081.5824 14.68067221 37585"
"2.0","GENERATED VIA SPACE-TRACK.ORG API","2014-04-02T07:38:47","18 SPCS","PAYLOAD C","2013-037C","EARTH","TEME","UTC","SGP4","2014-04-02T02:39:32.198975","14.95507473","0.00314780","97.6819","110.1471","264.4049","95.3616","0","U","39210","999","3820","0.00016196000000","0.00001752","0.0000000000000","6958.939","96.288","602.709","558.899","PAYLOAD","LARGE","PRC","2013-07-19","TSC","","1659378","95574223","0 PAYLOAD C","1 39210U 13037C   14092.11078934  .00001752  00000-0  16196-3 0  9999","2 39210 097.6819 110.1471 0031478 264.4049 095.3616 14.95507473 38202"
"2.0","GENERATED VIA SPACE-TRACK.ORG API","2014-04-02T14:23:50","18 SPCS","PAYLOAD A","2013-037A","EARTH","TEME","UTC","SGP4","2014-04-02T09:00:20.385215","14.68067783","0.00071220","98.0437","110.8779","277.6704","82.3696","0","U","39208","999","3762","0.00013852000000","0.00000747","0.0000000000000","7045.384","98.088","672.267","662.232","PAYLOAD","LARGE","PRC","2013-07-19","TSC","","1659416","95574880","0 PAYLOAD A","1 39208U 13037A   14092.37523594  .00000747  00000-0  13852-3 0  9990","2 39208 098.0437 110.8779 0007122 277.6704 082.3696 14.68067783 37625"
"2.0","GENERATED VIA SPACE-TRACK.ORG API","2014-04-02T15:25:15","18 SPCS","PAYLOAD C","2013-037C","EARTH","TEME","UTC","SGP4","2014-04-02T09:04:55.698815","14.95509040","0.00314340","97.6820","110.4098","263.4718","96.2930","0","U","39210","999","3824","0.00017321000000","0.00001878","0.0000000000000","6958.934","96.288","602.674","558.924","PAYLOAD","LARGE","PRC","2013-07-19","TSC","","1659513","95576992","0 PAYLOAD C","1 39210U 13037C   14092.37842244  .00001878  00000-0  17321-3 0  9990","2 39210 097.6820 110.4098 0031434 263.4718 096.2930 14.95509040 38241"
"2.0","GENERATED VIA SPACE-TRACK.ORG API","2014-04-02T15:24:07","18 SPCS","PAYLOAD B","2013-037B","EARTH","TEME","UTC","SGP4","2014-04-02T10:26:46.002623","14.67463583","0.00030210","98.0424","110.6413","264.9748","95.1135","0","U","39209","999","3760","0.00026435000000","0.00001449","0.0000000000000","7047.318","98.128","671.312","667.054","PAYLOAD","LARGE","PRC","2013-07-19","TSC","","1659510","95576958","0 PAYLOAD B","1 39209U 13037B   14092.43525466  .00001449  00000-0  26435-3 0  9999","2 39209 098.0424 110.6413 0003021 264.9748 095.1135 14.67463583 37601"
"2.0","GENERATED VIA SPACE-TRACK.ORG API","2014-04-02T22:27:01","18 SPCS","PAYLOAD A","2013-037A","EARTH","TEME","UTC","SGP4","2014-04-02T17:11:04.530624","14.68067193","0.00070530","98.0436","111.2127","275.5631","84.4757","0","U","39208","999","3767","0.00010725000000","0.00000567","0.0000000000000","7045.386","98.088","672.220","662.282","PAYLOAD","LARGE","PRC","2013-07-19","TSC","","1659571","95577778","0 PAYLOAD A","1 39208U 13037A   14092.71602466  .00000567  00000-0  10725-3 0  9990","2 39208 098.0436 111.2127 0007053 275.5631 084.4757 14.68067193 37676"
"2.0","GENERATED VIA SPACE-TRACK.ORG API","2014-04-02T23:19:03","18 SPCS","PAYLOAD B","2013-037B","EARTH","TEME","UTC","SGP4","2014-04-02T18:37:42.293280","14.67460486","0.00030350","98.0423","110.9755","262.7215","97.3606","0","U","39209","999","3765","0.00007833800000","0.00000396","0.0000000000000","7047.328","98.128","671.332","667.054","PAYLOAD","LARGE","PRC","2013-07-19","TSC","","1659655","95579670","0 PAYLOAD B","1 39209U 13037B   14092.77618395  .00000396  00000-0  78338-4 0  9990","2 39209 098.0423 110.9755 0003035 262.7215 097.3606 14.67460486 37653"
"2.0","GENERATED VIA SPACE-TRACK.ORG API","2014-04-02T23:20:02","18 SPCS","PAYLOAD C","2013-037C","EARTH","TEME","UTC","SGP4","2014-04-02T18:43:01.044479","14.95509422","0.00314170","97.6819","110.8032","262.0551","97.7079","0","U","39210","999","3830","0.00015401000000","0.00001663","0.0000000000000","6958.933","96.288","602.661","558.935","PAYLOAD","LARGE","PRC","2013-07-19","TSC","","1659657","95579689","0 PAYLOAD C","1 39210U 13037C   14092.77987320  .00001663  00000-0  15401-3 0  9998","2 39210 097.6819 110.8032 0031417 262.0551 097.7079 14.95509422 38303"
"2.0","GENERATED VIA SPACE-TRACK.ORG API","2014-04-03T07:39:29","18 SPCS","PAYLOAD B","2013-037B","EARTH","TEME","UTC","SGP4","2014-04-03T01:10:27.354144","14.67461662","0.00030530","98.0423","111.2432","261.2004","98.8874","0","U","39209","999","3769","0.00011584000000","0.00000608","0.0000000000000","7047.324","98.128","671.341","667.038","PAYLOAD","LARGE","PRC","2013-07-19","TSC","","1659845","95582601","0 PAYLOAD B","1 39209U 13037B   14093.04892771  .00000608  00000-0  11584-3 0  9998","2 39209 098.0423 111.2432 0003053 261.2004 098.8874 14.67461662 37693"
"2.0","GENERATED VIA SPACE-TRACK.ORG API","2014-04-03T06:27:54","18 SPCS","PAYLOAD A","2013-037A","EARTH","TEME","UTC","SGP4","2014-04-03T01:21:48.630240","14.68068044","0.00070780","98.0434","111.5482","274.4424","85.5980","0","U","39208","999","3772","0.00011653000000","0.00000621","0.0000000000000","7045.383","98.088","672.235","662.262","PAYLOAD","LARGE","PRC","2013-07-19","TSC","","1659753","95580416","0 PAYLOAD A","1 39208U 13037A   14093.05681285  .00000621  00000-0  11653-3 0  9996","2 39208 098.0434 111.5482 0007078 274.4424 085.5980 14.68068044 37728"
"2.0","GENERATED VIA SPACE-TRACK.ORG API","2014-04-03T07:40:56","18 SPCS","PAYLOAD C","2013-037C","EARTH","TEME","UTC","SGP4","2014-04-03T02:44:45.501792","14.95511128","0.00314600","97.6815","111.1314","260.7052","99.0642","0","U","39210","999","3835","0.00016258000000","0.00001759","0.0000000000000","6958.928","96.288","602.685","558.900","PAYLOAD","LARGE","PRC","2013-07-19","TSC","","1659846","95582622","0 PAYLOAD C","1 39210U 13037C   14093.11441553  .00001759  00000-0  16258-3 0  9997","2 39210 097.6815 111.1314 0031460 260.7052 099.0642 14.95511128 38357"
"2.0","GENERATED VIA SPACE-TRACK.ORG API","2014-04-03T11:15:01","18 SPCS","PAYLOAD A","2013-037A","EARTH","TEME","UTC","SGP4","2014-04-03T06:16:15.073247","14.68067955","0.00070740","98.0433","111.7490","273.5388","86.5003","0","U","39208","999","3775","0.00009998000000","0.00000526","0.0000000000000","7045.384","98.088","672.233","662.265","PAYLOAD","LARGE","PRC","2013-07-19","TSC","","1659864","95582952","0 PAYLOAD A","1 39208U 13037A   14093.26128557  .00000526  00000-0  99980-4 0  9991","2 39208 098.0433 111.7490 0007074 273.5388 086.5003 14.68067955 37753"
"2.0","GENERATED VIA SPACE-TRACK.ORG API","2014-04-03T10:50:49","18 SPCS","PAYLOAD C","2013-037C","EARTH","TEME","UTC","SGP4","2014-04-03T09:10:08.960160","14.95512997","0.00314310","97.6817","111.3941","259.8803","99.8882","0","U","39210","999","3839","0.00018264000000","0.00001984","0.0000000000000","6958.922","96.288","602.659","558.914","PAYLOAD","LARGE","PRC","2013-07-19","TSC","","1659860","95582862","0 PAYLOAD C","1 39210U 13037C   14093.38204815  .00001984  00000-0  18264-3 0  9993","2 39210 097.6817 111.3941 0031431 259.8803 099.8882 14.95512997 38391"
"2.0","GENERATED VIA SPACE-TRACK.ORG API","2014-04-03T11:30:30","18 SPCS","PAYLOAD B","2013-037B","EARTH","TEME","UTC","SGP4","2014-04-03T09:21:23.565312","14.67462718","0.00030670","98.0423","111.5782","261.1527","98.9341","0","U","39209","999","3774","0.00014278000000","0.00000761","0.0000000000000","7047.321","98.128","671.347","667.024","PAYLOAD","LARGE","PRC","2013-07-19","TSC","","1659884","95583450","0 PAYLOAD B","1 39209U 13037B   14093.38985608  .00000761  00000-0  14278-3 0  9990","2 39209 098.0423 111.5782 0003067 261.1527 098.9341 14.67462718 37747"
"2.0","GENERATED VIA SPACE-TRACK.ORG API","2014-04-03T17:58:36","18 SPCS","PAYLOAD A","2013-037A","EARTH","TEME","UTC","SGP4","2014-04-03T16:05:07.974815","14.68068394","0.00070090","98.0437","112.1508","272.0797","87.9580","0","U","39208","999","3781","0.00010242000000","0.00000540","0.0000000000000","7045.382","98.088","672.185","662.309","PAYLOAD","LARGE","PRC","2013-07-19","TSC","","1659983","95584559","0 PAYLOAD A","1 39208U 13037A   14093.67023119  .00000540  00000-0  10242-3 0  9993","2 39208 098.0437 112.1508 0007009 272.0797 087.9580 14.68068394 37818"
"2.0","GENERATED VIA SPACE-TRACK.ORG API","2014-04-04T00:19:21","18 SPCS","PAYLOAD B","2013-037B","EARTH","TEME","UTC","SGP4","2014-04-03T17:32:19.798943","14.67462328","0.00030620","98.0426","111.9131","259.6779","100.4051","0","U","39209","999","3779","0.00011522000000","0.00000605","0.0000000000000","7047.322","98.128","671.345","667.029","PAYLOAD","LARGE","PRC","2013-07-19","TSC","","1660283","95589643","0 PAYLOAD B","1 39209U 13037B   14093.73078471  .00000605  00000-0  11522-3 0  9996","2 39209 098.0426 111.9131 0003062 259.6779 100.4051 14.67462328 37797"
"2.0","GENERATED VIA SPACE-TRACK.ORG API","2014-04-03T22:37:46","18 SPCS","PAYLOAD A","2013-037A","EARTH","TEME","UTC","SGP4","2014-04-03T19:21:25.652160","14.68068393","0.00070040","98.0435","112.2852","271.7383","88.3013","0","U","39208","999","3783","0.00009648700000","0.00000506","0.0000000000000","7045.382","98.088","672.182","662.313","PAYLOAD","LARGE","PRC","2013-07-19","TSC","","1660124","95585983","0 PAYLOAD A","1 39208U 13037A   14093.80654690  .00000506  00000-0  96487-4 0  9990","2 39208 098.0435 112.2852 0007004 271.7383 088.3013 14.68068393 37838"
"2.0","GENERATED VIA SPACE-TRACK.ORG API","2014-04-04T00:21:23","18 SPCS","PAYLOAD C","2013-037C","EARTH","TEME","UTC","SGP4","2014-04-03T20:24:35.181215","14.95513101","0.00314170","97.6817","111.8535","258.0085","101.7633","0","U","39210","999","3846","0.00015269000000","0.00001648","0.0000000000000","6958.922","96.288","602.649","558.924","PAYLOAD","LARGE","PRC","2013-07-19","TSC","","1660286","95589723","0 PAYLOAD C","1 39210U 13037C   14093.85040719  .00001648  00000-0  15269-3 0  9995","2 39210 097.6817 111.8535 0031417 258.0085 101.7633 14.95513101 38465"
"2.0","GENERATED VIA SPACE-TRACK.ORG API","2014-04-04T06:22:46","18 SPCS","PAYLOAD A","2013-037A","EARTH","TEME","UTC","SGP4","2014-04-04T00:15:52.117632","14.68068597","0.00070060","98.0435","112.4861","271.0553","88.9850","0","U","39208","999","3786","0.00009549900000","0.00000500","0.0000000000000","7045.382","98.088","672.183","662.311","PAYLOAD","LARGE","PRC","2013-07-19","TSC","","1660382","95590523","0 PAYLOAD A","1 39208U 13037A   14094.01101988  .00000500  00000-0  95499-4 0  9997","2 39208 098.0435 112.4861 0007006 271.0553 088.9850 14.68068597 37868"
"2.0","GENERATED VIA SPACE-TRACK.ORG API","2014-04-04T07:17:15","18 SPCS","PAYLOAD B","2013-037B","EARTH","TEME","UTC","SGP4","2014-04-04T01:43:16.044671","14.67463809","0.00030680","98.0424","112.2483","256.9519","103.1362","0","U","39209","999","3784","0.00015390000000","0.00000824","0.0000000000000","7047.317","98.128","671.344","667.020","PAYLOAD","LARGE","PRC","2013-07-19","TSC","","1660466","95592499","0 PAYLOAD B","1 39209U 13037B   14094.07171348  .00000824  00000-0  15390-3 0  9991","2 39209 098.0424 112.2483 0003068 256.9519 103.1362 14.67463809 37843"
"2.0","GENERATED VIA SPACE-TRACK.ORG API","2014-04-04T07:18:10","18 SPCS","PAYLOAD C","2013-037C","EARTH","TEME","UTC","SGP4","2014-04-04T04:26:19.470911","14.95514922","0.00314370","97.6817","112.1812","256.8551","102.9166","0","U","39210","999","3851","0.00016258000000","0.00001759","0.0000000000000","6958.916","96.287","602.658","558.904","PAYLOAD","LARGE","PRC","2013-07-19","TSC","","1660467","95592525","0 PAYLOAD C","1 39210U 13037C   14094.18494758  .00001759  00000-0  16258-3 0  9990","2 39210 097.6817 112.1812 0031437 256.8551 102.9166 14.95514922 38515"
"2.0","GENERATED VIA SPACE-TRACK.ORG API","2014-04-04T15:19:53","18 SPCS","PAYLOAD B","2013-037B","EARTH","TEME","UTC","SGP4","2014-04-04T09:54:12.220416","14.67464704","0.00030580","98.0425","112.5830","256.3427","103.7444","0","U","39209","999","3789","0.00016395000000","0.00000880","0.0000000000000","7047.314","98.128","671.334","667.024","PAYLOAD","LARGE","PRC","2013-07-19","TSC","","1660595","95595005","0 PAYLOAD B","1 39209U 13037B   14094.41264144  .00000880  00000-0  16395-3 0  9994","2 39209 098.0425 112.5830 0003058 256.3427 103.7444 14.67464704 37891"
"2.0","GENERATED VIA SPACE-TRACK.ORG API","2014-04-04T14:25:06","18 SPCS","PAYLOAD A","2013-037A","EARTH","TEME","UTC","SGP4","2014-04-04T10:04:45.018335","14.68069036","0.00070070","98.0435","112.8879","269.7538","90.2863","0","U","39208","999","3792","0.00009513800000","0.00000498","0.0000000000000","7045.380","98.088","672.182","662.309","PAYLOAD","LARGE","PRC","2013-07-19","TSC","","1660510","95593121","0 PAYLOAD A","1 39208U 13037A   14094.41996549  .00000498  00000-0  95138-4 0  9992","2 39208 098.0435 112.8879 0007007 269.7538 090.2863 14.68069036 37925"
"2.0","GENERATED VIA SPACE-TRACK.ORG API","2014-04-04T15:21:11","18 SPCS","PAYLOAD C","2013-037C","EARTH","TEME","UTC","SGP4","2014-04-04T12:28:03.796031","14.95516347","0.00314060","97.6816","112.5087","255.6321","104.1430","0","U","39210","999","3856","0.00016189000000","0.00001752","0.0000000000000","6958.911","96.287","602.632","558.921","PAYLOAD","LARGE","PRC","2013-07-19","TSC","","1660597","95595054","0 PAYLOAD C","1 39210U 13037C   14094.51948838  .00001752  00000-0  16189-3 0  9996","2 39210 097.6816 112.5087 0031406 255.6321 104.1430 14.95516347 38566"
"2.0","GENERATED VIA SPACE-TRACK.ORG API","2014-04-04T22:59:21","18 SPCS","PAYLOAD B","2013-037B","EARTH","TEME","UTC","SGP4","2014-04-04T18:05:08.439360","14.67464269","0.00030320","98.0427","112.9180","254.1849","105.9001","0","U","39209","999","3794","0.00012924000000","0.00000684","0.0000000000000","7047.316","98.128","671.318","667.044","PAYLOAD","LARGE","PRC","2013-07-19","TSC","","1660740","95596904","0 PAYLOAD B","1 39209U 13037B   14094.75356990  .00000684  00000-0  12924-3 0  9998","2 39209 098.0427 112.9180 0003032 254.1849 105.9001 14.67464269 37946"
"2.0","GENERATED VIA SPACE-TRACK.ORG API","2014-04-04T22:20:54","18 SPCS","PAYLOAD A","2013-037A","EARTH","TEME","UTC","SGP4","2014-04-04T18:15:29.136959","14.68069530","0.00070310","98.0430","113.2228","267.5636","92.4827","0","U","39208","999","3797","0.00008920300000","0.00000464","0.0000000000000","7045.379","98.087","672.197","662.290","PAYLOAD","LARGE","PRC","2013-07-19","TSC","","1660687","95595619","0 PAYLOAD A","1 39208U 13037A   14094.76075390  .00000464  00000-0  89203-4 0  9991","2 39208 098.0430 113.2228 0007031 267.5636 092.4827 14.68069530 37973"
"2.0","GENERATED VIA SPACE-TRACK.ORG API","2014-04-04T22:59:38","18 SPCS","PAYLOAD C","2013-037C","EARTH","TEME","UTC","SGP4","2014-04-04T20:29:48.139295","14.95517221","0.00314020","97.6817","112.8374","254.1947","105.5831","0","U","39210","999","3861","0.00016294000000","0.00001763","0.0000000000000","6958.909","96.287","602.626","558.921","PAYLOAD","LARGE","PRC","2013-07-19","TSC","","1660741","95596928","0 PAYLOAD C","1 39210U 13037C   14094.85402939  .00001763  00000-0  16294-3 0  9999","2 39210 097.6817 112.8374 0031402 254.1947 105.5831 14.95517221 38611"
"2.0","GENERATED VIA SPACE-TRACK.ORG API","2014-04-05T07:57:24","18 SPCS","PAYLOAD B","2013-037B","EARTH","TEME","UTC","SGP4","2014-04-05T02:16:04.663487","14.67464952","0.00030650","98.0423","113.2531","252.1536","107.9351","0","U","39209","999","3799","0.00012919000000","0.00000684","0.0000000000000","7047.314","98.128","671.339","667.019","PAYLOAD","LARGE","PRC","2013-07-19","TSC","","1660966","95599905","0 PAYLOAD B","1 39209U 13037B   14095.09449842  .00000684  00000-0  12919-3 0  9999","2 39209 098.0423 113.2531 0003065 252.1536 107.9351 14.67464952 37997"
"2.0","GENERATED VIA SPACE-TRACK.ORG API","2014-04-05T06:24:17","18 SPCS","PAYLOAD A","2013-037A","EARTH","TEME","UTC","SGP4","2014-04-05T02:26:13.081919","14.68070998","0.00070110","98.0432","113.5579","266.4505","93.5915","0","U","39208","999","3802","0.00013832000000","0.00000746","0.0000000000000","7045.374","98.087","672.178","662.299","PAYLOAD","LARGE","PRC","2013-07-19","TSC","","1660872","95597652","0 PAYLOAD A","1 39208U 13037A   14095.10154030  .00000746  00000-0  13832-3 0  9996","2 39208 098.0432 113.5579 0007011 266.4505 093.5915 14.68070998 38025"
"2.0","GENERATED VIA SPACE-TRACK.ORG API","2014-04-05T07:58:47","18 SPCS","PAYLOAD C","2013-037C","EARTH","TEME","UTC","SGP4","2014-04-05T04:31:32.357280","14.95519349","0.00314170","97.6817","113.1655","253.1913","106.5860","0","U","39210","999","3866","0.00018115000000","0.00001967","0.0000000000000","6958.902","96.287","602.630","558.904","PAYLOAD","LARGE","PRC","2013-07-19","TSC","","1660968","95599948","0 PAYLOAD C","1 39210U 13037C   14095.18856895  .00001967  00000-0  18115-3 0  9990","2 39210 097.6817 113.1655 0031417 253.1913 106.5860 14.95519349 38666"
"2.0","GENERATED VIA SPACE-TRACK.ORG API","2014-04-05T15:38:07","18 SPCS","PAYLOAD B","2013-037B","EARTH","TEME","UTC","SGP4","2014-04-05T08:48:49.581792","14.67465504","0.00030610","98.0423","113.5208","251.5885","108.4991","0","U","39209","999","3803","0.00013261000000","0.00000703","0.0000000000000","7047.312","98.128","671.334","667.020","PAYLOAD","LARGE","PRC","2013-07-19","TSC","","1661117","95603362","0 PAYLOAD B","1 39209U 13037B   14095.36724053  .00000703  00000-0  13261-3 0  9992","2 39209 098.0423 113.5208 0003061 251.5885 108.4991 14.67465504 38033"
"2.0","GENERATED VIA SPACE-TRACK.ORG API","2014-04-05T14:32:02","18 SPCS","PAYLOAD A","2013-037A","EARTH","TEME","UTC","SGP4","2014-04-05T08:58:48.300959","14.68071200","0.00069830","98.0432","113.8262","265.8162","94.2248","0","U","39208","999","3806","0.00012409000000","0.00000664","0.0000000000000","7045.373","98.087","672.158","662.319","PAYLOAD","LARGE","PRC","2013-07-19","TSC","","1661016","95600938","0 PAYLOAD A","1 39208U 13037A   14095.37417015  .00000664  00000-0  12409-3 0  9998","2 39208 098.0432 113.8262 0006983 265.8162 094.2248 14.68071200 38064"
"2.0","GENERATED VIA SPACE-TRACK.ORG API","2014-04-05T15:38:24","18 SPCS","PAYLOAD C","2013-037C","EARTH","TEME","UTC","SGP4","2014-04-05T12:33:16.610687","14.95520831","0.00314020","97.6818","113.4933","252.1199","107.6598","0","U","39210","999","3871","0.00018244000000","0.00001982","0.0000000000000","6958.898","96.287","602.615","558.910","PAYLOAD","LARGE","PRC","2013-07-19","TSC","","1661118","95603404","0 PAYLOAD C","1 39210U 13037C   14095.52310892  .00001982  00000-0  18244-3 0  9990","2 39210 097.6818 113.4933 0031402 252.1199 107.6598 14.95520831 38712"
"2.0","GENERATED VIA SPACE-TRACK.ORG API","2014-04-05T22:24:31","18 SPCS","PAYLOAD A","2013-037A","EARTH","TEME","UTC","SGP4","2014-04-05T17:09:32.377247","14.68070437","0.00070060","98.0432","114.1611","265.0164","95.0223","0","U","39208","999","3811","0.00007825300000","0.00000401","0.0000000000000","7045.376","98.087","672.177","662.305","PAYLOAD","LARGE","PRC","2013-07-19","TSC","","1661169","95604080","0 PAYLOAD A","1 39208U 13037A   14095.71495807  .00000401  00000-0  78253-4 0  9990","2 39208 098.0432 114.1611 0007006 265.0164 095.0223 14.68070437 38116"
"2.0","GENERATED VIA SPACE-TRACK.ORG API","2014-04-05T23:27:28","18 SPCS","PAYLOAD B","2013-037B","EARTH","TEME","UTC","SGP4","2014-04-05T18:37:56.998560","14.67465646","0.00030880","98.0424","113.9225","249.8924","110.1941","0","U","39209","999","3809","0.00011694000000","0.00000614","0.0000000000000","7047.311","98.128","671.353","667.000","PAYLOAD","LARGE","PRC","2013-07-19","TSC","","1661293","95606233","0 PAYLOAD B","1 39209U 13037B   14095.77635415  .00000614  00000-0  11694-3 0  9999","2 39209 098.0424 113.9225 0003088 249.8924 110.1941 14.67465646 38098"
"2.0","GENERATED VIA SPACE-TRACK.ORG API","2014-04-05T23:29:51","18 SPCS","PAYLOAD C","2013-037C","EARTH","TEME","UTC","SGP4","2014-04-05T20:35:00.870144","14.95520977","0.00314260","97.6820","113.8213","250.8469","108.9332","0","U","39210","999","3876","0.00016080000000","0.00001740","0.0000000000000","6958.897","96.287","602.631","558.893","PAYLOAD","LARGE","PRC","2013-07-19","TSC","","1661296","95606302","0 PAYLOAD C","1 39210U 13037C   14095.85764896  .00001740  00000-0  16080-3 0  9991","2 39210 097.6820 113.8213 0031426 250.8469 108.9332 14.95520977 38767"
"2.0","GENERATED VIA SPACE-TRACK.ORG API","2014-04-06T07:39:51","18 SPCS","PAYLOAD B","2013-037B","EARTH","TEME","UTC","SGP4","2014-04-06T01:10:41.949696","14.67466493","0.00030820","98.0426","114.1904","248.2438","111.8449","0","U","39209","999","3813","0.00013692000000","0.00000727","0.0000000000000","7047.309","98.128","671.346","667.002","PAYLOAD","LARGE","PRC","2013-07-19","TSC","","1661521","95609159","0 PAYLOAD B","1 39209U 13037B   14096.04909664  .00000727  00000-0  13692-3 0  9995","2 39209 098.0426 114.1904 0003082 248.2438 111.8449 14.67466493 38131"
"2.0","GENERATED VIA SPACE-TRACK.ORG API","2014-04-06T06:26:51","18 SPCS","PAYLOAD A","2013-037A","EARTH","TEME","UTC","SGP4","2014-04-06T01:20:16.469951","14.68070830","0.00070100","98.0433","114.4960","264.0000","96.0404","0","U","39208","999","3816","0.00009195700000","0.00000480","0.0000000000000","7045.374","98.087","672.178","662.301","PAYLOAD","LARGE","PRC","2013-07-19","TSC","","1661435","95607123","0 PAYLOAD A","1 39208U 13037A   14096.05574618  .00000480  00000-0  91957-4 0  9999","2 39208 098.0433 114.4960 0007010 264.0000 096.0404 14.68070830 38164"
"2.0","GENERATED VIA SPACE-TRACK.ORG API","2014-04-06T07:41:14","18 SPCS","PAYLOAD C","2013-037C","EARTH","TEME","UTC","SGP4","2014-04-06T04:36:45.095904","14.95523408","0.00314050","97.6820","114.1492","249.7160","110.0700","0","U","39210","999","3881","0.00018588000000","0.00002020","0.0000000000000","6958.890","96.287","602.609","558.900","PAYLOAD","LARGE","PRC","2013-07-19","TSC","","1661523","95609201","0 PAYLOAD C","1 39210U 13037C   14096.19218861  .00002020  00000-0  18588-3 0  9992","2 39210 097.6820 114.1492 0031405 249.7160 110.0700 14.95523408 38813"
"2.0","GENERATED VIA SPACE-TRACK.ORG API","2014-04-06T14:43:10","18 SPCS","PAYLOAD B","2013-037B","EARTH","TEME","UTC","SGP4","2014-04-06T09:21:38.096927","14.67467067","0.00030890","98.0426","114.5252","246.7329","113.3559","0","U","39209","999","3818","0.00013772000000","0.00000732","0.0000000000000","7047.307","98.128","671.349","666.995","PAYLOAD","LARGE","PRC","2013-07-19","TSC","","1661575","95610248","0 PAYLOAD B","1 39209U 13037B   14096.39002427  .00000732  00000-0  13772-3 0  9999","2 39209 098.0426 114.5252 0003089 246.7329 113.3559 14.67467067 38182"
"2.0","GENERATED VIA SPACE-TRACK.ORG API","2014-04-06T14:21:49","18 SPCS","PAYLOAD A","2013-037A","EARTH","TEME","UTC","SGP4","2014-04-06T09:31:00.511680","14.68071283","0.00070110","98.0434","114.8309","262.9063","97.1346","0","U","39208","999","3821","0.00009489200000","0.00000496","0.0000000000000","7045.373","98.087","672.178","662.299","PAYLOAD","LARGE","PRC","2013-07-19","TSC","","1661545","95609525","0 PAYLOAD A","1 39208U 13037A   14096.39653370  .00000496  00000-0  94892-4 0  9997","2 39208 098.0434 114.8309 0007011 262.9063 097.1346 14.68071283 38219"
"2.0","GENERATED VIA SPACE-TRACK.ORG API","2014-04-06T14:44:28","18 SPCS","PAYLOAD C","2013-037C","EARTH","TEME","UTC","SGP4","2014-04-06T12:38:29.237855","14.95525332","0.00313840","97.6823","114.4774","248.5631","111.2250","0","U","39210","999","3886","0.00019599000000","0.00002134","0.0000000000000","6958.884","96.287","602.588","558.909","PAYLOAD","LARGE","PRC","2013-07-19","TSC","","1661576","95610264","0 PAYLOAD C","1 39210U 13037C   14096.52672729  .00002134  00000-0  19599-3 0  9995","2 39210 097.6823 114.4774 0031384 248.5631 111.2250 14.95525332 38864"
"2.0","GENERATED VIA SPACE-TRACK.ORG API","2014-04-06T22:29:33","18 SPCS","PAYLOAD B","2013-037B","EARTH","TEME","UTC","SGP4","2014-04-06T17:32:34.280448","14.67466475","0.00031100","98.0426","114.8599","246.2838","113.8018","0","U","39209","999","3823","0.00010622000000","0.00000554","0.0000000000000","7047.309","98.128","671.365","666.982","PAYLOAD","LARGE","PRC","2013-07-19","TSC","","1661648","95611117","0 PAYLOAD B","1 39209U 13037B   14096.73095232  .00000554  00000-0  10622-3 0  9996","2 39209 098.0426 114.8599 0003110 246.2838 113.8018 14.67466475 38237"
"2.0","GENERATED VIA SPACE-TRACK.ORG API","2014-04-06T22:15:46","18 SPCS","PAYLOAD A","2013-037A","EARTH","TEME","UTC","SGP4","2014-04-06T17:41:44.564640","14.68070419","0.00069610","98.0433","115.1657","261.2467","98.7938","0","U","39208","999","3826","0.00003739600000","0.00000166","0.0000000000000","7045.376","98.087","672.145","662.337","PAYLOAD","LARGE","PRC","2013-07-19","TSC","","1661627","95610651","0 PAYLOAD A","1 39208U 13037A   14096.73732135  .00000166  00000-0  37396-4 0  9992","2 39208 098.0433 115.1657 0006961 261.2467 098.7938 14.68070419 38260"
"2.0","GENERATED VIA SPACE-TRACK.ORG API","2014-04-06T22:29:50","18 SPCS","PAYLOAD C","2013-037C","EARTH","TEME","UTC","SGP4","2014-04-06T20:40:13.462751","14.95525602","0.00313450","97.6824","114.8055","247.4989","112.2911","0","U","39210","999","3891","0.00017615000000","0.00001912","0.0000000000000","6958.883","96.287","602.560","558.935","PAYLOAD","LARGE","PRC","2013-07-19","TSC","","1661649","95611130","0 PAYLOAD C","1 39210U 13037C   14096.86126693  .00001912  00000-0  17615-3 0  9996","2 39210 097.6824 114.8055 0031345 247.4989 112.2911 14.95525602 38913"
"2.0","GENERATED VIA SPACE-TRACK.ORG API","2014-04-07T06:36:11","18 SPCS","PAYLOAD A","2013-037A","EARTH","TEME","UTC","SGP4","2014-04-07T00:14:19.821695","14.68070645","0.00069600","98.0434","115.4337","260.2203","99.8217","0","U","39208","999","3830","0.00004179800000","0.00000192","0.0000000000000","7045.375","98.087","672.144","662.336","PAYLOAD","LARGE","PRC","2013-07-19","TSC","","1661750","95612185","0 PAYLOAD A","1 39208U 13037A   14097.00995164  .00000192  00000-0  41798-4 0  9996","2 39208 098.0434 115.4337 0006960 260.2203 099.8217 14.68070645 38303"
"2.0","GENERATED VIA SPACE-TRACK.ORG API","2014-04-07T08:51:39","18 SPCS","PAYLOAD B","2013-037B","EARTH","TEME","UTC","SGP4","2014-04-07T01:43:30.442368","14.67467637","0.00031460","98.0425","115.1951","244.4576","115.6326","0","U","39209","999","3828","0.00012679000000","0.00000670","0.0000000000000","7047.305","98.128","671.387","666.953","PAYLOAD","LARGE","PRC","2013-07-19","TSC","","1661937","95616617","0 PAYLOAD B","1 39209U 13037B   14097.07188012  .00000670  00000-0  12679-3 0  9996","2 39209 098.0425 115.1951 0003146 244.4576 115.6326 14.67467637 38288"
"2.0","GENERATED VIA SPACE-TRACK.ORG API","2014-04-07T08:49:33","18 SPCS","PAYLOAD C","2013-037C","EARTH","TEME","UTC","SGP4","2014-04-07T04:41:57.556320","14.95527340","0.00313940","97.6823","115.1333","246.2812","113.5116","0","U","39210","999","3896","0.00018061000000","0.00001962","0.0000000000000","6958.877","96.287","602.589","558.896","PAYLOAD","LARGE","PRC","2013-07-19","TSC","","1661923","95616300","0 PAYLOAD C","1 39210U 13037C   14097.19580505  .00001962  00000-0  18061-3 0  9990","2 39210 097.6823 115.1333 0031394 246.2812 113.5116 14.95527340 38968"
"2.0","GENERATED VIA SPACE-TRACK.ORG API","2014-04-07T15:26:15","18 SPCS","PAYLOAD B","2013-037B","EARTH","TEME","UTC","SGP4","2014-04-07T09:54:26.537760","14.67468641","0.00031310","98.0427","115.5299","243.2480","116.8421","0","U","39209","999","3833","0.00014276000000","0.00000761","0.0000000000000","7047.302","98.128","671.373","666.960","PAYLOAD","LARGE","PRC","2013-07-19","TSC","","1662065","95619461","0 PAYLOAD B","1 39209U 13037B   14097.41280715  .00000761  00000-0  14276-3 0  9993","2 39209 098.0427 115.5299 0003131 243.2480 116.8421 14.67468641 38335"
"2.0","GENERATED VIA SPACE-TRACK.ORG API","2014-04-07T14:27:25","18 SPCS","PAYLOAD A","2013-037A","EARTH","TEME","UTC","SGP4","2014-04-07T10:03:12.681791","14.68071594","0.00069600","98.0435","115.8356","259.3832","100.6617","0","U","39208","999","3836","0.00006573500000","0.00000329","0.0000000000000","7045.372","98.087","672.141","662.333","PAYLOAD","LARGE","PRC","2013-07-19","TSC","","1661975","95617392","0 PAYLOAD A","1 39208U 13037A   14097.41889678  .00000329  00000-0  65735-4 0  9992","2 39208 098.0435 115.8356 0006960 259.3832 100.6617 14.68071594 38361"
"2.0","GENERATED VIA SPACE-TRACK.ORG API","2014-04-07T15:27:32","18 SPCS","PAYLOAD C","2013-037C","EARTH","TEME","UTC","SGP4","2014-04-07T12:43:41.653343","14.95529166","0.00313760","97.6823","115.4611","245.0745","114.7228","0","U","39210","999","3901","0.00018762000000","0.00002040","0.0000000000000","6958.872","96.286","602.571","558.903","PAYLOAD","LARGE","PRC","2013-07-19","TSC","","1662067","95619515","0 PAYLOAD C","1 39210U 13037C   14097.53034321  .00002040  00000-0  18762-3 0  9994","2 39210 097.6823 115.4611 0031376 245.0745 114.7228 14.95529166 39014"
"2.0","GENERATED VIA SPACE-TRACK.ORG API","2014-04-07T23:06:46","18 SPCS","PAYLOAD B","2013-037B","EARTH","TEME","UTC","SGP4","2014-04-07T18:05:22.631423","14.67468711","0.00031640","98.0428","115.8648","241.3486","118.7384","0","U","39209","999","3838","0.00013063000000","0.00000692","0.0000000000000","7047.302","98.128","671.396","666.937","PAYLOAD","LARGE","PRC","2013-07-19","TSC","","1662243","95621835","0 PAYLOAD B","1 39209U 13037B   14097.75373416  .00000692  00000-0  13063-3 0  9997","2 39209 098.0428 115.8648 0003164 241.3486 118.7384 14.67468711 38380"
"2.0","GENERATED VIA SPACE-TRACK.ORG API","2014-04-07T22:23:15","18 SPCS","PAYLOAD A","2013-037A","EARTH","TEME","UTC","SGP4","2014-04-07T18:13:56.616384","14.68072519","0.00069230","98.0435","116.1707","258.1109","101.9310","0","U","39208","999","3841","0.00008994600000","0.00000468","0.0000000000000","7045.369","98.087","672.112","662.357","PAYLOAD","LARGE","PRC","2013-07-19","TSC","","1662169","95620405","0 PAYLOAD A","1 39208U 13037A   14097.75968306  .00000468  00000-0  89946-4 0  9999","2 39208 098.0435 116.1707 0006923 258.1109 101.9310 14.68072519 38416"
"2.0","GENERATED VIA SPACE-TRACK.ORG API","2014-04-07T23:06:46","18 SPCS","PAYLOAD C","2013-037C","EARTH","TEME","UTC","SGP4","2014-04-07T20:45:25.748640","14.95530579","0.00313620","97.6826","115.7895","244.0387","115.7607","0","U","39210","999","3906","0.00019146000000","0.00002083","0.0000000000000","6958.867","96.286","602.557","558.908","PAYLOAD","LARGE","PRC","2013-07-19","TSC","","1662243","95621863","0 PAYLOAD C","1 39210U 13037C   14097.86488135  .00002083  00000-0  19146-3 0  9990","2 39210 097.6826 115.7895 0031362 244.0387 115.7607 14.95530579 39067"
"2.0","GENERATED VIA SPACE-TRACK.ORG API","2014-04-08T07:38:36","18 SPCS","PAYLOAD B","2013-037B","EARTH","TEME","UTC","SGP4","2014-04-08T02:16:18.773471","14.67469536","0.00031800","98.0425","116.2000","239.9948","120.0971","0","U","39209","999","3843","0.00013442000000","0.00000713","0.0000000000000","7047.299","98.128","671.405","666.923","PAYLOAD","LARGE","PRC","2013-07-19","TSC","","1662483","95625272","0 PAYLOAD B","1 39209U 13037B   14098.09466173  .00000713  00000-0  13442-3 0  9993","2 39209 098.0425 116.2000 0003180 239.9948 120.0971 14.67469536 38438"
"2.0","GENERATED VIA SPACE-TRACK.ORG API","2014-04-08T06:27:59","18 SPCS","PAYLOAD A","2013-037A","EARTH","TEME","UTC","SGP4","2014-04-08T02:24:40.600224","14.68073542","0.00069840","98.0430","116.5059","257.0027","103.0430","0","U","39208","999","3846","0.00010035000000","0.00000528","0.0000000000000","7045.366","98.087","672.151","662.310","PAYLOAD","LARGE","PRC","2013-07-19","TSC","","1662375","95622700","0 PAYLOAD A","1 39208U 13037A   14098.10046991  .00000528  00000-0  10035-3 0  9995","2 39208 098.0430 116.5059 0006984 257.0027 103.0430 14.68073542 38467"
"2.0","GENERATED VIA SPACE-TRACK.ORG API","2014-04-08T07:39:36","18 SPCS","PAYLOAD C","2013-037C","EARTH","TEME","UTC","SGP4","2014-04-08T04:47:09.779135","14.95532210","0.00313310","97.6827","116.1174","242.9874","116.8146","0","U","39210","999","3911","0.00019304000000","0.00002101","0.0000000000000","6958.862","96.286","602.530","558.924","PAYLOAD","LARGE","PRC","2013-07-19","TSC","","1662485","95625320","0 PAYLOAD C","1 39210U 13037C   14098.19941874  .00002101  00000-0  19304-3 0  9998","2 39210 097.6827 116.1174 0031331 242.9874 116.8146 14.95532210 39117"
"2.0","GENERATED VIA SPACE-TRACK.ORG API","2014-04-08T14:38:42","18 SPCS","PAYLOAD A","2013-037A","EARTH","TEME","UTC","SGP4","2014-04-08T08:57:15.732864","14.68074013","0.00069930","98.0430","116.7738","256.1411","103.9020","0","U","39208","999","3850","0.00010392000000","0.00000548","0.0000000000000","7045.364","98.087","672.156","662.302","PAYLOAD","LARGE","PRC","2013-07-19","TSC","","1662552","95626471","0 PAYLOAD A","1 39208U 13037A   14098.37309876  .00000548  00000-0  10392-3 0  9996","2 39208 098.0430 116.7738 0006993 256.1411 103.9020 14.68074013 38503"
"2.0","GENERATED VIA SPACE-TRACK.ORG API","2014-04-08T15:31:10","18 SPCS","PAYLOAD B","2013-037B","EARTH","TEME","UTC","SGP4","2014-04-08T10:27:14.823071","14.67470067","0.00031850","98.0426","116.5349","238.3759","121.7140","0","U","39209","999","3848","0.00013339000000","0.00000708","0.0000000000000","7047.297","98.128","671.407","666.918","PAYLOAD","LARGE","PRC","2013-07-19","TSC","","1662631","95628445","0 PAYLOAD B","1 39209U 13037B   14098.43558823  .00000708  00000-0  13339-3 0  9994","2 39209 098.0426 116.5349 0003185 238.3759 121.7140 14.67470067 38488"
"2.0","GENERATED VIA SPACE-TRACK.ORG API","2014-04-08T15:32:09","18 SPCS","PAYLOAD C","2013-037C","EARTH","TEME","UTC","SGP4","2014-04-08T12:48:53.791487","14.95533818","0.00313070","97.6828","116.4454","241.8331","117.9727","0","U","39210","999","3916","0.00019450000000","0.00002117","0.0000000000000","6958.857","96.286","602.508","558.936","PAYLOAD","LARGE","PRC","2013-07-19","TSC","","1662633","95628488","0 PAYLOAD C","1 39210U 13037C   14098.53395592  .00002117  00000-0  19450-3 0  9995","2 39210 097.6828 116.4454 0031307 241.8331 117.9727 14.95533818 39168"
"2.0","GENERATED VIA SPACE-TRACK.ORG API","2014-04-08T22:22:06","18 SPCS","PAYLOAD A","2013-037A","EARTH","TEME","UTC","SGP4","2014-04-08T17:07:59.715839","14.68073678","0.00069970","98.0431","117.1091","254.6099","105.4307","0","U","39208","999","3855","0.00008353300000","0.00000431","0.0000000000000","7045.365","98.087","672.160","662.301","PAYLOAD","LARGE","PRC","2013-07-19","TSC","","1662720","95629154","0 PAYLOAD A","1 39208U 13037A   14098.71388560  .00000431  00000-0  83533-4 0  9990","2 39208 098.0431 117.1091 0006997 254.6099 105.4307 14.68073678 38556"
"2.0","GENERATED VIA SPACE-TRACK.ORG API","2014-04-08T23:02:36","18 SPCS","PAYLOAD B","2013-037B","EARTH","TEME","UTC","SGP4","2014-04-08T18:38:10.906367","14.67470414","0.00032200","98.0427","116.8698","237.6717","122.4162","0","U","39209","999","3853","0.00013341000000","0.00000708","0.0000000000000","7047.296","98.128","671.430","666.892","PAYLOAD","LARGE","PRC","2013-07-19","TSC","","1662778","95630512","0 PAYLOAD B","1 39209U 13037B   14098.77651512  .00000708  00000-0  13341-3 0  9993","2 39209 098.0427 116.8698 0003220 237.6717 122.4162 14.67470414 38539"
"2.0","GENERATED VIA SPACE-TRACK.ORG API","2014-04-08T23:03:58","18 SPCS","PAYLOAD C","2013-037C","EARTH","TEME","UTC","SGP4","2014-04-08T20:50:37.808160","14.95535273","0.00313180","97.6828","116.7733","240.6855","119.1251","0","U","39210","999","3921","0.00019469000000","0.00002120","0.0000000000000","6958.853","96.286","602.511","558.924","PAYLOAD","LARGE","PRC","2013-07-19","TSC","","1662779","95630536","0 PAYLOAD C","1 39210U 13037C   14098.86849315  .00002120  00000-0  19469-3 0  9992","2 39210 097.6828 116.7733 0031318 240.6855 119.1251 14.95535273 39210"
"2.0","GENERATED VIA SPACE-TRACK.ORG API","2014-04-09T07:54:27","18 SPCS","PAYLOAD B","2013-037B","EARTH","TEME","UTC","SGP4","2014-04-09T01:10:55.798751","14.67470832","0.00032100","98.0426","117.1376","236.8260","123.2638","0","U","39209","999","3857","0.00013330000000","0.00000707","0.0000000000000","7047.295","98.128","671.422","666.898","PAYLOAD","LARGE","PRC","2013-07-19","TSC","","1662942","95632862","0 PAYLOAD B","1 39209U 13037B   14099.04925693  .00000707  00000-0  13330-3 0  9995","2 39209 098.0426 117.1376 0003210 236.8260 123.2638 14.67470832 38573"
"2.0","GENERATED VIA SPACE-TRACK.ORG API","2014-04-09T06:23:00","18 SPCS","PAYLOAD A","2013-037A","EARTH","TEME","UTC","SGP4","2014-04-09T01:18:43.749792","14.68073994","0.00070120","98.0433","117.4441","253.5625","106.4810","0","U","39208","999","3860","0.00008368900000","0.00000432","0.0000000000000","7045.364","98.087","672.170","662.289","PAYLOAD","LARGE","PRC","2013-07-19","TSC","","1662872","95631164","0 PAYLOAD A","1 39208U 13037A   14099.05467303  .00000432  00000-0  83689-4 0  9994","2 39208 098.0433 117.4441 0007012 253.5625 106.4810 14.68073994 38609"
"2.0","GENERATED VIA SPACE-TRACK.ORG API","2014-04-09T07:55:23","18 SPCS","PAYLOAD C","2013-037C","EARTH","TEME","UTC","SGP4","2014-04-09T04:52:21.639935","14.95538390","0.00313530","97.6829","117.1014","239.5874","120.2248","0","U","39210","999","3926","0.00022143000000","0.00002419","0.0000000000000","6958.843","96.286","602.526","558.890","PAYLOAD","LARGE","PRC","2013-07-19","TSC","","1662943","95632892","0 PAYLOAD C","1 39210U 13037C   14099.20302824  .00002419  00000-0  22143-3 0  9994","2 39210 097.6829 117.1014 0031353 239.5874 120.2248 14.95538390 39262"
"2.0","GENERATED VIA SPACE-TRACK.ORG API","2014-04-09T15:33:11","18 SPCS","PAYLOAD B","2013-037B","EARTH","TEME","UTC","SGP4","2014-04-09T09:21:51.881183","14.67471228","0.00032180","98.0426","117.4724","234.8797","125.2112","0","U","39209","999","3862","0.00012903000000","0.00000683","0.0000000000000","7047.293","98.127","671.426","666.891","PAYLOAD","LARGE","PRC","2013-07-19","TSC","","1663086","95635790","0 PAYLOAD B","1 39209U 13037B   14099.39018381  .00000683  00000-0  12903-3 0  9998","2 39209 098.0426 117.4724 0003218 234.8797 125.2112 14.67471228 38629"
"2.0","GENERATED VIA SPACE-TRACK.ORG API","2014-04-09T14:28:45","18 SPCS","PAYLOAD A","2013-037A","EARTH","TEME","UTC","SGP4","2014-04-09T11:07:36.522623","14.68074605","0.00070070","98.0434","117.8459","252.3915","107.6525","0","U","39208","999","3866","0.00009126000000","0.00000476","0.0000000000000","7045.362","98.087","672.164","662.291","PAYLOAD","LARGE","PRC","2013-07-19","TSC","","1662986","95633655","0 PAYLOAD A","1 39208U 13037A   14099.46361716  .00000476  00000-0  91260-4 0  9992","2 39208 098.0434 117.8459 0007007 252.3915 107.6525 14.68074605 38668"
"2.0","GENERATED VIA SPACE-TRACK.ORG API","2014-04-09T15:35:53","18 SPCS","PAYLOAD C","2013-037C","EARTH","TEME","UTC","SGP4","2014-04-09T12:54:05.544287","14.95539649","0.00313180","97.6832","117.4295","238.3839","121.4303","0","U","39210","999","3931","0.00021523000000","0.00002350","0.0000000000000","6958.839","96.286","602.498","558.910","PAYLOAD","LARGE","PRC","2013-07-19","TSC","","1663094","95635975","0 PAYLOAD C","1 39210U 13037C   14099.53756417  .00002350  00000-0  21523-3 0  9996","2 39210 097.6832 117.4295 0031318 238.3839 121.4303 14.95539649 39318"
"2.0","GENERATED VIA SPACE-TRACK.ORG API","2014-04-09T23:35:22","18 SPCS","PAYLOAD B","2013-037B","EARTH","TEME","UTC","SGP4","2014-04-09T17:32:47.986080","14.67470937","0.00032710","98.0428","117.8076","232.7073","127.3826","0","U","39209","999","3867","0.00011161000000","0.00000584","0.0000000000000","7047.294","98.128","671.465","666.854","PAYLOAD","LARGE","PRC","2013-07-19","TSC","","1663326","95639628","0 PAYLOAD B","1 39209U 13037B   14099.73111095  .00000584  00000-0  11161-3 0  9997","2 39209 098.0428 117.8076 0003271 232.7073 127.3826 14.67470937 38674"
"2.0","GENERATED VIA SPACE-TRACK.ORG API","2014-04-09T22:29:21","18 SPCS","PAYLOAD A","2013-037A","EARTH","TEME","UTC","SGP4","2014-04-09T19:18:20.538431","14.68074541","0.00070080","98.0433","118.1809","251.1156","108.9285","0","U","39208","999","3871","0.00008445400000","0.00000437","0.0000000000000","7045.363","98.087","672.165","662.290","PAYLOAD","LARGE","PRC","2013-07-19","TSC","","1663222","95637258","0 PAYLOAD A","1 39208U 13037A   14099.80440438  .00000437  00000-0  84454-4 0  9993","2 39208 098.0433 118.1809 0007008 251.1156 108.9285 14.68074541 38717"
"2.0","GENERATED VIA SPACE-TRACK.ORG API","2014-04-09T23:37:16","18 SPCS","PAYLOAD C","2013-037C","EARTH","TEME","UTC","SGP4","2014-04-09T20:55:49.525536","14.95540432","0.00313530","97.6831","117.7579","237.1156","122.7049","0","U","39210","999","3936","0.00020416000000","0.00002226","0.0000000000000","6958.837","96.286","602.520","558.884","PAYLOAD","LARGE","PRC","2013-07-19","TSC","","1663328","95639672","0 PAYLOAD C","1 39210U 13037C   14099.87210099  .00002226  00000-0  20416-3 0  9996","2 39210 097.6831 117.7579 0031353 237.1156 122.7049 14.95540432 39361"
"2.0","GENERATED VIA SPACE-TRACK.ORG API","2014-04-10T07:30:40","18 SPCS","PAYLOAD B","2013-037B","EARTH","TEME","UTC","SGP4","2014-04-10T01:43:44.045183","14.67471957","0.00033140","98.0427","118.1425","231.1092","128.9835","0","U","39209","999","3872","0.00012660000000","0.00000669","0.0000000000000","7047.291","98.127","671.492","666.821","PAYLOAD","LARGE","PRC","2013-07-19","TSC","","1663490","95642197","0 PAYLOAD B","1 39209U 13037B   14100.07203756  .00000669  00000-0  12660-3 0  9992","2 39209 098.0427 118.1425 0003314 231.1092 128.9835 14.67471957 38723"
"2.0","GENERATED VIA SPACE-TRACK.ORG API","2014-04-10T06:23:35","18 SPCS","PAYLOAD A","2013-037A","EARTH","TEME","UTC","SGP4","2014-04-10T03:29:04.523999","14.68074847","0.00070000","98.0433","118.5159","250.2325","109.8125","0","U","39208","999","3876","0.00008331800000","0.00000430","0.0000000000000","7045.362","98.087","672.158","662.295","PAYLOAD","LARGE","PRC","2013-07-19","TSC","","1663413","95640375","0 PAYLOAD A","1 39208U 13037A   14100.14519125  .00000430  00000-0  83318-4 0  9994","2 39208 098.0433 118.5159 0007000 250.2325 109.8125 14.68074847 38766"
"2.0","GENERATED VIA SPACE-TRACK.ORG API","2014-04-10T07:31:58","18 SPCS","PAYLOAD C","2013-037C","EARTH","TEME","UTC","SGP4","2014-04-10T04:57:33.357311","14.95542597","0.00313590","97.6832","118.0860","236.1027","123.7210","0","U","39210","999","3941","0.00021466000000","0.00002344","0.0000000000000","6958.830","96.286","602.517","558.873","PAYLOAD","LARGE","PRC","2013-07-19","TSC","","1663492","95642228","0 PAYLOAD C","1 39210U 13037C   14100.20663608  .00002344  00000-0  21466-3 0  9991","2 39210 097.6832 118.0860 0031359 236.1027 123.7210 14.95542597 39412"
"2.0","GENERATED VIA SPACE-TRACK.ORG API","2014-04-10T15:29:22","18 SPCS","PAYLOAD B","2013-037B","EARTH","TEME","UTC","SGP4","2014-04-10T09:54:40.070591","14.67472515","0.00033150","98.0429","118.4775","228.9984","131.0944","0","U","39209","999","3877","0.00012714000000","0.00000672","0.0000000000000","7047.289","98.127","671.491","666.818","PAYLOAD","LARGE","PRC","2013-07-19","TSC","","1663633","95645003","0 PAYLOAD B","1 39209U 13037B   14100.41296378  .00000672  00000-0  12714-3 0  9996","2 39209 098.0429 118.4775 0003315 228.9984 131.0944 14.67472515 38773"
"2.0","GENERATED VIA SPACE-TRACK.ORG API","2014-04-10T15:29:40","18 SPCS","PAYLOAD C","2013-037C","EARTH","TEME","UTC","SGP4","2014-04-10T12:59:17.171807","14.95544157","0.00313630","97.6834","118.4143","234.5999","125.2281","0","U","39210","999","3946","0.00021497000000","0.00002347","0.0000000000000","6958.825","96.286","602.515","558.865","PAYLOAD","LARGE","PRC","2013-07-19","TSC","","1663634","95645044","0 PAYLOAD C","1 39210U 13037C   14100.54117097  .00002347  00000-0  21497-3 0  9991","2 39210 097.6834 118.4143 0031363 234.5999 125.2281 14.95544157 39461"
"2.0","GENERATED VIA SPACE-TRACK.ORG API","2014-04-10T15:20:13","18 SPCS","PAYLOAD A","2013-037A","EARTH","TEME","UTC","SGP4","2014-04-10T13:17:57.286463","14.68075009","0.00069950","98.0431","118.9177","248.8509","111.1937","0","U","39208","999","3882","0.00007761800000","0.00000397","0.0000000000000","7045.361","98.087","672.154","662.298","PAYLOAD","LARGE","PRC","2013-07-19","TSC","","1663618","95644636","0 PAYLOAD A","1 39208U 13037A   14100.55413526  .00000397  00000-0  77618-4 0  9995","2 39208 098.0431 118.9177 0006995 248.8509 111.1937 14.68075009 38822"
"2.0","GENERATED VIA SPACE-TRACK.ORG API","2014-04-10T23:21:19","18 SPCS","PAYLOAD B","2013-037B","EARTH","TEME","UTC","SGP4","2014-04-10T18:05:36.122784","14.67472328","0.00033690","98.0427","118.8122","226.7834","133.3079","0","U","39209","999","3882","0.00010943000000","0.00000572","0.0000000000000","7047.290","98.127","671.529","666.781","PAYLOAD","LARGE","PRC","2013-07-19","TSC","","1663810","95647916","0 PAYLOAD B","1 39209U 13037B   14100.75389031  .00000572  00000-0  10943-3 0  9993","2 39209 098.0427 118.8122 0003369 226.7834 133.3079 14.67472328 38822"
"2.0","GENERATED VIA SPACE-TRACK.ORG API","2014-04-10T23:22:42","18 SPCS","PAYLOAD C","2013-037C","EARTH","TEME","UTC","SGP4","2014-04-10T21:01:01.054559","14.95544589","0.00314000","97.6832","118.7422","233.3544","126.4787","0","U","39210","999","3951","0.00019586000000","0.00002133","0.0000000000000","6958.824","96.285","602.540","558.838","PAYLOAD","LARGE","PRC","2013-07-19","TSC","","1663813","95647964","0 PAYLOAD C","1 39210U 13037C   14100.87570665  .00002133  00000-0  19586-3 0  9990","2 39210 097.6832 118.7422 0031400 233.3544 126.4787 14.95544589 39516"
"2.0","GENERATED VIA SPACE-TRACK.ORG API","2014-04-10T22:28:43","18 SPCS","PAYLOAD A","2013-037A","EARTH","TEME","UTC","SGP4","2014-04-10T21:28:41.271168","14.68075323","0.00069840","98.0431","119.2526","247.6165","112.4302","0","U","39208","999","3887","0.00007727700000","0.00000395","0.0000000000000","7045.360","98.087","672.146","662.305","PAYLOAD","LARGE","PRC","2013-07-19","TSC","","1663729","95646104","0 PAYLOAD A","1 39208U 13037A   14100.89492212  .00000395  00000-0  77277-4 0  9990","2 39208 098.0431 119.2526 0006984 247.6165 112.4302 14.68075323 38871"
"2.0","GENERATED VIA SPACE-TRACK.ORG API","2014-04-11T07:03:18","18 SPCS","PAYLOAD B","2013-037B","EARTH","TEME","UTC","SGP4","2014-04-11T02:16:32.157696","14.67473454","0.00034390","98.0426","119.1474","224.8681","135.2275","0","U","39209","999","3887","0.00012717000000","0.00000672","0.0000000000000","7047.286","98.127","671.575","666.728","PAYLOAD","LARGE","PRC","2013-07-19","TSC","","1664036","95650153","0 PAYLOAD B","1 39209U 13037B   14101.09481664  .00000672  00000-0  12717-3 0  9998","2 39209 098.0426 119.1474 0003439 224.8681 135.2275 14.67473454 38877"
"2.0","GENERATED VIA SPACE-TRACK.ORG API","2014-04-11T07:04:23","18 SPCS","PAYLOAD C","2013-037C","EARTH","TEME","UTC","SGP4","2014-04-11T05:02:44.779199","14.95546859","0.00314630","97.6832","119.0705","232.0926","127.7443","0","U","39210","999","3956","0.00020851000000","0.00002275","0.0000000000000","6958.817","96.285","602.576","558.787","PAYLOAD","LARGE","PRC","2013-07-19","TSC","","1664037","95650185","0 PAYLOAD C","1 39210U 13037C   14101.21024050  .00002275  00000-0  20851-3 0  9995","2 39210 097.6832 119.0705 0031463 232.0926 127.7443 14.95546859 39563"
"2.0","GENERATED VIA SPACE-TRACK.ORG API","2014-04-11T15:39:10","18 SPCS","PAYLOAD B","2013-037B","EARTH","TEME","UTC","SGP4","2014-04-11T10:27:28.132128","14.67473901","0.00034360","98.0428","119.4823","223.3910","136.7026","0","U","39209","999","3892","0.00012380000000","0.00000653","0.0000000000000","7047.285","98.127","671.571","666.728","PAYLOAD","LARGE","PRC","2013-07-19","TSC","","1664207","95653546","0 PAYLOAD B","1 39209U 13037B   14101.43574227  .00000653  00000-0  12380-3 0  9999","2 39209 098.0428 119.4823 0003436 223.3910 136.7026 14.67473901 38929"
"2.0","GENERATED VIA SPACE-TRACK.ORG API","2014-04-11T15:40:04","18 SPCS","PAYLOAD C","2013-037C","EARTH","TEME","UTC","SGP4","2014-04-11T13:04:28.551359","14.95547581","0.00314660","97.6833","119.3988","230.9827","128.8559","0","U","39210","999","3961","0.00019549000000","0.00002129","0.0000000000000","6958.815","96.285","602.576","558.783","PAYLOAD","LARGE","PRC","2013-07-19","TSC","","1664208","95653580","0 PAYLOAD C","1 39210U 13037C   14101.54477490  .00002129  00000-0  19549-3 0  9991","2 39210 097.6833 119.3988 0031466 230.9827 128.8559 14.95547581 39619"
"2.0","GENERATED VIA SPACE-TRACK.ORG API","2014-04-11T22:28:14","18 SPCS","PAYLOAD A","2013-037A","EARTH","TEME","UTC","SGP4","2014-04-11T17:06:26.761535","14.68076089","0.00069640","98.0431","120.0561","244.9130","115.1354","0","U","39208","999","3899","0.00007738500000","0.00000396","0.0000000000000","7045.358","98.087","672.129","662.316","PAYLOAD","LARGE","PRC","2013-07-19","TSC","","1664309","95654506","0 PAYLOAD A","1 39208U 13037A   14101.71280974  .00000396  00000-0  77385-4 0  9993","2 39208 098.0431 120.0561 0006964 244.9130 115.1354 14.68076089 38990"
"2.0","GENERATED VIA SPACE-TRACK.ORG API","2014-04-11T23:24:12","18 SPCS","PAYLOAD B","2013-037B","EARTH","TEME","UTC","SGP4","2014-04-11T18:38:24.174815","14.67473806","0.00034870","98.0427","119.8170","221.6820","138.4110","0","U","39209","999","3897","0.00011069000000","0.00000579","0.0000000000000","7047.285","98.127","671.608","666.693","PAYLOAD","LARGE","PRC","2013-07-19","TSC","","1664391","95656524","0 PAYLOAD B","1 39209U 13037B   14101.77666869  .00000579  00000-0  11069-3 0  9990","2 39209 098.0427 119.8170 0003487 221.6820 138.4110 14.67473806 38976"
"2.0","GENERATED VIA SPACE-TRACK.ORG API","2014-04-11T23:25:29","18 SPCS","PAYLOAD C","2013-037C","EARTH","TEME","UTC","SGP4","2014-04-11T21:06:12.380544","14.95548075","0.00315120","97.6833","119.7267","229.7377","130.1073","0","U","39210","999","3966","0.00018066000000","0.00001963","0.0000000000000","6958.813","96.285","602.607","558.749","PAYLOAD","LARGE","PRC","2013-07-19","TSC","","1664393","95656569","0 PAYLOAD C","1 39210U 13037C   14101.87930996  .00001963  00000-0  18066-3 0  9990","2 39210 097.6833 119.7267 0031512 229.7377 130.1073 14.95548075 39662"
"2.0","GENERATED VIA SPACE-TRACK.ORG API","2014-04-12T07:28:01","18 SPCS","PAYLOAD B","2013-037B","EARTH","TEME","UTC","SGP4","2014-04-12T01:11:09.012768","14.67474055","0.00034880","98.0426","120.0848","220.3830","139.7122","0","U","39209","999","3901","0.00010575000000","0.00000551","0.0000000000000","7047.284","98.127","671.608","666.691","PAYLOAD","LARGE","PRC","2013-07-19","TSC","","1664596","95659296","0 PAYLOAD B","1 39209U 13037B   14102.04940987  .00000551  00000-0  10575-3 0  9998","2 39209 098.0426 120.0848 0003488 220.3830 139.7122 14.67474055 39019"
"2.0","GENERATED VIA SPACE-TRACK.ORG API","2014-04-12T06:27:18","18 SPCS","PAYLOAD A","2013-037A","EARTH","TEME","UTC","SGP4","2014-04-12T01:17:10.701312","14.68076390","0.00069710","98.0431","120.3908","243.7053","116.3435","0","U","39208","999","3904","0.00007723500000","0.00000395","0.0000000000000","7045.357","98.087","672.133","662.310","PAYLOAD","LARGE","PRC","2013-07-19","TSC","","1664522","95657456","0 PAYLOAD A","1 39208U 13037A   14102.05359608  .00000395  00000-0  77235-4 0  9995","2 39208 098.0431 120.3908 0006971 243.7053 116.3435 14.68076390 39042"
"2.0","GENERATED VIA SPACE-TRACK.ORG API","2014-04-12T07:29:38","18 SPCS","PAYLOAD C","2013-037C","EARTH","TEME","UTC","SGP4","2014-04-12T05:07:56.123327","14.95549421","0.00314980","97.6833","120.0549","228.6336","131.2162","0","U","39210","999","3971","0.00017971000000","0.00001953","0.0000000000000","6958.809","96.285","602.593","558.755","PAYLOAD","LARGE","PRC","2013-07-19","TSC","","1664598","95659332","0 PAYLOAD C","1 39210U 13037C   14102.21384402  .00001953  00000-0  17971-3 0  9997","2 39210 097.6833 120.0549 0031498 228.6336 131.2162 14.95549421 39719"
"2.0","GENERATED VIA SPACE-TRACK.ORG API","2014-04-12T15:24:50","18 SPCS","PAYLOAD B","2013-037B","EARTH","TEME","UTC","SGP4","2014-04-12T09:22:05.016576","14.67474673","0.00034830","98.0426","120.4194","219.0839","141.0124","0","U","39209","999","3906","0.00011147000000","0.00000583","0.0000000000000","7047.282","98.127","671.602","666.693","PAYLOAD","LARGE","PRC","2013-07-19","TSC","","1664770","95662138","0 PAYLOAD B","1 39209U 13037B   14102.39033584  .00000583  00000-0  11147-3 0  9993","2 39209 098.0426 120.4194 0003483 219.0839 141.0124 14.67474673 39065"
"2.0","GENERATED VIA SPACE-TRACK.ORG API","2014-04-12T12:34:11","18 SPCS","PAYLOAD A","2013-037A","EARTH","TEME","UTC","SGP4","2014-04-12T11:06:03.424896","14.68076760","0.00069740","98.0431","120.7926","242.4361","117.6132","0","U","39208","999","3910","0.00007732000000","0.00000396","0.0000000000000","7045.356","98.087","672.134","662.307","PAYLOAD","LARGE","PRC","2013-07-19","TSC","","1664633","95659521","0 PAYLOAD A","1 39208U 13037A   14102.46253964  .00000396  00000-0  77320-4 0  9994","2 39208 098.0431 120.7926 0006974 242.4361 117.6132 14.68076760 39103"
"2.0","GENERATED VIA SPACE-TRACK.ORG API","2014-04-12T15:26:11","18 SPCS","PAYLOAD C","2013-037C","EARTH","TEME","UTC","SGP4","2014-04-12T13:09:39.874752","14.95549771","0.00314900","97.6832","120.3832","227.4786","132.3742","0","U","39210","999","3976","0.00016320000000","0.00001768","0.0000000000000","6958.808","96.285","602.586","558.759","PAYLOAD","LARGE","PRC","2013-07-19","TSC","","1664772","95662191","0 PAYLOAD C","1 39210U 13037C   14102.54837818  .00001768  00000-0  16320-3 0  9998","2 39210 097.6832 120.3832 0031490 227.4786 132.3742 14.95549771 39763"
"2.0","GENERATED VIA SPACE-TRACK.ORG API","2014-04-12T23:17:36","18 SPCS","PAYLOAD B","2013-037B","EARTH","TEME","UTC","SGP4","2014-04-12T17:33:00.996191","14.67474765","0.00035190","98.0424","120.7536","216.3451","143.7491","0","U","39209","999","3911","0.00010500000000","0.00000547","0.0000000000000","7047.282","98.127","671.627","666.667","PAYLOAD","LARGE","PRC","2013-07-19","TSC","","1664957","95665094","0 PAYLOAD B","1 39209U 13037B   14102.73126153  .00000547  00000-0  10500-3 0  9998","2 39209 098.0424 120.7536 0003519 216.3451 143.7491 14.67474765 39110"
"2.0","GENERATED VIA SPACE-TRACK.ORG API","2014-04-12T22:27:40","18 SPCS","PAYLOAD A","2013-037A","EARTH","TEME","UTC","SGP4","2014-04-12T19:16:47.024255","14.68078339","0.00072500","98.0426","121.1288","236.8855","123.1646","0","U","39208","999","3915","0.00009510100000","0.00000498","0.0000000000000","7045.350","98.087","672.323","662.108","PAYLOAD","LARGE","PRC","2013-07-19","TSC","","1664874","95663331","0 PAYLOAD A","1 39208U 13037A   14102.80332204  .00000498  00000-0  95101-4 0  9997","2 39208 098.0426 121.1288 0007250 236.8855 123.1646 14.68078339 39157"
"2.0","GENERATED VIA SPACE-TRACK.ORG API","2014-04-12T23:17:51","18 SPCS","PAYLOAD C","2013-037C","EARTH","TEME","UTC","SGP4","2014-04-12T21:11:23.749728","14.95549633","0.00314990","97.6832","120.7115","226.5253","133.3355","0","U","39210","999","3981","0.00014293000000","0.00001541","0.0000000000000","6958.808","96.285","602.593","558.754","PAYLOAD","LARGE","PRC","2013-07-19","TSC","","1664958","95665121","0 PAYLOAD C","1 39210U 13037C   14102.88291377  .00001541  00000-0  14293-3 0  9995","2 39210 097.6832 120.7115 0031499 226.5253 133.3355 14.95549633 39813"
"2.0","GENERATED VIA SPACE-TRACK.ORG API","2014-04-13T06:39:09","18 SPCS","PAYLOAD B","2013-037B","EARTH","TEME","UTC","SGP4","2014-04-13T01:43:56.993951","14.67475932","0.00035620","98.0422","121.0884","215.2397","144.8591","0","U","39209","999","3916","0.00012520000000","0.00000661","0.0000000000000","7047.278","98.127","671.654","666.633","PAYLOAD","LARGE","PRC","2013-07-19","TSC","","1665084","95666121","0 PAYLOAD B","1 39209U 13037B   14103.07218743  .00000661  00000-0  12520-3 0  9994","2 39209 098.0422 121.0884 0003562 215.2397 144.8591 14.67475932 39168"
"2.0","GENERATED VIA SPACE-TRACK.ORG API","2014-04-13T03:09:06","18 SPCS","PAYLOAD C","2013-037C","EARTH","TEME","UTC","SGP4","2014-04-13T02:25:25.644000","14.90731378","0.00481080","97.6763","120.9177","189.5056","262.6428","0","U","39210","999","3984","0.00014692000000","0.00001417","0.0000000000000","6973.795","96.596","629.209","562.110","PAYLOAD","LARGE","PRC","2013-07-19","TSC","","1665010","95665319","0 PAYLOAD C","1 39210U 13037C   14103.10099125  .00001417  00000-0  14692-3 0  9993","2 39210 097.6763 120.9177 0048108 189.5056 262.6428 14.90731378 39844"
"2.0","GENERATED VIA SPACE-TRACK.ORG API","2014-04-13T06:14:19","18 SPCS","PAYLOAD A","2013-037A","EARTH","TEME","UTC","SGP4","2014-04-13T03:27:30.920832","14.68078993","0.00072720","98.0425","121.4638","235.8368","124.2156","0","U","39208","999","3920","0.00010003000000","0.00000526","0.0000000000000","7045.348","98.087","672.337","662.090","PAYLOAD","LARGE","PRC","2013-07-19","TSC","","1665054","95665459","0 PAYLOAD A","1 39208U 13037A   14103.14410788  .00000526  00000-0  10003-3 0  9998","2 39208 098.0425 121.4638 0007272 235.8368 124.2156 14.68078993 39200"
"2.0","GENERATED VIA SPACE-TRACK.ORG API","2014-04-13T05:13:55","18 SPCS","PAYLOAD C","2013-037C","EARTH","TEME","UTC","SGP4","2014-04-13T03:37:21.114047","14.89796311","0.00456020","97.6867","120.9727","186.9430","172.9114","0","U","39210","999","3985","-0.14038000000000","-0.01272413","0.0000000000000","6976.712","96.657","630.393","566.762","PAYLOAD","LARGE","PRC","2013-07-19","TSC","","1665040","95665349","0 PAYLOAD C","1 39210U 13037C   14103.15093882 -.01272413  00000-0 -14038+0 0  9991","2 39210 097.6867 120.9727 0045602 186.9430 172.9114 14.89796311 39855"
"2.0","GENERATED VIA SPACE-TRACK.ORG API","2014-04-13T07:57:08","18 SPCS","PAYLOAD C","2013-037C","EARTH","TEME","UTC","SGP4","2014-04-13T06:50:51.989280","14.89886335","0.00435650","97.6928","121.0982","188.6903","171.4509","0","U","39210","999","3987","0.06402600000000","0.00669618","0.0000000000000","6976.431","96.651","628.689","567.904","PAYLOAD","LARGE","PRC","2013-07-19","TSC","","1665088","95666209","0 PAYLOAD C","1 39210U 13037C   14103.28532395  .00669618  00000-0  64026-1 0  9990","2 39210 097.6928 121.0982 0043565 188.6903 171.4509 14.89886335 39878"
"2.0","GENERATED VIA SPACE-TRACK.ORG API","2014-04-13T09:09:46","18 SPCS","PAYLOAD C","2013-037C","EARTH","TEME","UTC","SGP4","2014-04-13T08:27:33.019199","14.89861694","0.00434840","97.6942","121.1642","188.5689","171.4650","0","U","39210","999","3988","-0.00204080000000","-0.00019959","0.0000000000000","6976.508","96.653","628.710","568.037","PAYLOAD","LARGE","PRC","2013-07-19","TSC","","1665091","95666212","0 PAYLOAD C","1 39210U 13037C   14103.35246550 -.00019959  00000-0 -20408-2 0  9999","2 39210 097.6942 121.1642 0043484 188.5689 171.4650 14.89861694 39887"
"2.0","GENERATED VIA SPACE-TRACK.ORG API","2014-04-13T14:36:10","18 SPCS","PAYLOAD B","2013-037B","EARTH","TEME","UTC","SGP4","2014-04-13T09:54:52.926047","14.67476797","0.00035210","98.0424","121.4234","214.4246","145.6732","0","U","39209","999","3921","0.00013827000000","0.00000735","0.0000000000000","7047.276","98.127","671.622","666.659","PAYLOAD","LARGE","PRC","2013-07-19","TSC","","1665151","95667026","0 PAYLOAD B","1 39209U 13037B   14103.41311257  .00000735  00000-0  13827-3 0  9999","2 39209 098.0424 121.4234 0003521 214.4246 145.6732 14.67476797 39214"
"2.0","GENERATED VIA SPACE-TRACK.ORG API","2014-04-13T14:16:23","18 SPCS","PAYLOAD A","2013-037A","EARTH","TEME","UTC","SGP4","2014-04-13T10:00:06.016319","14.68079373","0.00072710","98.0425","121.7319","234.8210","125.2318","0","U","39208","999","3924","0.00010102000000","0.00000532","0.0000000000000","7045.347","98.087","672.335","662.089","PAYLOAD","LARGE","PRC","2013-07-19","TSC","","1665118","95666339","0 PAYLOAD A","1 39208U 13037A   14103.41673630  .00000532  00000-0  10102-3 0  9992","2 39208 098.0425 121.7319 0007271 234.8210 125.2318 14.68079373 39241"
"2.0","GENERATED VIA SPACE-TRACK.ORG API","2014-04-13T14:36:10","18 SPCS","PAYLOAD C","2013-037C","EARTH","TEME","UTC","SGP4","2014-04-13T11:40:58.891872","14.89832886","0.00429820","97.6925","121.2942","188.4996","171.5390","0","U","39210","999","3990","-0.00887020000000","-0.00085691","0.0000000000000","6976.598","96.655","628.450","568.476","PAYLOAD","LARGE","PRC","2013-07-19","TSC","","1665151","95667039","0 PAYLOAD C","1 39210U 13037C   14103.48679273 -.00085691  00000-0 -88702-2 0  9992","2 39210 097.6925 121.2942 0042982 188.4996 171.5390 14.89832886 39900"
"2.0","GENERATED VIA SPACE-TRACK.ORG API","2014-04-13T15:39:30","18 SPCS","PAYLOAD A","2013-037A","EARTH","TEME","UTC","SGP4","2014-04-13T14:54:32.341823","14.68079485","0.00072680","98.0428","121.9327","233.9960","126.0566","0","U","39208","999","3927","0.00009820600000","0.00000516","0.0000000000000","7045.347","98.087","672.332","662.091","PAYLOAD","LARGE","PRC","2013-07-19","TSC","","1665189","95667353","0 PAYLOAD A","1 39208U 13037A   14103.62120766  .00000516  00000-0  98206-4 0  9996","2 39208 098.0428 121.9327 0007268 233.9960 126.0566 14.68079485 39274"
"2.0","GENERATED VIA SPACE-TRACK.ORG API","2014-04-14T01:05:18","18 SPCS","PAYLOAD B","2013-037B","EARTH","TEME","UTC","SGP4","2014-04-13T18:05:48.911712","14.67476372","0.00035720","98.0422","121.7580","212.7345","147.3617","0","U","39209","999","3926","0.00011014000000","0.00000576","0.0000000000000","7047.277","98.127","671.659","666.625","PAYLOAD","LARGE","PRC","2013-07-19","TSC","","1665543","95673870","0 PAYLOAD B","1 39209U 13037B   14103.75403833  .00000576  00000-0  11014-3 0  9997","2 39209 098.0422 121.7580 0003572 212.7345 147.3617 14.67476372 39261"
"2.0","GENERATED VIA SPACE-TRACK.ORG API","2014-04-13T22:45:21","18 SPCS","PAYLOAD A","2013-037A","EARTH","TEME","UTC","SGP4","2014-04-13T18:10:49.905120","14.68079231","0.00073250","98.0422","122.0667","232.3501","127.7013","0","U","39208","999","3929","0.00009314500000","0.00000487","0.0000000000000","7045.348","98.087","672.373","662.052","PAYLOAD","LARGE","PRC","2013-07-19","TSC","","1665316","95668685","0 PAYLOAD A","1 39208U 13037A   14103.75752205  .00000487  00000-0  93145-4 0  9993","2 39208 098.0422 122.0667 0007325 232.3501 127.7013 14.68079231 39291"
"2.0","GENERATED VIA SPACE-TRACK.ORG API","2014-04-14T01:07:46","18 SPCS","PAYLOAD C","2013-037C","EARTH","TEME","UTC","SGP4","2014-04-13T19:44:33.570527","14.89870980","0.00428860","97.6845","121.6255","187.2880","172.7874","0","U","39210","999","3995","0.00390360000000","0.00038306","0.0000000000000","6976.479","96.652","628.264","568.425","PAYLOAD","LARGE","PRC","2013-07-19","TSC","","1665547","95673961","0 PAYLOAD C","1 39210U 13037C   14103.82261077  .00038306  00000-0  39036-2 0  9994","2 39210 097.6845 121.6255 0042886 187.2880 172.7874 14.89870980 39956"
"2.0","GENERATED VIA SPACE-TRACK.ORG API","2014-04-14T01:10:24","18 SPCS","PAYLOAD C","2013-037C","EARTH","TEME","UTC","SGP4","2014-04-14T00:34:41.558303","14.89877395","0.00431110","97.6845","121.8213","186.6666","173.3951","0","U","39210","999","3998","0.00292680000000","0.00028678","0.0000000000000","6976.459","96.652","628.401","568.248","PAYLOAD","LARGE","PRC","2013-07-19","TSC","","1665552","95674078","0 PAYLOAD C","1 39210U 13037C   14104.02409211  .00028678  00000-0  29268-2 0  9998","2 39210 097.6845 121.8213 0043111 186.6666 173.3951 14.89877395 39982"
"2.0","GENERATED VIA SPACE-TRACK.ORG API","2014-04-14T07:23:34","18 SPCS","PAYLOAD B","2013-037B","EARTH","TEME","UTC","SGP4","2014-04-14T02:16:44.893055","14.67477319","0.00036280","98.0418","122.0922","210.5948","149.5062","0","U","39209","999","3931","0.00012438000000","0.00000657","0.0000000000000","7047.274","98.127","671.696","666.582","PAYLOAD","LARGE","PRC","2013-07-19","TSC","","1665781","95676614","0 PAYLOAD B","1 39209U 13037B   14104.09496404  .00000657  00000-0  12438-3 0  9992","2 39209 098.0418 122.0922 0003628 210.5948 149.5062 14.67477319 39313"
"2.0","GENERATED VIA SPACE-TRACK.ORG API","2014-04-14T06:27:53","18 SPCS","PAYLOAD A","2013-037A","EARTH","TEME","UTC","SGP4","2014-04-14T02:21:33.832800","14.68079654","0.00073200","98.0422","122.4016","231.3336","128.7214","0","U","39208","999","3934","0.00009480800000","0.00000496","0.0000000000000","7045.346","98.087","672.368","662.054","PAYLOAD","LARGE","PRC","2013-07-19","TSC","","1665721","95675145","0 PAYLOAD A","1 39208U 13037A   14104.09830825  .00000496  00000-0  94808-4 0  9993","2 39208 098.0422 122.4016 0007320 231.3336 128.7214 14.68079654 39342"
"2.0","GENERATED VIA SPACE-TRACK.ORG API","2014-04-14T07:25:04","18 SPCS","PAYLOAD C","2013-037C","EARTH","TEME","UTC","SGP4","2014-04-14T03:48:07.081920","14.89869412","0.00432420","97.6844","121.9527","186.2374","173.8186","0","U","39210","999","4000","0.00155210000000","0.00015152","0.0000000000000","6976.484","96.652","628.517","568.182","PAYLOAD","LARGE","PRC","2013-07-19","TSC","","1665783","95676650","0 PAYLOAD C","1 39210U 13037C   14104.15841530  .00015152  00000-0  15521-2 0  9996","2 39210 097.6844 121.9527 0043242 186.2374 173.8186 14.89869412 40008"
"2.0","GENERATED VIA SPACE-TRACK.ORG API","2014-04-14T15:15:11","18 SPCS","PAYLOAD B","2013-037B","EARTH","TEME","UTC","SGP4","2014-04-14T08:49:29.616959","14.67477954","0.00036320","98.0419","122.3600","209.9356","150.1649","0","U","39209","999","3935","0.00013156000000","0.00000697","0.0000000000000","7047.272","98.127","671.697","666.577","PAYLOAD","LARGE","PRC","2013-07-19","TSC","","1665914","95678901","0 PAYLOAD B","1 39209U 13037B   14104.36770390  .00000697  00000-0  13156-3 0  9993","2 39209 098.0419 122.3600 0003632 209.9356 150.1649 14.67477954 39358"
"2.0","GENERATED VIA SPACE-TRACK.ORG API","2014-04-14T14:22:02","18 SPCS","PAYLOAD A","2013-037A","EARTH","TEME","UTC","SGP4","2014-04-14T10:32:17.713823","14.68080009","0.00073230","98.0423","122.7365","230.2473","129.8087","0","U","39208","999","3939","0.00009437500000","0.00000494","0.0000000000000","7045.345","98.087","672.369","662.051","PAYLOAD","LARGE","PRC","2013-07-19","TSC","","1665830","95677093","0 PAYLOAD A","1 39208U 13037A   14104.43909391  .00000494  00000-0  94375-4 0  9993","2 39208 098.0423 122.7365 0007323 230.2473 129.8087 14.68080009 39397"
"2.0","GENERATED VIA SPACE-TRACK.ORG API","2014-04-14T12:42:17","18 SPCS","PAYLOAD C","2013-037C","EARTH","TEME","UTC","SGP4","2014-04-14T12:33:37.025279","14.79100462","0.00190770","97.6823","122.3060","280.4632","231.7899","0","U","39210","999","4005","0.00090063000000","0.00006643","0.0000000000000","7010.306","97.356","645.545","618.797","PAYLOAD","LARGE","PRC","2013-07-19","TSC","","1665809","95676791","0 PAYLOAD C","1 39210U 13037C   14104.52334520  .00006643  00000-0  90063-3 0  9993","2 39210 097.6823 122.3060 0019077 280.4632 231.7899 14.79100462 40057"
"2.0","GENERATED VIA SPACE-TRACK.ORG API","2014-04-14T22:28:30","18 SPCS","PAYLOAD A","2013-037A","EARTH","TEME","UTC","SGP4","2014-04-14T18:43:01.576703","14.68080138","0.00073970","98.0420","123.0714","228.0569","132.0002","0","U","39208","999","3944","0.00008806400000","0.00000457","0.0000000000000","7045.345","98.087","672.421","661.998","PAYLOAD","LARGE","PRC","2013-07-19","TSC","","1665996","95679762","0 PAYLOAD A","1 39208U 13037A   14104.77987936  .00000457  00000-0  88064-4 0  9998","2 39208 098.0420 123.0714 0007397 228.0569 132.0002 14.68080138 39440"
"2.0","GENERATED VIA SPACE-TRACK.ORG API","2014-04-14T23:41:58","18 SPCS","PAYLOAD C","2013-037C","EARTH","TEME","UTC","SGP4","2014-04-14T19:59:28.069728","14.79106191","0.00194030","97.6782","122.6049","276.3357","83.5685","0","U","39210","999","4010","0.00090063000000","0.00006645","0.0000000000000","7010.288","97.356","645.755","618.551","PAYLOAD","LARGE","PRC","2013-07-19","TSC","","1666102","95682174","0 PAYLOAD C","1 39210U 13037C   14104.83296377  .00006645  00000-0  90063-3 0  9996","2 39210 097.6782 122.6049 0019403 276.3357 083.5685 14.79106191 40109"
"2.0","GENERATED VIA SPACE-TRACK.ORG API","2014-04-15T07:19:12","18 SPCS","PAYLOAD B","2013-037B","EARTH","TEME","UTC","SGP4","2014-04-15T01:11:21.522623","14.67478669","0.00036550","98.0416","123.0293","207.8216","152.2812","0","U","39209","999","3945","0.00012446000000","0.00000657","0.0000000000000","7047.270","98.127","671.710","666.559","PAYLOAD","LARGE","PRC","2013-07-19","TSC","","1666328","95684785","0 PAYLOAD B","1 39209U 13037B   14105.04955466  .00000657  00000-0  12446-3 0  9995","2 39209 098.0416 123.0293 0003655 207.8216 152.2812 14.67478669 39458"
"2.0","GENERATED VIA SPACE-TRACK.ORG API","2014-04-15T07:20:18","18 SPCS","PAYLOAD C","2013-037C","EARTH","TEME","UTC","SGP4","2014-04-15T04:06:32.553504","14.79111012","0.00193810","97.6782","122.9261","274.1499","85.7475","0","U","39210","999","4015","0.00090063000000","0.00006646","0.0000000000000","7010.273","97.355","645.724","618.551","PAYLOAD","LARGE","PRC","2013-07-19","TSC","","1666329","95684820","0 PAYLOAD C","1 39210U 13037C   14105.17121011  .00006646  00000-0  90063-3 0  9997","2 39210 097.6782 122.9261 0019381 274.1499 085.7475 14.79111012 40150"
"2.0","GENERATED VIA SPACE-TRACK.ORG API","2014-04-15T06:25:59","18 SPCS","PAYLOAD A","2013-037A","EARTH","TEME","UTC","SGP4","2014-04-15T04:31:54.233759","14.68080550","0.00073990","98.0420","123.4733","226.7436","133.3154","0","U","39208","999","3950","0.00008786800000","0.00000456","0.0000000000000","7045.343","98.087","672.421","661.996","PAYLOAD","LARGE","PRC","2013-07-19","TSC","","1666252","95682869","0 PAYLOAD A","1 39208U 13037A   14105.18882215  .00000456  00000-0  87868-4 0  9998","2 39208 098.0420 123.4733 0007399 226.7436 133.3154 14.68080550 39502"
"2.0","GENERATED VIA SPACE-TRACK.ORG API","2014-04-15T15:04:44","18 SPCS","PAYLOAD B","2013-037B","EARTH","TEME","UTC","SGP4","2014-04-15T09:22:17.393375","14.67479911","0.00036320","98.0414","123.3638","206.6079","153.4949","0","U","39209","999","3950","0.00015009000000","0.00000802","0.0000000000000","7047.266","98.127","671.690","666.571","PAYLOAD","LARGE","PRC","2013-07-19","TSC","","1666436","95686835","0 PAYLOAD B","1 39209U 13037B   14105.39047909  .00000802  00000-0  15009-3 0  9997","2 39209 098.0414 123.3638 0003632 206.6079 153.4949 14.67479911 39502"
"2.0","GENERATED VIA SPACE-TRACK.ORG API","2014-04-15T12:47:23","18 SPCS","PAYLOAD C","2013-037C","EARTH","TEME","UTC","SGP4","2014-04-15T10:36:12.388320","14.79108854","0.00196090","97.6797","123.1854","273.0093","86.8842","0","U","39210","999","4019","0.00090063000000","0.00006646","0.0000000000000","7010.279","97.355","645.891","618.398","PAYLOAD","LARGE","PRC","2013-07-19","TSC","","1666347","95685029","0 PAYLOAD C","1 39210U 13037C   14105.44181005  .00006646  00000-0  90063-3 0  9996","2 39210 097.6797 123.1854 0019609 273.0093 086.8842 14.79108854 40192"
"2.0","GENERATED VIA SPACE-TRACK.ORG API","2014-04-15T15:05:18","18 SPCS","PAYLOAD C","2013-037C","EARTH","TEME","UTC","SGP4","2014-04-15T12:13:37.373376","14.79105896","0.00197540","97.6792","123.2501","273.2509","86.6333","0","U","39210","999","4020","0.00090063000000","0.00006646","0.0000000000000","7010.289","97.356","646.002","618.306","PAYLOAD","LARGE","PRC","2013-07-19","TSC","","1666437","95686863","0 PAYLOAD C","1 39210U 13037C   14105.50946034  .00006646  00000-0  90063-3 0  9994","2 39210 097.6792 123.2501 0019754 273.2509 086.6333 14.79105896 40200"
"2.0","GENERATED VIA SPACE-TRACK.ORG API","2014-04-15T14:25:41","18 SPCS","PAYLOAD A","2013-037A","EARTH","TEME","UTC","SGP4","2014-04-15T12:42:38.097503","14.68080695","0.00073830","98.0422","123.8083","225.4713","134.5880","0","U","39208","999","3955","0.00008306500000","0.00000429","0.0000000000000","7045.343","98.087","672.409","662.006","PAYLOAD","LARGE","PRC","2013-07-19","TSC","","1666368","95685291","0 PAYLOAD A","1 39208U 13037A   14105.52960761  .00000429  00000-0  83065-4 0  9994","2 39208 098.0422 123.8083 0007383 225.4713 134.5880 14.68080695 39557"
"2.0","GENERATED VIA SPACE-TRACK.ORG API","2014-04-15T23:11:19","18 SPCS","PAYLOAD B","2013-037B","EARTH","TEME","UTC","SGP4","2014-04-15T17:33:13.296960","14.67479736","0.00036080","98.0415","123.6987","205.3445","154.7558","0","U","39209","999","3955","0.00012873000000","0.00000681","0.0000000000000","7047.266","98.127","671.674","666.589","PAYLOAD","LARGE","PRC","2013-07-19","TSC","","1666596","95689098","0 PAYLOAD B","1 39209U 13037B   14105.73140390  .00000681  00000-0  12873-3 0  9994","2 39209 098.0415 123.6987 0003608 205.3445 154.7558 14.67479736 39559"
"2.0","GENERATED VIA SPACE-TRACK.ORG API","2014-04-15T22:25:33","18 SPCS","PAYLOAD A","2013-037A","EARTH","TEME","UTC","SGP4","2014-04-15T19:15:13.099679","14.68082385","0.00073400","98.0422","124.0766","224.2680","135.7937","0","U","39208","999","3959","0.00012724000000","0.00000682","0.0000000000000","7045.338","98.087","672.374","662.031","PAYLOAD","LARGE","PRC","2013-07-19","TSC","","1666538","95687702","0 PAYLOAD A","1 39208U 13037A   14105.80223495  .00000682  00000-0  12724-3 0  9995","2 39208 098.0422 124.0766 0007340 224.2680 135.7937 14.68082385 39599"
"2.0","GENERATED VIA SPACE-TRACK.ORG API","2014-04-15T20:58:54","18 SPCS","PAYLOAD C","2013-037C","EARTH","TEME","UTC","SGP4","2014-04-15T20:20:42.488736","14.79110776","0.00194930","97.6763","123.5665","271.8880","88.0009","0","U","39210","999","4025","0.00090063000000","0.00006646","0.0000000000000","7010.273","97.355","645.803","618.473","PAYLOAD","LARGE","PRC","2013-07-19","TSC","","1666505","95687050","0 PAYLOAD C","1 39210U 13037C   14105.84771399  .00006646  00000-0  90063-3 0  9991","2 39210 097.6763 123.5665 0019493 271.8880 088.0009 14.79110776 40252"
"2.0","GENERATED VIA SPACE-TRACK.ORG API","2014-04-16T07:42:40","18 SPCS","PAYLOAD B","2013-037B","EARTH","TEME","UTC","SGP4","2014-04-16T01:44:09.233375","14.67480614","0.00036470","98.0412","124.0329","204.3066","155.7991","0","U","39209","999","3960","0.00013655000000","0.00000726","0.0000000000000","7047.263","98.127","671.699","666.558","PAYLOAD","LARGE","PRC","2013-07-19","TSC","","1666885","95692963","0 PAYLOAD B","1 39209U 13037B   14106.07232909  .00000726  00000-0  13655-3 0  9999","2 39209 098.0412 124.0329 0003647 204.3066 155.7991 14.67480614 39607"
"2.0","GENERATED VIA SPACE-TRACK.ORG API","2014-04-16T06:27:57","18 SPCS","PAYLOAD A","2013-037A","EARTH","TEME","UTC","SGP4","2014-04-16T03:25:56.879616","14.68083183","0.00073400","98.0423","124.4119","223.3199","136.7415","0","U","39208","999","3964","0.00013493000000","0.00000727","0.0000000000000","7045.335","98.087","672.371","662.029","PAYLOAD","LARGE","PRC","2013-07-19","TSC","","1666767","95690078","0 PAYLOAD A","1 39208U 13037A   14106.14301944  .00000727  00000-0  13493-3 0  9993","2 39208 098.0423 124.4119 0007340 223.3199 136.7415 14.68083183 39646"
"2.0","GENERATED VIA SPACE-TRACK.ORG API","2014-04-16T07:44:08","18 SPCS","PAYLOAD C","2013-037C","EARTH","TEME","UTC","SGP4","2014-04-16T04:27:47.209247","14.79109856","0.00194830","97.6779","123.8960","270.8259","89.0695","0","U","39210","999","4030","0.00090063000000","0.00006646","0.0000000000000","7010.276","97.355","645.799","618.483","PAYLOAD","LARGE","PRC","2013-07-19","TSC","","1666887","95693016","0 PAYLOAD C","1 39210U 13037C   14106.18596307  .00006646  00000-0  90063-3 0  9993","2 39210 097.6779 123.8960 0019483 270.8259 089.0695 14.79109856 40303"
"2.0","GENERATED VIA SPACE-TRACK.ORG API","2014-04-16T10:22:15","18 SPCS","PAYLOAD C","2013-037C","EARTH","TEME","UTC","SGP4","2014-04-16T09:20:02.116895","14.79110866","0.00196060","97.6785","124.0903","270.2968","89.5984","0","U","39210","999","4033","0.00090063000000","0.00006646","0.0000000000000","7010.273","97.355","645.882","618.394","PAYLOAD","LARGE","PRC","2013-07-19","TSC","","1666907","95693308","0 PAYLOAD C","1 39210U 13037C   14106.38891339  .00006646  00000-0  90063-3 0  9998","2 39210 097.6785 124.0903 0019606 270.2968 089.5984 14.79110866 40330"
"2.0","GENERATED VIA SPACE-TRACK.ORG API","2014-04-16T15:19:14","18 SPCS","PAYLOAD B","2013-037B","EARTH","TEME","UTC","SGP4","2014-04-16T09:55:05.068703","14.67481435","0.00035730","98.0414","124.3680","204.1741","155.9293","0","U","39209","999","3965","0.00014739000000","0.00000787","0.0000000000000","7047.261","98.127","671.644","666.608","PAYLOAD","LARGE","PRC","2013-07-19","TSC","","1667009","95695443","0 PAYLOAD B","1 39209U 13037B   14106.41325311  .00000787  00000-0  14739-3 0  9998","2 39209 098.0414 124.3680 0003573 204.1741 155.9293 14.67481435 39652"
"2.0","GENERATED VIA SPACE-TRACK.ORG API","2014-04-16T14:32:33","18 SPCS","PAYLOAD A","2013-037A","EARTH","TEME","UTC","SGP4","2014-04-16T11:36:40.739904","14.68082910","0.00073810","98.0423","124.7463","220.9476","139.1169","0","U","39208","999","3969","0.00010664000000","0.00000564","0.0000000000000","7045.336","98.087","672.401","662.001","PAYLOAD","LARGE","PRC","2013-07-19","TSC","","1666951","95694022","0 PAYLOAD A","1 39208U 13037A   14106.48380486  .00000564  00000-0  10664-3 0  9994","2 39208 098.0423 124.7463 0007381 220.9476 139.1169 14.68082910 39692"
"2.0","GENERATED VIA SPACE-TRACK.ORG API","2014-04-16T15:29:01","18 SPCS","PAYLOAD C","2013-037C","EARTH","TEME","UTC","SGP4","2014-04-16T12:34:52.018752","14.79110693","0.00197090","97.6785","124.2196","269.2868","90.6038","0","U","39210","999","4035","0.00090063000000","0.00006646","0.0000000000000","7010.274","97.355","645.955","618.322","PAYLOAD","LARGE","PRC","2013-07-19","TSC","","1667026","95695801","0 PAYLOAD C","1 39210U 13037C   14106.52421318  .00006646  00000-0  90063-3 0  9990","2 39210 097.6785 124.2196 0019709 269.2868 090.6038 14.79110693 40350"
"2.0","GENERATED VIA SPACE-TRACK.ORG API","2014-04-16T23:24:32","18 SPCS","PAYLOAD B","2013-037B","EARTH","TEME","UTC","SGP4","2014-04-16T18:06:00.948095","14.67481212","0.00036310","98.0412","124.7025","202.9415","157.1588","0","U","39209","999","3970","0.00012990000000","0.00000688","0.0000000000000","7047.262","98.127","671.685","666.568","PAYLOAD","LARGE","PRC","2013-07-19","TSC","","1667195","95698598","0 PAYLOAD B","1 39209U 13037B   14106.75417764  .00000688  00000-0  12990-3 0  9996","2 39209 098.0412 124.7025 0003631 202.9415 157.1588 14.67481212 39706"
"2.0","GENERATED VIA SPACE-TRACK.ORG API","2014-04-16T22:26:54","18 SPCS","PAYLOAD A","2013-037A","EARTH","TEME","UTC","SGP4","2014-04-16T19:47:24.568224","14.68082439","0.00073250","98.0422","125.0815","220.5424","139.5170","0","U","39208","999","3974","0.00008969700000","0.00000467","0.0000000000000","7045.337","98.087","672.363","662.042","PAYLOAD","LARGE","PRC","2013-07-19","TSC","","1667097","95696490","0 PAYLOAD A","1 39208U 13037A   14106.82458991  .00000467  00000-0  89697-4 0  9994","2 39208 098.0422 125.0815 0007325 220.5424 139.5170 14.68082439 39741"
"2.0","GENERATED VIA SPACE-TRACK.ORG API","2014-04-16T23:24:50","18 SPCS","PAYLOAD C","2013-037C","EARTH","TEME","UTC","SGP4","2014-04-16T20:41:56.882687","14.79111973","0.00195750","97.6776","124.5430","267.2343","92.6571","0","U","39210","999","4040","0.00090063000000","0.00006646","0.0000000000000","7010.270","97.355","645.857","618.412","PAYLOAD","LARGE","PRC","2013-07-19","TSC","","1667196","95698625","0 PAYLOAD C","1 39210U 13037C   14106.86246392  .00006646  00000-0  90063-3 0  9994","2 39210 097.6776 124.5430 0019575 267.2343 092.6571 14.79111973 40403"
"2.0","GENERATED VIA SPACE-TRACK.ORG API","2014-04-17T07:46:47","18 SPCS","PAYLOAD B","2013-037B","EARTH","TEME","UTC","SGP4","2014-04-17T02:16:56.881920","14.67481956","0.00036450","98.0412","125.0374","202.1353","157.9716","0","U","39209","999","3975","0.00013335000000","0.00000708","0.0000000000000","7047.259","98.127","671.693","666.555","PAYLOAD","LARGE","PRC","2013-07-19","TSC","","1667407","95701737","0 PAYLOAD B","1 39209U 13037B   14107.09510280  .00000708  00000-0  13335-3 0  9998","2 39209 098.0412 125.0374 0003645 202.1353 157.9716 14.67481956 39756"
"2.0","GENERATED VIA SPACE-TRACK.ORG API","2014-04-17T07:50:45","18 SPCS","PAYLOAD C","2013-037C","EARTH","TEME","UTC","SGP4","2014-04-17T03:11:36.857471","14.79093542","0.00195900","97.6781","124.8002","266.8263","93.0413","0","U","39210","999","4044","-0.00011948000000","-0.00000937","0.0000000000000","7010.328","97.356","645.926","618.460","PAYLOAD","LARGE","PRC","2013-07-19","TSC","","1667409","95701784","0 PAYLOAD C","1 39210U 13037C   14107.13306548 -.00000937  00000-0 -11948-3 0  9999","2 39210 097.6781 124.8002 0019590 266.8263 093.0413 14.79093542 40445"
"2.0","GENERATED VIA SPACE-TRACK.ORG API","2014-04-17T06:34:27","18 SPCS","PAYLOAD A","2013-037A","EARTH","TEME","UTC","SGP4","2014-04-17T03:58:08.511455","14.68082676","0.00073170","98.0422","125.4164","219.3987","140.6686","0","U","39208","999","3979","0.00008570700000","0.00000444","0.0000000000000","7045.337","98.087","672.357","662.047","PAYLOAD","LARGE","PRC","2013-07-19","TSC","","1667315","95699468","0 PAYLOAD A","1 39208U 13037A   14107.16537629  .00000444  00000-0  85707-4 0  9991","2 39208 098.0422 125.4164 0007317 219.3987 140.6686 14.68082676 39796"
"2.0","GENERATED VIA SPACE-TRACK.ORG API","2014-04-17T12:22:04","18 SPCS","PAYLOAD A","2013-037A","EARTH","TEME","UTC","SGP4","2014-04-17T07:14:26.041920","14.68082747","0.00073060","98.0423","125.5504","218.9886","141.0791","0","U","39208","999","3981","0.00008314800000","0.00000429","0.0000000000000","7045.336","98.087","672.349","662.054","PAYLOAD","LARGE","PRC","2013-07-19","TSC","","1667432","95702164","0 PAYLOAD A","1 39208U 13037A   14107.30169030  .00000429  00000-0  83148-4 0  9994","2 39208 098.0423 125.5504 0007306 218.9886 141.0791 14.68082747 39811"
"2.0","GENERATED VIA SPACE-TRACK.ORG API","2014-04-17T12:50:11","18 SPCS","PAYLOAD C","2013-037C","EARTH","TEME","UTC","SGP4","2014-04-17T08:03:52.318080","14.79093991","0.00194790","97.6786","124.9944","266.1076","93.7923","0","U","39210","999","4047","-0.00008914700000","-0.00000712","0.0000000000000","7010.326","97.356","645.847","618.536","PAYLOAD","LARGE","PRC","2013-07-19","TSC","","1667470","95703099","0 PAYLOAD C","1 39210U 13037C   14107.33602220 -.00000712  00000-0 -89147-4 0  9995","2 39210 097.6786 124.9944 0019479 266.1076 093.7923 14.79093991 40471"
"2.0","GENERATED VIA SPACE-TRACK.ORG API","2014-04-17T12:49:36","18 SPCS","PAYLOAD B","2013-037B","EARTH","TEME","UTC","SGP4","2014-04-17T10:27:52.718112","14.67482372","0.00036270","98.0413","125.3721","200.7799","159.3261","0","U","39209","999","3980","0.00012976000000","0.00000687","0.0000000000000","7047.258","98.127","671.679","666.567","PAYLOAD","LARGE","PRC","2013-07-19","TSC","","1667469","95703084","0 PAYLOAD B","1 39209U 13037B   14107.43602683  .00000687  00000-0  12976-3 0  9991","2 39209 098.0413 125.3721 0003627 200.7799 159.3261 14.67482372 39804"
"2.0","GENERATED VIA SPACE-TRACK.ORG API","2014-04-18T00:47:09","18 SPCS","PAYLOAD A","2013-037A","EARTH","TEME","UTC","SGP4","2014-04-17T20:19:36.241536","14.68082284","0.00073680","98.0419","126.0861","216.9118","143.1594","0","U","39208","999","3989","0.00005372200000","0.00000260","0.0000000000000","7045.338","98.087","672.394","662.012","PAYLOAD","LARGE","PRC","2013-07-19","TSC","","1667713","95706151","0 PAYLOAD A","1 39208U 13037A   14107.84694724  .00000260  00000-0  53722-4 0  9994","2 39208 098.0419 126.0861 0007368 216.9118 143.1594 14.68082284 39890"
"2.0","GENERATED VIA SPACE-TRACK.ORG API","2014-04-18T02:26:12","18 SPCS","PAYLOAD B","2013-037B","EARTH","TEME","UTC","SGP4","2014-04-17T21:55:11.007840","14.67481964","0.00037280","98.0411","125.8405","198.7590","161.3487","0","U","39209","999","3987","0.00010384000000","0.00000540","0.0000000000000","7047.259","98.127","671.751","666.497","PAYLOAD","LARGE","PRC","2013-07-19","TSC","","1667869","95709693","0 PAYLOAD B","1 39209U 13037B   14107.91332185  .00000540  00000-0  10384-3 0  9990","2 39209 098.0411 125.8405 0003728 198.7590 161.3487 14.67481964 39879"
"2.0","GENERATED VIA SPACE-TRACK.ORG API","2014-04-18T02:28:52","18 SPCS","PAYLOAD C","2013-037C","EARTH","TEME","UTC","SGP4","2014-04-18T00:18:02.185055","14.79095610","0.00195400","97.6782","125.6399","263.8622","96.0427","0","U","39210","999","4057","-0.00001312500000","-0.00000147","0.0000000000000","7010.321","97.356","645.884","618.488","PAYLOAD","LARGE","PRC","2013-07-19","TSC","","1667874","95709760","0 PAYLOAD C","1 39210U 13037C   14108.01252529 -.00000147  00000-0 -13125-4 0  9999","2 39210 097.6782 125.6399 0019540 263.8622 096.0427 14.79095610 40575"
"2.0","GENERATED VIA SPACE-TRACK.ORG API","2014-04-18T06:42:40","18 SPCS","PAYLOAD B","2013-037B","EARTH","TEME","UTC","SGP4","2014-04-18T01:11:33.336960","14.67482373","0.00037480","98.0410","125.9744","198.0887","162.0200","0","U","39209","999","3989","0.00011033000000","0.00000577","0.0000000000000","7047.258","98.127","671.764","666.481","PAYLOAD","LARGE","PRC","2013-07-19","TSC","","1668017","95711177","0 PAYLOAD B","1 39209U 13037B   14108.04969140  .00000577  00000-0  11033-3 0  9994","2 39209 098.0410 125.9744 0003748 198.0887 162.0200 14.67482373 39897"
"2.0","GENERATED VIA SPACE-TRACK.ORG API","2014-04-18T06:42:42","18 SPCS","PAYLOAD C","2013-037C","EARTH","TEME","UTC","SGP4","2014-04-18T03:32:52.054080","14.79096103","0.00195530","97.6782","125.7694","263.4486","96.4518","0","U","39210","999","4059","0.00000238200000","-0.00000032","0.0000000000000","7010.320","97.356","645.892","618.477","PAYLOAD","LARGE","PRC","2013-07-19","TSC","","1668018","95711196","0 PAYLOAD C","1 39210U 13037C   14108.14782470 -.00000032  00000-0  23820-5 0  9992","2 39210 097.6782 125.7694 0019553 263.4486 096.4518 14.79096103 40597"
"2.0","GENERATED VIA SPACE-TRACK.ORG API","2014-04-18T06:17:09","18 SPCS","PAYLOAD A","2013-037A","EARTH","TEME","UTC","SGP4","2014-04-18T04:30:19.962719","14.68082973","0.00074750","98.0418","126.4222","215.8684","144.2023","0","U","39208","999","3994","0.00005832200000","0.00000287","0.0000000000000","7045.336","98.087","672.467","661.934","PAYLOAD","LARGE","PRC","2013-07-19","TSC","","1667981","95710399","0 PAYLOAD A","1 39208U 13037A   14108.18773105  .00000287  00000-0  58322-4 0  9993","2 39208 098.0418 126.4222 0007475 215.8684 144.2023 14.68082973 39949"
"2.0","GENERATED VIA SPACE-TRACK.ORG API","2014-04-18T15:55:02","18 SPCS","PAYLOAD B","2013-037B","EARTH","TEME","UTC","SGP4","2014-04-18T09:22:29.165375","14.67482919","0.00037670","98.0410","126.3090","196.8894","163.2194","0","U","39209","999","3994","0.00011371000000","0.00000596","0.0000000000000","7047.256","98.127","671.776","666.466","PAYLOAD","LARGE","PRC","2013-07-19","TSC","","1668209","95715033","0 PAYLOAD B","1 39209U 13037B   14108.39061534  .00000596  00000-0  11371-3 0  9998","2 39209 098.0410 126.3090 0003767 196.8894 163.2194 14.67482919 39948"
"2.0","GENERATED VIA SPACE-TRACK.ORG API","2014-04-18T14:37:09","18 SPCS","PAYLOAD A","2013-037A","EARTH","TEME","UTC","SGP4","2014-04-18T11:02:55.008960","14.68083475","0.00074770","98.0417","126.6899","214.8446","145.2287","0","U","39208","999","3998","0.00006418900000","0.00000320","0.0000000000000","7045.334","98.087","672.467","661.931","PAYLOAD","LARGE","PRC","2013-07-19","TSC","","1668082","95712166","0 PAYLOAD A","1 39208U 13037A   14108.46035890  .00000320  00000-0  64189-4 0  9992","2 39208 098.0417 126.6899 0007477 214.8446 145.2287 14.68083475 39982"
"2.0","GENERATED VIA SPACE-TRACK.ORG API","2014-04-18T15:56:25","18 SPCS","PAYLOAD C","2013-037C","EARTH","TEME","UTC","SGP4","2014-04-18T11:39:56.914560","14.79097138","0.00195530","97.6783","126.0929","262.3074","97.5940","0","U","39210","999","4064","0.00002963600000","0.00000170","0.0000000000000","7010.316","97.356","645.889","618.474","PAYLOAD","LARGE","PRC","2013-07-19","TSC","","1668211","95715091","0 PAYLOAD C","1 39210U 13037C   14108.48607540  .00000170  00000-0  29636-4 0  9995","2 39210 097.6783 126.0929 0019553 262.3074 097.5940 14.79097138 40640"
"2.0","GENERATED VIA SPACE-TRACK.ORG API","2014-04-18T23:07:08","18 SPCS","PAYLOAD B","2013-037B","EARTH","TEME","UTC","SGP4","2014-04-18T17:33:25.018847","14.67482825","0.00037950","98.0409","126.6438","195.3881","164.7198","0","U","39209","999","3999","0.00010058000000","0.00000522","0.0000000000000","7047.256","98.127","671.796","666.447","PAYLOAD","LARGE","PRC","2013-07-19","TSC","","1668445","95717365","0 PAYLOAD B","1 39209U 13037B   14108.73153957  .00000522  00000-0  10058-3 0  9997","2 39209 098.0409 126.6438 0003795 195.3881 164.7198 14.67482825 39997"
"2.0","GENERATED VIA SPACE-TRACK.ORG API","2014-04-18T22:21:59","18 SPCS","PAYLOAD A","2013-037A","EARTH","TEME","UTC","SGP4","2014-04-18T19:13:38.792351","14.68083545","0.00074940","98.0416","127.0246","213.6891","146.3834","0","U","39208","999","4003","0.00005777200000","0.00000284","0.0000000000000","7045.334","98.087","672.479","661.919","PAYLOAD","LARGE","PRC","2013-07-19","TSC","","1668356","95715818","0 PAYLOAD A","1 39208U 13037A   14108.80114343  .00000284  00000-0  57772-4 0  9990","2 39208 098.0416 127.0246 0007494 213.6891 146.3834 14.68083545 40038"
"2.0","GENERATED VIA SPACE-TRACK.ORG API","2014-04-18T23:08:54","18 SPCS","PAYLOAD C","2013-037C","EARTH","TEME","UTC","SGP4","2014-04-18T19:47:01.787999","14.79098780","0.00195430","97.6781","126.4157","261.1766","98.7273","0","U","39210","999","4069","0.00008483400000","0.00000580","0.0000000000000","7010.311","97.356","645.877","618.476","PAYLOAD","LARGE","PRC","2013-07-19","TSC","","1668448","95717404","0 PAYLOAD C","1 39210U 13037C   14108.82432625  .00000580  00000-0  84834-4 0  9999","2 39210 097.6781 126.4157 0019543 261.1766 098.7273 14.79098780 40690"
"2.0","GENERATED VIA SPACE-TRACK.ORG API","2014-04-19T08:06:50","18 SPCS","PAYLOAD B","2013-037B","EARTH","TEME","UTC","SGP4","2014-04-19T01:44:20.867136","14.67483381","0.00038570","98.0407","126.9788","195.1602","164.9512","0","U","39209","999","4004","0.00010059000000","0.00000522","0.0000000000000","7047.255","98.127","671.838","666.401","PAYLOAD","LARGE","PRC","2013-07-19","TSC","","1668662","95720407","0 PAYLOAD B","1 39209U 13037B   14109.07246374  .00000522  00000-0  10059-3 0  9992","2 39209 098.0407 126.9788 0003857 195.1602 164.9512 14.67483381 40042"
"2.0","GENERATED VIA SPACE-TRACK.ORG API","2014-04-19T06:26:30","18 SPCS","PAYLOAD A","2013-037A","EARTH","TEME","UTC","SGP4","2014-04-19T03:24:22.545503","14.68084642","0.00076300","98.0415","127.3597","212.0997","147.9751","0","U","39208","999","4008","0.00008783400000","0.00000456","0.0000000000000","7045.330","98.086","672.571","661.820","PAYLOAD","LARGE","PRC","2013-07-19","TSC","","1668570","95718143","0 PAYLOAD A","1 39208U 13037A   14109.14192761  .00000456  00000-0  87834-4 0  9991","2 39208 098.0415 127.3597 0007630 212.0997 147.9751 14.68084642 40080"
"2.0","GENERATED VIA SPACE-TRACK.ORG API","2014-04-19T08:08:04","18 SPCS","PAYLOAD C","2013-037C","EARTH","TEME","UTC","SGP4","2014-04-19T03:54:06.523200","14.79100709","0.00195880","97.6783","126.7391","259.9242","99.9781","0","U","39210","999","4074","0.00012915000000","0.00000909","0.0000000000000","7010.305","97.356","645.902","618.438","PAYLOAD","LARGE","PRC","2013-07-19","TSC","","1668664","95720443","0 PAYLOAD C","1 39210U 13037C   14109.16257550  .00000909  00000-0  12915-3 0  9994","2 39210 097.6783 126.7391 0019588 259.9242 099.9781 14.79100709 40746"
"2.0","GENERATED VIA SPACE-TRACK.ORG API","2014-04-19T15:36:47","18 SPCS","PAYLOAD B","2013-037B","EARTH","TEME","UTC","SGP4","2014-04-19T09:55:16.648895","14.67484315","0.00038370","98.0409","127.3135","193.6864","166.4257","0","U","39209","999","4009","0.00011384000000","0.00000597","0.0000000000000","7047.252","98.127","671.821","666.413","PAYLOAD","LARGE","PRC","2013-07-19","TSC","","1668818","95723759","0 PAYLOAD B","1 39209U 13037B   14109.41338714  .00000597  00000-0  11384-3 0  9994","2 39209 098.0409 127.3135 0003837 193.6864 166.4257 14.67484315 40092"
"2.0","GENERATED VIA SPACE-TRACK.ORG API","2014-04-19T14:35:31","18 SPCS","PAYLOAD A","2013-037A","EARTH","TEME","UTC","SGP4","2014-04-19T11:35:06.311616","14.68085195","0.00075750","98.0416","127.6947","211.2293","148.8464","0","U","39208","999","4013","0.00009217100000","0.00000481","0.0000000000000","7045.329","98.086","672.530","661.857","PAYLOAD","LARGE","PRC","2013-07-19","TSC","","1668722","95721567","0 PAYLOAD A","1 39208U 13037A   14109.48271194  .00000481  00000-0  92171-4 0  9994","2 39208 098.0416 127.6947 0007575 211.2293 148.8464 14.68085195 40132"
"2.0","GENERATED VIA SPACE-TRACK.ORG API","2014-04-19T15:38:21","18 SPCS","PAYLOAD C","2013-037C","EARTH","TEME","UTC","SGP4","2014-04-19T12:01:11.306783","14.79101810","0.00195930","97.6787","127.0624","259.0440","100.8565","0","U","39210","999","4079","0.00014649000000","0.00001038","0.0000000000000","7010.302","97.356","645.902","618.431","PAYLOAD","LARGE","PRC","2013-07-19","TSC","","1668820","95723811","0 PAYLOAD C","1 39210U 13037C   14109.50082531  .00001038  00000-0  14649-3 0  9997","2 39210 097.6787 127.0624 0019593 259.0440 100.8565 14.79101810 40791"
"2.0","GENERATED VIA SPACE-TRACK.ORG API","2014-04-19T22:58:51","18 SPCS","PAYLOAD B","2013-037B","EARTH","TEME","UTC","SGP4","2014-04-19T18:06:12.403872","14.67484760","0.00039040","98.0409","127.6485","192.1623","167.9470","0","U","39209","999","4014","0.00011692000000","0.00000615","0.0000000000000","7047.250","98.127","671.866","666.364","PAYLOAD","LARGE","PRC","2013-07-19","TSC","","1669004","95725761","0 PAYLOAD B","1 39209U 13037B   14109.75431023  .00000615  00000-0  11692-3 0  9991","2 39209 098.0409 127.6485 0003904 192.1623 167.9470 14.67484760 40148"
"2.0","GENERATED VIA SPACE-TRACK.ORG API","2014-04-19T22:20:14","18 SPCS","PAYLOAD A","2013-037A","EARTH","TEME","UTC","SGP4","2014-04-19T19:45:50.089824","14.68085384","0.00075820","98.0416","128.0295","210.0853","149.9913","0","U","39208","999","4018","0.00008690000000","0.00000451","0.0000000000000","7045.328","98.086","672.535","661.851","PAYLOAD","LARGE","PRC","2013-07-19","TSC","","1668936","95724449","0 PAYLOAD A","1 39208U 13037A   14109.82349641  .00000451  00000-0  86900-4 0  9995","2 39208 098.0416 128.0295 0007582 210.0853 149.9913 14.68085384 40186"
"2.0","GENERATED VIA SPACE-TRACK.ORG API","2014-04-19T23:00:02","18 SPCS","PAYLOAD C","2013-037C","EARTH","TEME","UTC","SGP4","2014-04-19T20:08:16.207007","14.79100998","0.00196020","97.6784","127.3857","257.5491","102.3528","0","U","39210","999","4084","0.00010846000000","0.00000756","0.0000000000000","7010.304","97.356","645.911","618.428","PAYLOAD","LARGE","PRC","2013-07-19","TSC","","1669005","95725784","0 PAYLOAD C","1 39210U 13037C   14109.83907647  .00000756  00000-0  10846-3 0  9998","2 39210 097.6784 127.3857 0019602 257.5491 102.3528 14.79100998 40847"
"2.0","GENERATED VIA SPACE-TRACK.ORG API","2014-04-20T07:29:16","18 SPCS","PAYLOAD B","2013-037B","EARTH","TEME","UTC","SGP4","2014-04-20T02:17:08.228831","14.67485500","0.00039080","98.0408","127.9832","191.4196","168.6942","0","U","39209","999","4019","0.00012078000000","0.00000636","0.0000000000000","7047.248","98.127","671.867","666.359","PAYLOAD","LARGE","PRC","2013-07-19","TSC","","1669219","95728300","0 PAYLOAD B","1 39209U 13037B   14110.09523413  .00000636  00000-0  12078-3 0  9997","2 39209 098.0408 127.9832 0003908 191.4196 168.6942 14.67485500 40197"
"2.0","GENERATED VIA SPACE-TRACK.ORG API","2014-04-20T06:21:53","18 SPCS","PAYLOAD A","2013-037A","EARTH","TEME","UTC","SGP4","2014-04-20T03:56:33.862848","14.68085915","0.00076110","98.0415","128.3644","209.0005","151.0789","0","U","39208","999","4023","0.00009078200000","0.00000473","0.0000000000000","7045.326","98.086","672.553","661.829","PAYLOAD","LARGE","PRC","2013-07-19","TSC","","1669137","95726402","0 PAYLOAD A","1 39208U 13037A   14110.16428082  .00000473  00000-0  90782-4 0  9998","2 39208 098.0415 128.3644 0007611 209.0005 151.0789 14.68085915 40237"
"2.0","GENERATED VIA SPACE-TRACK.ORG API","2014-04-20T07:29:31","18 SPCS","PAYLOAD C","2013-037C","EARTH","TEME","UTC","SGP4","2014-04-20T04:15:21.000096","14.79102007","0.00196340","97.6784","127.7086","256.5522","103.3510","0","U","39210","999","4089","0.00011679000000","0.00000818","0.0000000000000","7010.301","97.356","645.930","618.402","PAYLOAD","LARGE","PRC","2013-07-19","TSC","","1669220","95728333","0 PAYLOAD C","1 39210U 13037C   14110.17732639  .00000818  00000-0  11679-3 0  9998","2 39210 097.6784 127.7086 0019634 256.5522 103.3510 14.79102007 40894"
"2.0","GENERATED VIA SPACE-TRACK.ORG API","2014-04-20T15:55:26","18 SPCS","PAYLOAD B","2013-037B","EARTH","TEME","UTC","SGP4","2014-04-20T08:49:52.816223","14.67486030","0.00039070","98.0407","128.2510","190.5986","169.5143","0","U","39209","999","4023","0.00012351000000","0.00000652","0.0000000000000","7047.246","98.126","671.864","666.358","PAYLOAD","LARGE","PRC","2013-07-19","TSC","","1669440","95732398","0 PAYLOAD B","1 39209U 13037B   14110.36797241  .00000652  00000-0  12351-3 0  9991","2 39209 098.0407 128.2510 0003907 190.5986 169.5143 14.67486030 40236"
"2.0","GENERATED VIA SPACE-TRACK.ORG API","2014-04-20T14:42:44","18 SPCS","PAYLOAD A","2013-037A","EARTH","TEME","UTC","SGP4","2014-04-20T12:07:17.603039","14.68086181","0.00075900","98.0415","128.6994","208.1121","151.9670","0","U","39208","999","4028","0.00008718400000","0.00000452","0.0000000000000","7045.325","98.086","672.538","661.843","PAYLOAD","LARGE","PRC","2013-07-19","TSC","","1669317","95729800","0 PAYLOAD A","1 39208U 13037A   14110.50506485  .00000452  00000-0  87184-4 0  9999","2 39208 098.0415 128.6994 0007590 208.1121 151.9670 14.68086181 40282"
"2.0","GENERATED VIA SPACE-TRACK.ORG API","2014-04-20T15:56:34","18 SPCS","PAYLOAD C","2013-037C","EARTH","TEME","UTC","SGP4","2014-04-20T12:22:25.796640","14.79102338","0.00196530","97.6787","128.0320","255.4641","104.4387","0","U","39210","999","4094","0.00010973000000","0.00000765","0.0000000000000","7010.300","97.356","645.942","618.388","PAYLOAD","LARGE","PRC","2013-07-19","TSC","","1669443","95732446","0 PAYLOAD C","1 39210U 13037C   14110.51557635  .00000765  00000-0  10973-3 0  9994","2 39210 097.6787 128.0320 0019653 255.4641 104.4387 14.79102338 40940"
"2.0","GENERATED VIA SPACE-TRACK.ORG API","2014-04-20T23:21:28","18 SPCS","PAYLOAD B","2013-037B","EARTH","TEME","UTC","SGP4","2014-04-20T18:38:59.765568","14.67486202","0.00039850","98.0406","128.6526","189.1421","170.9712","0","U","39209","999","4029","0.00011488000000","0.00000603","0.0000000000000","7047.246","98.126","671.919","666.302","PAYLOAD","LARGE","PRC","2013-07-19","TSC","","1669640","95735262","0 PAYLOAD B","1 39209U 13037B   14110.77708062  .00000603  00000-0  11488-3 0  9995","2 39209 098.0406 128.6526 0003985 189.1421 170.9712 14.67486202 40295"
"2.0","GENERATED VIA SPACE-TRACK.ORG API","2014-04-20T22:25:16","18 SPCS","PAYLOAD A","2013-037A","EARTH","TEME","UTC","SGP4","2014-04-20T20:18:01.422719","14.68086554","0.00076910","98.0416","129.0342","206.4937","153.5895","0","U","39208","999","4033","0.00009689600000","0.00000508","0.0000000000000","7045.324","98.086","672.608","661.771","PAYLOAD","LARGE","PRC","2013-07-19","TSC","","1669541","95733272","0 PAYLOAD A","1 39208U 13037A   14110.84584980  .00000508  00000-0  96896-4 0  9994","2 39208 098.0416 129.0342 0007691 206.4937 153.5895 14.68086554 40330"
"2.0","GENERATED VIA SPACE-TRACK.ORG API","2014-04-20T23:22:41","18 SPCS","PAYLOAD C","2013-037C","EARTH","TEME","UTC","SGP4","2014-04-20T20:29:30.663168","14.79102692","0.00196270","97.6789","128.3552","254.1612","105.7447","0","U","39210","999","4099","0.00011232000000","0.00000784","0.0000000000000","7010.299","97.356","645.923","618.405","PAYLOAD","LARGE","PRC","2013-07-19","TSC","","1669642","95735304","0 PAYLOAD C","1 39210U 13037C   14110.85382712  .00000784  00000-0  11232-3 0  9993","2 39210 097.6789 128.3552 0019627 254.1612 105.7447 14.79102692 40996"
"2.0","GENERATED VIA SPACE-TRACK.ORG API","2014-04-21T07:28:14","18 SPCS","PAYLOAD B","2013-037B","EARTH","TEME","UTC","SGP4","2014-04-21T01:11:44.341728","14.67487331","0.00040290","98.0405","128.9207","188.1385","171.9771","0","U","39209","999","4033","0.00013391000000","0.00000711","0.0000000000000","7047.242","98.126","671.946","666.268","PAYLOAD","LARGE","PRC","2013-07-19","TSC","","1669860","95738454","0 PAYLOAD B","1 39209U 13037B   14111.04981877  .00000711  00000-0  13391-3 0  9998","2 39209 098.0405 128.9207 0004029 188.1385 171.9771 14.67487331 40336"
"2.0","GENERATED VIA SPACE-TRACK.ORG API","2014-04-21T06:24:04","18 SPCS","PAYLOAD A","2013-037A","EARTH","TEME","UTC","SGP4","2014-04-21T04:28:45.117119","14.68087088","0.00077330","98.0417","129.3691","205.3047","154.7784","0","U","39208","999","4038","0.00009873700000","0.00000519","0.0000000000000","7045.322","98.086","672.636","661.739","PAYLOAD","LARGE","PRC","2013-07-19","TSC","","1669763","95736060","0 PAYLOAD A","1 39208U 13037A   14111.18663330  .00000519  00000-0  98737-4 0  9997","2 39208 098.0417 129.3691 0007733 205.3047 154.7784 14.68087088 40386"
"2.0","GENERATED VIA SPACE-TRACK.ORG API","2014-04-21T07:29:37","18 SPCS","PAYLOAD C","2013-037C","EARTH","TEME","UTC","SGP4","2014-04-21T04:36:35.413919","14.79103553","0.00196390","97.6789","128.6782","253.0171","106.8892","0","U","39210","999","4104","0.00011742000000","0.00000822","0.0000000000000","7010.296","97.356","645.929","618.394","PAYLOAD","LARGE","PRC","2013-07-19","TSC","","1669862","95738496","0 PAYLOAD C","1 39210U 13037C   14111.19207655  .00000822  00000-0  11742-3 0  9992","2 39210 097.6789 128.6782 0019639 253.0171 106.8892 14.79103553 41045"
"2.0","GENERATED VIA SPACE-TRACK.ORG API","2014-04-21T09:28:57","18 SPCS","PAYLOAD B","2013-037B","EARTH","TEME","UTC","SGP4","2014-04-21T06:06:17.768448","14.67487731","0.00040380","98.0407","129.1215","187.5194","172.5959","0","U","39209","999","4036","0.00013563000000","0.00000721","0.0000000000000","7047.241","98.126","671.951","666.260","PAYLOAD","LARGE","PRC","2013-07-19","TSC","","1669875","95738724","0 PAYLOAD B","1 39209U 13037B   14111.25437232  .00000721  00000-0  13563-3 0  9994","2 39209 098.0407 129.1215 0004038 187.5194 172.5959 14.67487731 40363"
"2.0","GENERATED VIA SPACE-TRACK.ORG API","2014-04-21T09:28:57","18 SPCS","PAYLOAD A","2013-037A","EARTH","TEME","UTC","SGP4","2014-04-21T07:45:02.607839","14.68087370","0.00077500","98.0416","129.5031","205.1475","154.9365","0","U","39208","999","4040","0.00010157000000","0.00000535","0.0000000000000","7045.322","98.086","672.647","661.726","PAYLOAD","LARGE","PRC","2013-07-19","TSC","","1669875","95738723","0 PAYLOAD A","1 39208U 13037A   14111.32294685  .00000535  00000-0  10157-3 0  9993","2 39208 098.0416 129.5031 0007750 205.1475 154.9365 14.68087370 40401"
"2.0","GENERATED VIA SPACE-TRACK.ORG API","2014-04-21T09:28:57","18 SPCS","PAYLOAD C","2013-037C","EARTH","TEME","UTC","SGP4","2014-04-21T07:51:25.320960","14.79103647","0.00196250","97.6790","128.8076","252.4720","107.4350","0","U","39210","999","4106","0.00011192000000","0.00000781","0.0000000000000","7010.296","97.356","645.919","618.403","PAYLOAD","LARGE","PRC","2013-07-19","TSC","","1669875","95738725","0 PAYLOAD C","1 39210U 13037C   14111.32737640  .00000781  00000-0  11192-3 0  9992","2 39210 097.6790 128.8076 0019625 252.4720 107.4350 14.79103647 41065"
"2.0","GENERATED VIA SPACE-TRACK.ORG API","2014-04-21T15:27:50","18 SPCS","PAYLOAD B","2013-037B","EARTH","TEME","UTC","SGP4","2014-04-21T09:22:40.055231","14.67487996","0.00040410","98.0408","129.2559","186.9003","173.2153","0","U","39209","999","4038","0.00013609000000","0.00000723","0.0000000000000","7047.240","98.126","671.953","666.257","PAYLOAD","LARGE","PRC","2013-07-19","TSC","","1670004","95741503","0 PAYLOAD B","1 39209U 13037B   14111.39074138  .00000723  00000-0  13609-3 0  9994","2 39209 098.0408 129.2559 0004041 186.9003 173.2153 14.67487996 40381"
"2.0","GENERATED VIA SPACE-TRACK.ORG API","2014-04-21T14:26:53","18 SPCS","PAYLOAD A","2013-037A","EARTH","TEME","UTC","SGP4","2014-04-21T11:01:20.084736","14.68087759","0.00077720","98.0416","129.6373","204.5477","155.5373","0","U","39208","999","4042","0.00010718000000","0.00000567","0.0000000000000","7045.320","98.086","672.661","661.710","PAYLOAD","LARGE","PRC","2013-07-19","TSC","","1669912","95739315","0 PAYLOAD A","1 39208U 13037A   14111.45926024  .00000567  00000-0  10718-3 0  9994","2 39208 098.0416 129.6373 0007772 204.5477 155.5373 14.68087759 40429"
"2.0","GENERATED VIA SPACE-TRACK.ORG API","2014-04-21T15:29:01","18 SPCS","PAYLOAD C","2013-037C","EARTH","TEME","UTC","SGP4","2014-04-21T11:06:15.229728","14.79104182","0.00196140","97.6791","128.9369","251.9493","107.9601","0","U","39210","999","4108","0.00011746000000","0.00000823","0.0000000000000","7010.294","97.356","645.909","618.409","PAYLOAD","LARGE","PRC","2013-07-19","TSC","","1670006","95741547","0 PAYLOAD C","1 39210U 13037C   14111.46267627  .00000823  00000-0  11746-3 0  9992","2 39210 097.6791 128.9369 0019614 251.9493 107.9601 14.79104182 41082"
"2.0","GENERATED VIA SPACE-TRACK.ORG API","2014-04-21T23:12:59","18 SPCS","PAYLOAD B","2013-037B","EARTH","TEME","UTC","SGP4","2014-04-21T17:33:35.789472","14.67488300","0.00040910","98.0407","129.5904","185.4299","174.6855","0","U","39209","999","4043","0.00013128000000","0.00000696","0.0000000000000","7047.239","98.126","671.987","666.221","PAYLOAD","LARGE","PRC","2013-07-19","TSC","","1670203","95744010","0 PAYLOAD B","1 39209U 13037B   14111.73166423  .00000696  00000-0  13128-3 0  9996","2 39209 098.0407 129.5904 0004091 185.4299 174.6855 14.67488300 40433"
"2.0","GENERATED VIA SPACE-TRACK.ORG API","2014-04-21T22:23:21","18 SPCS","PAYLOAD A","2013-037A","EARTH","TEME","UTC","SGP4","2014-04-21T19:12:03.828384","14.68087760","0.00078720","98.0412","129.9719","202.9301","157.1565","0","U","39208","999","4047","0.00009647200000","0.00000506","0.0000000000000","7045.320","98.086","672.731","661.639","PAYLOAD","LARGE","PRC","2013-07-19","TSC","","1670124","95742284","0 PAYLOAD A","1 39208U 13037A   14111.80004431  .00000506  00000-0  96472-4 0  9997","2 39208 098.0412 129.9719 0007872 202.9301 157.1565 14.68087760 40479"
"2.0","GENERATED VIA SPACE-TRACK.ORG API","2014-04-21T23:13:03","18 SPCS","PAYLOAD C","2013-037C","EARTH","TEME","UTC","SGP4","2014-04-21T19:13:20.018496","14.79104306","0.00196330","97.6791","129.2597","250.7397","109.1701","0","U","39210","999","4113","0.00010788000000","0.00000751","0.0000000000000","7010.294","97.356","645.922","618.396","PAYLOAD","LARGE","PRC","2013-07-19","TSC","","1670204","95744052","0 PAYLOAD C","1 39210U 13037C   14111.80092614  .00000751  00000-0  10788-3 0  9997","2 39210 097.6791 129.2597 0019633 250.7397 109.1701 14.79104306 41139"
"2.0","GENERATED VIA SPACE-TRACK.ORG API","2014-04-22T07:38:03","18 SPCS","PAYLOAD B","2013-037B","EARTH","TEME","UTC","SGP4","2014-04-22T01:44:31.471008","14.67489877","0.00041580","98.0406","129.9248","185.0009","175.1186","0","U","39209","999","4048","0.00015626000000","0.00000837","0.0000000000000","7047.234","98.126","672.029","666.169","PAYLOAD","LARGE","PRC","2013-07-19","TSC","","1670404","95746943","0 PAYLOAD B","1 39209U 13037B   14112.07258647  .00000837  00000-0  15626-3 0  9996","2 39209 098.0406 129.9248 0004158 185.0009 175.1186 14.67489877 40484"
"2.0","GENERATED VIA SPACE-TRACK.ORG API","2014-04-22T07:39:09","18 SPCS","PAYLOAD C","2013-037C","EARTH","TEME","UTC","SGP4","2014-04-22T03:20:24.646560","14.79105966","0.00197500","97.6789","129.5828","249.3261","110.5839","0","U","39210","999","4118","0.00012944000000","0.00000912","0.0000000000000","7010.289","97.356","645.999","618.308","PAYLOAD","LARGE","PRC","2013-07-19","TSC","","1670405","95746977","0 PAYLOAD C","1 39210U 13037C   14112.13917415  .00000912  00000-0  12944-3 0  9994","2 39210 097.6789 129.5828 0019750 249.3261 110.5839 14.79105966 41186"
"2.0","GENERATED VIA SPACE-TRACK.ORG API","2014-04-22T06:42:29","18 SPCS","PAYLOAD A","2013-037A","EARTH","TEME","UTC","SGP4","2014-04-22T03:22:47.468352","14.68089058","0.00079000","98.0411","130.3066","202.5961","157.4911","0","U","39208","999","4052","0.00011881000000","0.00000634","0.0000000000000","7045.316","98.086","672.747","661.615","PAYLOAD","LARGE","PRC","2013-07-19","TSC","","1670322","95744919","0 PAYLOAD A","1 39208U 13037A   14112.14082718  .00000634  00000-0  11881-3 0  9991","2 39208 098.0411 130.3066 0007900 202.5961 157.4911 14.68089058 40525"
"2.0","GENERATED VIA SPACE-TRACK.ORG API","2014-04-22T15:31:27","18 SPCS","PAYLOAD B","2013-037B","EARTH","TEME","UTC","SGP4","2014-04-22T09:55:27.105888","14.67490732","0.00041770","98.0407","130.2597","183.9074","176.2104","0","U","39209","999","4053","0.00016256000000","0.00000873","0.0000000000000","7047.231","98.126","672.040","666.152","PAYLOAD","LARGE","PRC","2013-07-19","TSC","","1670540","95749791","0 PAYLOAD B","1 39209U 13037B   14112.41350817  .00000873  00000-0  16256-3 0  9996","2 39209 098.0407 130.2597 0004177 183.9074 176.2104 14.67490732 40537"
"2.0","GENERATED VIA SPACE-TRACK.ORG API","2014-04-22T15:31:42","18 SPCS","PAYLOAD C","2013-037C","EARTH","TEME","UTC","SGP4","2014-04-22T11:27:29.347200","14.79107326","0.00197330","97.6792","129.9062","248.3042","111.6078","0","U","39210","999","4123","0.00014622000000","0.00001036","0.0000000000000","7010.284","97.356","645.983","618.316","PAYLOAD","LARGE","PRC","2013-07-19","TSC","","1670541","95749827","0 PAYLOAD C","1 39210U 13037C   14112.47742300  .00001036  00000-0  14622-3 0  9993","2 39210 097.6792 129.9062 0019733 248.3042 111.6078 14.79107326 41236"
"2.0","GENERATED VIA SPACE-TRACK.ORG API","2014-04-22T14:24:32","18 SPCS","PAYLOAD A","2013-037A","EARTH","TEME","UTC","SGP4","2014-04-22T11:33:31.143743","14.68089494","0.00078980","98.0413","130.6416","201.4700","158.6174","0","U","39208","999","4057","0.00011728000000","0.00000625","0.0000000000000","7045.315","98.086","672.744","661.615","PAYLOAD","LARGE","PRC","2013-07-19","TSC","","1670442","95747653","0 PAYLOAD A","1 39208U 13037A   14112.48161046  .00000625  00000-0  11728-3 0  9990","2 39208 098.0413 130.6416 0007898 201.4700 158.6174 14.68089494 40577"
"2.0","GENERATED VIA SPACE-TRACK.ORG API","2014-04-22T14:34:06","18 SPCS","PAYLOAD A","2013-037A","EARTH","TEME","UTC","SGP4","2014-04-22T13:11:39.884352","14.68089525","0.00078600","98.0415","130.7087","201.1016","158.9857","0","U","39208","999","4058","0.00011593000000","0.00000618","0.0000000000000","7045.315","98.086","672.717","661.642","PAYLOAD","LARGE","PRC","2013-07-19","TSC","","1670457","95748017","0 PAYLOAD A","1 39208U 13037A   14112.54976718  .00000618  00000-0  11593-3 0  9999","2 39208 098.0415 130.7087 0007860 201.1016 158.9857 14.68089525 40587"
"2.0","GENERATED VIA SPACE-TRACK.ORG API","2014-04-22T23:22:21","18 SPCS","PAYLOAD B","2013-037B","EARTH","TEME","UTC","SGP4","2014-04-22T18:06:22.767551","14.67491088","0.00042390","98.0407","130.5948","182.9875","177.1289","0","U","39209","999","4058","0.00015666000000","0.00000840","0.0000000000000","7047.230","98.126","672.082","666.108","PAYLOAD","LARGE","PRC","2013-07-19","TSC","","1670721","95752652","0 PAYLOAD B","1 39209U 13037B   14112.75443018  .00000840  00000-0  15666-3 0  9997","2 39209 098.0407 130.5948 0004239 182.9875 177.1289 14.67491088 40581"
"2.0","GENERATED VIA SPACE-TRACK.ORG API","2014-04-22T23:22:38","18 SPCS","PAYLOAD C","2013-037C","EARTH","TEME","UTC","SGP4","2014-04-22T19:34:34.065120","14.79107873","0.00197530","97.6793","130.2296","247.1997","112.7132","0","U","39210","999","4128","0.00014325000000","0.00001014","0.0000000000000","7010.283","97.355","645.995","618.300","PAYLOAD","LARGE","PRC","2013-07-19","TSC","","1670722","95752688","0 PAYLOAD C","1 39210U 13037C   14112.81567205  .00001014  00000-0  14325-3 0  9996","2 39210 097.6793 130.2296 0019753 247.1997 112.7132 14.79107873 41284"
"2.0","GENERATED VIA SPACE-TRACK.ORG API","2014-04-22T22:23:47","18 SPCS","PAYLOAD A","2013-037A","EARTH","TEME","UTC","SGP4","2014-04-22T21:22:23.611584","14.68089560","0.00079730","98.0410","131.0434","199.9690","160.1203","0","U","39208","999","4063","0.00010688000000","0.00000566","0.0000000000000","7045.315","98.086","672.797","661.562","PAYLOAD","LARGE","PRC","2013-07-19","TSC","","1670625","95750561","0 PAYLOAD A","1 39208U 13037A   14112.89055106  .00000566  00000-0  10688-3 0  9992","2 39208 098.0410 131.0434 0007973 199.9690 160.1203 14.68089560 40634"
"2.0","GENERATED VIA SPACE-TRACK.ORG API","2014-04-23T07:39:19","18 SPCS","PAYLOAD B","2013-037B","EARTH","TEME","UTC","SGP4","2014-04-23T02:17:18.464639","14.67492437","0.00043100","98.0408","130.9296","182.1326","177.9907","0","U","39209","999","4063","0.00017391000000","0.00000938","0.0000000000000","7047.226","98.126","672.128","666.053","PAYLOAD","LARGE","PRC","2013-07-19","TSC","","1670918","95755640","0 PAYLOAD B","1 39209U 13037B   14113.09535260  .00000938  00000-0  17391-3 0  9991","2 39209 098.0408 130.9296 0004310 182.1326 177.9907 14.67492437 40635"
"2.0","GENERATED VIA SPACE-TRACK.ORG API","2014-04-23T07:40:32","18 SPCS","PAYLOAD C","2013-037C","EARTH","TEME","UTC","SGP4","2014-04-23T03:41:38.691456","14.79109214","0.00198240","97.6791","130.5528","245.7669","114.1481","0","U","39210","999","4133","0.00015419000000","0.00001096","0.0000000000000","7010.278","97.355","646.040","618.246","PAYLOAD","LARGE","PRC","2013-07-19","TSC","","1670921","95755718","0 PAYLOAD C","1 39210U 13037C   14113.15392004  .00001096  00000-0  15419-3 0  9992","2 39210 097.6791 130.5528 0019824 245.7669 114.1481 14.79109214 41332"
"2.0","GENERATED VIA SPACE-TRACK.ORG API","2014-04-23T15:25:30","18 SPCS","PAYLOAD B","2013-037B","EARTH","TEME","UTC","SGP4","2014-04-23T10:28:14.035584","14.67493170","0.00043070","98.0411","131.2652","181.2264","178.8938","0","U","39209","999","4068","0.00017456000000","0.00000941","0.0000000000000","7047.223","98.126","672.123","666.053","PAYLOAD","LARGE","PRC","2013-07-19","TSC","","1671069","95758613","0 PAYLOAD B","1 39209U 13037B   14113.43627356  .00000941  00000-0  17456-3 0  9993","2 39209 098.0411 131.2652 0004307 181.2264 178.8938 14.67493170 40680"
"2.0","GENERATED VIA SPACE-TRACK.ORG API","2014-04-23T15:25:47","18 SPCS","PAYLOAD C","2013-037C","EARTH","TEME","UTC","SGP4","2014-04-23T11:48:43.347168","14.79110029","0.00198250","97.6793","130.8760","244.7996","115.1159","0","U","39210","999","4138","0.00015481000000","0.00001100","0.0000000000000","7010.276","97.355","646.039","618.243","PAYLOAD","LARGE","PRC","2013-07-19","TSC","","1671070","95758640","0 PAYLOAD C","1 39210U 13037C   14113.49216837  .00001100  00000-0  15481-3 0  9993","2 39210 097.6793 130.8760 0019825 244.7996 115.1159 14.79110029 41382"
"2.0","GENERATED VIA SPACE-TRACK.ORG API","2014-04-23T14:27:45","18 SPCS","PAYLOAD A","2013-037A","EARTH","TEME","UTC","SGP4","2014-04-23T12:05:42.252863","14.68090274","0.00079770","98.0410","131.6461","198.0489","162.0433","0","U","39208","999","4072","0.00010590000000","0.00000560","0.0000000000000","7045.312","98.086","672.797","661.557","PAYLOAD","LARGE","PRC","2013-07-19","TSC","","1670971","95756376","0 PAYLOAD A","1 39208U 13037A   14113.50396126  .00000560  00000-0  10590-3 0  9997","2 39208 098.0410 131.6461 0007977 198.0489 162.0433 14.68090274 40720"
"2.0","GENERATED VIA SPACE-TRACK.ORG API","2014-04-23T18:59:29","18 SPCS","PAYLOAD A","2013-037A","EARTH","TEME","UTC","SGP4","2014-04-23T17:00:08.498880","14.68090123","0.00080100","98.0410","131.8471","196.7995","163.2942","0","U","39208","999","4075","0.00009791000000","0.00000514","0.0000000000000","7045.313","98.086","672.821","661.534","PAYLOAD","LARGE","PRC","2013-07-19","TSC","","1671100","95758865","0 PAYLOAD A","1 39208U 13037A   14113.70843170  .00000514  00000-0  97910-4 0  9996","2 39208 098.0410 131.8471 0008010 196.7995 163.2942 14.68090123 40753"
"2.0","GENERATED VIA SPACE-TRACK.ORG API","2014-04-23T23:15:58","18 SPCS","PAYLOAD B","2013-037B","EARTH","TEME","UTC","SGP4","2014-04-23T18:39:09.672192","14.67493220","0.00044510","98.0410","131.6000","179.6135","180.5052","0","U","39209","999","4073","0.00016175000000","0.00000869","0.0000000000000","7047.223","98.126","672.225","665.951","PAYLOAD","LARGE","PRC","2013-07-19","TSC","","1671228","95761284","0 PAYLOAD B","1 39209U 13037B   14113.77719528  .00000869  00000-0  16175-3 0  9999","2 39209 098.0410 131.6000 0004451 179.6135 180.5052 14.67493220 40737"
"2.0","GENERATED VIA SPACE-TRACK.ORG API","2014-04-23T23:17:13","18 SPCS","PAYLOAD C","2013-037C","EARTH","TEME","UTC","SGP4","2014-04-23T19:55:48.050399","14.79110211","0.00198800","97.6789","131.1991","243.5580","116.3591","0","U","39210","999","4143","0.00014466000000","0.00001025","0.0000000000000","7010.275","97.355","646.077","618.204","PAYLOAD","LARGE","PRC","2013-07-19","TSC","","1671230","95761335","0 PAYLOAD C","1 39210U 13037C   14113.83041725  .00001025  00000-0  14466-3 0  9991","2 39210 097.6789 131.1991 0019880 243.5580 116.3591 14.79110211 41436"
"2.0","GENERATED VIA SPACE-TRACK.ORG API","2014-04-23T22:24:09","18 SPCS","PAYLOAD A","2013-037A","EARTH","TEME","UTC","SGP4","2014-04-23T20:16:25.979232","14.68090815","0.00080860","98.0412","131.9816","196.7799","163.3199","0","U","39208","999","4077","0.00010629000000","0.00000562","0.0000000000000","7045.311","98.086","672.872","661.479","PAYLOAD","LARGE","PRC","2013-07-19","TSC","","1671149","95759363","0 PAYLOAD A","1 39208U 13037A   14113.84474513  .00000562  00000-0  10629-3 0  9996","2 39208 098.0412 131.9816 0008086 196.7799 163.3199 14.68090815 40779"
"2.0","GENERATED VIA SPACE-TRACK.ORG API","2014-04-23T22:25:38","18 SPCS","PAYLOAD A","2013-037A","EARTH","TEME","UTC","SGP4","2014-04-23T20:16:25.979232","14.68090797","0.00081180","98.0414","131.9819","196.2983","163.8021","0","U","39208","999","4077","0.00010599000000","0.00000561","0.0000000000000","7045.311","98.086","672.895","661.456","PAYLOAD","LARGE","PRC","2013-07-19","TSC","","1671152","95759426","0 PAYLOAD A","1 39208U 13037A   14113.84474513  .00000561  00000-0  10599-3 0  9991","2 39208 098.0414 131.9819 0008118 196.2983 163.8021 14.68090797 40778"
"2.0","GENERATED VIA SPACE-TRACK.ORG API","2014-04-23T23:50:31","18 SPCS","PAYLOAD A","2013-037A","EARTH","TEME","UTC","SGP4","2014-04-23T23:32:43.351583","14.68091228","0.00080960","98.0415","132.1159","196.0113","164.0847","0","U","39208","999","4079","0.00011301000000","0.00000601","0.0000000000000","7045.309","98.086","672.878","661.470","PAYLOAD","LARGE","PRC","2013-07-19","TSC","","1671241","95761510","0 PAYLOAD A","1 39208U 13037A   14113.98105731  .00000601  00000-0  11301-3 0  9996","2 39208 098.0415 132.1159 0008096 196.0113 164.0847 14.68091228 40798"
"2.0","GENERATED VIA SPACE-TRACK.ORG API","2014-04-24T06:27:15","18 SPCS","PAYLOAD A","2013-037A","EARTH","TEME","UTC","SGP4","2014-04-24T01:10:52.068864","14.68091498","0.00080900","98.0413","132.1829","196.1784","163.9176","0","U","39208","999","4080","0.00011732000000","0.00000626","0.0000000000000","7045.308","98.086","672.873","661.474","PAYLOAD","LARGE","PRC","2013-07-19","TSC","","1671335","95762188","0 PAYLOAD A","1 39208U 13037A   14114.04921376  .00000626  00000-0  11732-3 0  9990","2 39208 098.0413 132.1829 0008090 196.1784 163.9176 14.68091498 40803"
"2.0","GENERATED VIA SPACE-TRACK.ORG API","2014-04-24T07:37:45","18 SPCS","PAYLOAD B","2013-037B","EARTH","TEME","UTC","SGP4","2014-04-24T01:11:54.204288","14.67493941","0.00044310","98.0412","131.8685","178.7534","181.3682","0","U","39209","999","4077","0.00016818000000","0.00000905","0.0000000000000","7047.221","98.126","672.208","665.963","PAYLOAD","LARGE","PRC","2013-07-19","TSC","","1671415","95764172","0 PAYLOAD B","1 39209U 13037B   14114.04993292  .00000905  00000-0  16818-3 0  9997","2 39209 098.0412 131.8685 0004431 178.7534 181.3682 14.67493941 40773"
"2.0","GENERATED VIA SPACE-TRACK.ORG API","2014-04-24T07:37:48","18 SPCS","PAYLOAD C","2013-037C","EARTH","TEME","UTC","SGP4","2014-04-24T04:02:52.704383","14.79111077","0.00198640","97.6790","131.5227","242.4761","117.4430","0","U","39210","999","4148","0.00014855000000","0.00001054","0.0000000000000","7010.272","97.355","646.063","618.212","PAYLOAD","LARGE","PRC","2013-07-19","TSC","","1671416","95764213","0 PAYLOAD C","1 39210U 13037C   14114.16866556  .00001054  00000-0  14855-3 0  9999","2 39210 097.6790 131.5227 0019864 242.4761 117.4430 14.79111077 41485"
"2.0","GENERATED VIA SPACE-TRACK.ORG API","2014-04-24T11:03:55","18 SPCS","PAYLOAD A","2013-037A","EARTH","TEME","UTC","SGP4","2014-04-24T06:05:18.242303","14.68091798","0.00080910","98.0413","132.3838","195.5461","164.5499","0","U","39208","999","4083","0.00011773000000","0.00000628","0.0000000000000","7045.307","98.086","672.873","661.472","PAYLOAD","LARGE","PRC","2013-07-19","TSC","","1671424","95764310","0 PAYLOAD A","1 39208U 13037A   14114.25368336  .00000628  00000-0  11773-3 0  9991","2 39208 098.0413 132.3838 0008091 195.5461 164.5499 14.68091798 40832"
"2.0","GENERATED VIA SPACE-TRACK.ORG API","2014-04-24T11:19:10","18 SPCS","PAYLOAD C","2013-037C","EARTH","TEME","UTC","SGP4","2014-04-24T07:17:42.566496","14.79111476","0.00198840","97.6791","131.6520","242.0594","117.8608","0","U","39210","999","4150","0.00015193000000","0.00001079","0.0000000000000","7010.271","97.355","646.075","618.197","PAYLOAD","LARGE","PRC","2013-07-19","TSC","","1671444","95764802","0 PAYLOAD C","1 39210U 13037C   14114.30396489  .00001079  00000-0  15193-3 0  9991","2 39210 097.6791 131.6520 0019884 242.0594 117.8608 14.79111476 41502"
"2.0","GENERATED VIA SPACE-TRACK.ORG API","2014-04-24T11:19:10","18 SPCS","PAYLOAD B","2013-037B","EARTH","TEME","UTC","SGP4","2014-04-24T09:22:49.837439","14.67494426","0.00044410","98.0411","132.2032","177.4993","182.6236","0","U","39209","999","4082","0.00016359000000","0.00000879","0.0000000000000","7047.219","98.126","672.214","665.955","PAYLOAD","LARGE","PRC","2013-07-19","TSC","","1671444","95764793","0 PAYLOAD B","1 39209U 13037B   14114.39085460  .00000879  00000-0  16359-3 0  9994","2 39209 098.0411 132.2032 0004441 177.4993 182.6236 14.67494426 40823"
"2.0","GENERATED VIA SPACE-TRACK.ORG API","2014-04-24T13:15:13","18 SPCS","PAYLOAD A","2013-037A","EARTH","TEME","UTC","SGP4","2014-04-24T10:59:44.424384","14.68092050","0.00080840","98.0416","132.5851","194.5550","165.5417","0","U","39208","999","4086","0.00011705000000","0.00000624","0.0000000000000","7045.307","98.086","672.867","661.476","PAYLOAD","LARGE","PRC","2013-07-19","TSC","","1671462","95764974","0 PAYLOAD A","1 39208U 13037A   14114.45815306  .00000624  00000-0  11705-3 0  9998","2 39208 098.0416 132.5851 0008084 194.5550 165.5417 14.68092050 40868"
"2.0","GENERATED VIA SPACE-TRACK.ORG API","2014-04-24T13:17:57","18 SPCS","PAYLOAD C","2013-037C","EARTH","TEME","UTC","SGP4","2014-04-24T12:09:59.457024","14.79100524","0.00194450","97.6818","131.8485","241.1705","118.8060","0","U","39210","999","3688","0.00000027463000","0.00000002","0.0000000000000","7010.306","97.356","645.802","618.539","PAYLOAD","LARGE","PRC","2013-07-19","TSC","","1671466","95765053","0 PAYLOAD C","1 39210U 13037C   14114.50693816  .00000002  00000-0  27463-6 0  9998","2 39210 097.6818 131.8485 0019445 241.1705 118.8060 14.79100524 36881"
"2.0","GENERATED VIA SPACE-TRACK.ORG API","2014-04-24T13:58:22","18 SPCS","PAYLOAD A","2013-037A","EARTH","TEME","UTC","SGP4","2014-04-24T12:37:53.954687","14.68091234","0.00081290","98.0437","132.6538","196.3919","163.7528","0","U","39208","999","4087","0.00011276000000","0.00000647","0.0000000000000","7045.309","98.086","672.901","661.447","PAYLOAD","LARGE","PRC","2013-07-19","TSC","","1671480","95765211","0 PAYLOAD A","1 39208U 13037A   14114.52631892  .00000647  00000-0  11276-3 0  9990","2 39208 098.0437 132.6538 0008129 196.3919 163.7528 14.68091234 40870"
"2.0","GENERATED VIA SPACE-TRACK.ORG API","2014-04-24T17:35:57","18 SPCS","PAYLOAD A","2013-037A","EARTH","TEME","UTC","SGP4","2014-04-24T15:54:10.682496","14.68091094","0.00081660","98.0415","132.7863","193.6147","166.4813","0","U","39208","999","4089","0.00009245800000","0.00000483","0.0000000000000","7045.310","98.086","672.928","661.421","PAYLOAD","LARGE","PRC","2013-07-19","TSC","","1671569","95766108","0 PAYLOAD A","1 39208U 13037A   14114.66262364  .00000483  00000-0  92458-4 0  9999","2 39208 098.0415 132.7863 0008166 193.6147 166.4813 14.68091094 40895"
"2.0","GENERATED VIA SPACE-TRACK.ORG API","2014-04-24T16:20:19","18 SPCS","PAYLOAD A","2013-037A","EARTH","TEME","UTC","SGP4","2014-04-24T15:54:11.389248","14.68092069","0.00081590","98.0437","132.7880","195.9447","164.2004","0","U","39208","999","4089","0.00011686000000","0.00000671","0.0000000000000","7045.307","98.086","672.920","661.423","PAYLOAD","LARGE","PRC","2013-07-19","TSC","","1671543","95765909","0 PAYLOAD A","1 39208U 13037A   14114.66263182  .00000671  00000-0  11686-3 0  9990","2 39208 098.0437 132.7880 0008159 195.9447 164.2004 14.68092069 40899"
"2.0","GENERATED VIA SPACE-TRACK.ORG API","2014-04-24T18:02:20","18 SPCS","PAYLOAD A","2013-037A","EARTH","TEME","UTC","SGP4","2014-04-24T15:54:11.532671","14.68089695","0.00081560","98.0430","132.7874","194.5944","165.5531","0","U","39208","999","4089","0.00001282000000","0.00000074","0.0000000000000","7045.314","98.086","672.925","661.433","PAYLOAD","LARGE","PRC","2013-07-19","TSC","","1671581","95766225","0 PAYLOAD A","1 39208U 13037A   14114.66263348  .00000074  00000-0  12820-4 0  9993","2 39208 098.0430 132.7874 0008156 194.5944 165.5531 14.68089695 40899"
"2.0","GENERATED VIA SPACE-TRACK.ORG API","2014-04-24T21:21:40","18 SPCS","PAYLOAD B","2013-037B","EARTH","TEME","UTC","SGP4","2014-04-24T17:33:45.498240","14.67494344","0.00045440","98.0411","132.5379","176.2316","183.8915","0","U","39209","999","4087","0.00014966000000","0.00000800","0.0000000000000","7047.219","98.126","672.287","665.882","PAYLOAD","LARGE","PRC","2013-07-19","TSC","","1671757","95769275","0 PAYLOAD B","1 39209U 13037B   14114.73177660  .00000800  00000-0  14966-3 0  9992","2 39209 098.0411 132.5379 0004544 176.2316 183.8915 14.67494344 40871"
"2.0","GENERATED VIA SPACE-TRACK.ORG API","2014-04-24T19:35:07","18 SPCS","PAYLOAD C","2013-037C","EARTH","TEME","UTC","SGP4","2014-04-24T18:39:37.197503","14.79043212","0.00184480","97.6782","132.1035","242.1588","117.6573","0","U","39210","999","4157","0.00837060000000","0.00062568","0.0000000000000","7010.487","97.360","645.285","619.419","PAYLOAD","LARGE","PRC","2013-07-19","TSC","","1671630","95766529","0 PAYLOAD C","1 39210U 13037C   14114.77751386  .00062568  00000-0  83706-2 0  9997","2 39210 097.6782 132.1035 0018448 242.1588 117.6573 14.79043212 41576"
"2.0","GENERATED VIA SPACE-TRACK.ORG API","2014-04-24T20:37:31","18 SPCS","PAYLOAD A","2013-037A","EARTH","TEME","UTC","SGP4","2014-04-24T19:10:28.190496","14.68091533","0.00082130","98.0415","132.9203","193.2745","166.8259","0","U","39208","999","4091","0.00009878200000","0.00000519","0.0000000000000","7045.308","98.086","672.960","661.387","PAYLOAD","LARGE","PRC","2013-07-19","TSC","","1671688","95767742","0 PAYLOAD A","1 39208U 13037A   14114.79893739  .00000519  00000-0  98782-4 0  9995","2 39208 098.0415 132.9203 0008213 193.2745 166.8259 14.68091533 40917"
"2.0","GENERATED VIA SPACE-TRACK.ORG API","2014-04-24T20:06:46","18 SPCS","PAYLOAD A","2013-037A","EARTH","TEME","UTC","SGP4","2014-04-24T19:10:29.013023","14.68089477","0.00081400","98.0433","132.9211","193.9748","166.1736","0","U","39208","999","4091","0.00000000000000","-0.00000028","0.0000000000000","7045.315","98.086","672.915","661.445","PAYLOAD","LARGE","PRC","2013-07-19","TSC","","1671635","95766580","0 PAYLOAD A","1 39208U 13037A   14114.79894691 -.00000028  00000-0  00000+0 0  9990","2 39208 098.0433 132.9211 0008140 193.9748 166.1736 14.68089477 40912"
"2.0","GENERATED VIA SPACE-TRACK.ORG API","2014-04-25T07:24:11","18 SPCS","PAYLOAD B","2013-037B","EARTH","TEME","UTC","SGP4","2014-04-25T01:44:41.092511","14.67495201","0.00045640","98.0410","132.8728","175.6485","184.4767","0","U","39209","999","4092","0.00015454000000","0.00000828","0.0000000000000","7047.217","98.126","672.298","665.865","PAYLOAD","LARGE","PRC","2013-07-19","TSC","","1672067","95774066","0 PAYLOAD B","1 39209U 13037B   14115.07269783  .00000828  00000-0  15454-3 0  9991","2 39209 098.0410 132.8728 0004564 175.6485 184.4767 14.67495201 40924"
"2.0","GENERATED VIA SPACE-TRACK.ORG API","2014-04-25T06:25:25","18 SPCS","PAYLOAD A","2013-037A","EARTH","TEME","UTC","SGP4","2014-04-25T03:21:11.806271","14.68091881","0.00082400","98.0412","133.2549","192.5801","167.5197","0","U","39208","999","4096","0.00009705300000","0.00000509","0.0000000000000","7045.307","98.086","672.977","661.367","PAYLOAD","LARGE","PRC","2013-07-19","TSC","","1671980","95771879","0 PAYLOAD A","1 39208U 13037A   14115.13971998  .00000509  00000-0  97053-4 0  9997","2 39208 098.0412 133.2549 0008240 192.5801 167.5197 14.68091881 40966"
"2.0","GENERATED VIA SPACE-TRACK.ORG API","2014-04-25T05:48:25","18 SPCS","PAYLOAD C","2013-037C","EARTH","TEME","UTC","SGP4","2014-04-25T04:24:06.872832","14.78993082","0.00201010","97.6778","132.4944","237.3919","122.3066","0","U","39210","999","4163","-0.00502370000000","-0.00037069","0.0000000000000","7010.645","97.363","646.602","618.418","PAYLOAD","LARGE","PRC","2013-07-19","TSC","","1671954","95771337","0 PAYLOAD C","1 39210U 13037C   14115.18341288 -.00037069  00000-0 -50237-2 0  9992","2 39210 097.6778 132.4944 0020101 237.3919 122.3066 14.78993082 41631"
"2.0","GENERATED VIA SPACE-TRACK.ORG API","2014-04-25T14:33:16","18 SPCS","PAYLOAD A","2013-037A","EARTH","TEME","UTC","SGP4","2014-04-25T08:15:37.997856","14.68092104","0.00082470","98.0413","133.4559","191.8570","168.2442","0","U","39208","999","4099","0.00009662900000","0.00000507","0.0000000000000","7045.306","98.086","672.982","661.361","PAYLOAD","LARGE","PRC","2013-07-19","TSC","","1672137","95775160","0 PAYLOAD A","1 39208U 13037A   14115.34418979  .00000507  00000-0  96629-4 0  9991","2 39208 098.0413 133.4559 0008247 191.8570 168.2442 14.68092104 40995"
"2.0","GENERATED VIA SPACE-TRACK.ORG API","2014-04-26T00:52:28","18 SPCS","PAYLOAD B","2013-037B","EARTH","TEME","UTC","SGP4","2014-04-25T09:55:36.678143","14.67495786","0.00045680","98.0412","133.2076","174.4320","185.6939","0","U","39209","999","4097","0.00015338000000","0.00000821","0.0000000000000","7047.215","98.126","672.299","665.861","PAYLOAD","LARGE","PRC","2013-07-19","TSC","","1672409","95780569","0 PAYLOAD B","1 39209U 13037B   14115.41361896  .00000821  00000-0  15338-3 0  9991","2 39209 098.0412 133.2076 0004568 174.4320 185.6939 14.67495786 40973"
"2.0","GENERATED VIA SPACE-TRACK.ORG API","2014-04-25T12:37:51","18 SPCS","PAYLOAD C","2013-037C","EARTH","TEME","UTC","SGP4","2014-04-25T10:53:52.333151","14.78983178","0.00199850","97.6782","132.7526","237.8398","122.0946","0","U","39210","999","4167","-0.00394160000000","-0.00029120","0.0000000000000","7010.677","97.364","646.552","618.531","PAYLOAD","LARGE","PRC","2013-07-19","TSC","","1672095","95774331","0 PAYLOAD C","1 39210U 13037C   14115.45407793 -.00029120  00000-0 -39416-2 0  9991","2 39210 097.6782 132.7526 0019985 237.8398 122.0946 14.78983178 41672"
"2.0","GENERATED VIA SPACE-TRACK.ORG API","2014-04-25T23:27:02","18 SPCS","PAYLOAD B","2013-037B","EARTH","TEME","UTC","SGP4","2014-04-25T18:06:32.269824","14.67495926","0.00046310","98.0415","133.5429","173.2069","186.9180","0","U","39209","999","4102","0.00014504000000","0.00000774","0.0000000000000","7047.214","98.126","672.343","665.816","PAYLOAD","LARGE","PRC","2013-07-19","TSC","","1672387","95780271","0 PAYLOAD B","1 39209U 13037B   14115.75454016  .00000774  00000-0  14504-3 0  9996","2 39209 098.0415 133.5429 0004631 173.2069 186.9180 14.67495926 41024"
"2.0","GENERATED VIA SPACE-TRACK.ORG API","2014-04-25T22:27:42","18 SPCS","PAYLOAD A","2013-037A","EARTH","TEME","UTC","SGP4","2014-04-25T19:42:39.082752","14.68091871","0.00083470","98.0413","133.9256","190.4516","169.6519","0","U","39208","999","4106","0.00006243700000","0.00000310","0.0000000000000","7045.307","98.086","673.053","661.291","PAYLOAD","LARGE","PRC","2013-07-19","TSC","","1672297","95778069","0 PAYLOAD A","1 39208U 13037A   14115.82128568  .00000310  00000-0  62437-4 0  9998","2 39208 098.0413 133.9256 0008347 190.4516 169.6519 14.68091871 41069"
"2.0","GENERATED VIA SPACE-TRACK.ORG API","2014-04-26T06:26:15","18 SPCS","PAYLOAD A","2013-037A","EARTH","TEME","UTC","SGP4","2014-04-26T02:15:13.997663","14.68092405","0.00083840","98.0413","134.1937","189.7151","170.3911","0","U","39208","999","4110","0.00007335300000","0.00000373","0.0000000000000","7045.305","98.086","673.077","661.264","PAYLOAD","LARGE","PRC","2013-07-19","TSC","","1672502","95781192","0 PAYLOAD A","1 39208U 13037A   14116.09391201  .00000373  00000-0  73353-4 0  9992","2 39208 098.0413 134.1937 0008384 189.7151 170.3911 14.68092405 41109"
"2.0","GENERATED VIA SPACE-TRACK.ORG API","2014-04-26T07:14:29","18 SPCS","PAYLOAD B","2013-037B","EARTH","TEME","UTC","SGP4","2014-04-26T02:17:27.881375","14.67496380","0.00047390","98.0410","133.8780","173.1798","186.9498","0","U","39209","999","4107","0.00013736000000","0.00000730","0.0000000000000","7047.213","98.126","672.418","665.738","PAYLOAD","LARGE","PRC","2013-07-19","TSC","","1672574","95782925","0 PAYLOAD B","1 39209U 13037B   14116.09546159  .00000730  00000-0  13736-3 0  9992","2 39209 098.0410 133.8780 0004739 173.1798 186.9498 14.67496380 41071"
"2.0","GENERATED VIA SPACE-TRACK.ORG API","2014-04-26T05:04:53","18 SPCS","PAYLOAD C","2013-037C","EARTH","TEME","UTC","SGP4","2014-04-26T03:08:07.360799","14.78997865","0.00203860","97.6763","133.3952","235.3480","124.6794","0","U","39210","999","4177","-0.00310710000000","-0.00022997","0.0000000000000","7010.630","97.363","646.787","618.203","PAYLOAD","LARGE","PRC","2013-07-19","TSC","","1672468","95780637","0 PAYLOAD C","1 39210U 13037C   14116.13064075 -.00022997  00000-0 -31071-2 0  9993","2 39210 097.6763 133.3952 0020386 235.3480 124.6794 14.78997865 41771"
"2.0","GENERATED VIA SPACE-TRACK.ORG API","2014-04-26T14:23:33","18 SPCS","PAYLOAD A","2013-037A","EARTH","TEME","UTC","SGP4","2014-04-26T07:09:40.146911","14.68092764","0.00083790","98.0414","134.3946","189.0379","171.0681","0","U","39208","999","4113","0.00007880400000","0.00000404","0.0000000000000","7045.304","98.086","673.073","661.266","PAYLOAD","LARGE","PRC","2013-07-19","TSC","","1672644","95783548","0 PAYLOAD A","1 39208U 13037A   14116.29838133  .00000404  00000-0  78804-4 0  9995","2 39208 098.0414 134.3946 0008379 189.0379 171.0681 14.68092764 41134"
"2.0","GENERATED VIA SPACE-TRACK.ORG API","2014-04-26T11:46:30","18 SPCS","PAYLOAD C","2013-037C","EARTH","TEME","UTC","SGP4","2014-04-26T09:37:47.377920","14.78993861","0.00203850","97.6778","133.6548","234.3281","125.6103","0","U","39210","999","4181","-0.00197110000000","-0.00014623","0.0000000000000","7010.643","97.363","646.799","618.217","PAYLOAD","LARGE","PRC","2013-07-19","TSC","","1672619","95783187","0 PAYLOAD C","1 39210U 13037C   14116.40124280 -.00014623  00000-0 -19711-2 0  9992","2 39210 097.6778 133.6548 0020385 234.3281 125.6103 14.78993861 41810"
"2.0","GENERATED VIA SPACE-TRACK.ORG API","2014-04-26T14:38:33","18 SPCS","PAYLOAD B","2013-037B","EARTH","TEME","UTC","SGP4","2014-04-26T10:28:23.402207","14.67497202","0.00047500","98.0413","134.2129","171.8178","188.3110","0","U","39209","999","4112","0.00014588000000","0.00000779","0.0000000000000","7047.210","98.126","672.423","665.728","PAYLOAD","LARGE","PRC","2013-07-19","TSC","","1672664","95784026","0 PAYLOAD B","1 39209U 13037B   14116.43638197  .00000779  00000-0  14588-3 0  9993","2 39209 098.0413 134.2129 0004750 171.8178 188.3110 14.67497202 41123"
"2.0","GENERATED VIA SPACE-TRACK.ORG API","2014-04-26T22:27:59","18 SPCS","PAYLOAD A","2013-037A","EARTH","TEME","UTC","SGP4","2014-04-26T18:36:41.110847","14.68094219","0.00084100","98.0413","134.8636","187.6016","172.5057","0","U","39208","999","4120","0.00010293000000","0.00000543","0.0000000000000","7045.300","98.086","673.090","661.240","PAYLOAD","LARGE","PRC","2013-07-19","TSC","","1672873","95784875","0 PAYLOAD A","1 39208U 13037A   14116.77547582  .00000543  00000-0  10293-3 0  9994","2 39208 098.0413 134.8636 0008410 187.6016 172.5057 14.68094219 41200"
"2.0","GENERATED VIA SPACE-TRACK.ORG API","2014-04-26T23:29:09","18 SPCS","PAYLOAD B","2013-037B","EARTH","TEME","UTC","SGP4","2014-04-26T18:39:18.955872","14.67497276","0.00047240","98.0412","134.5476","171.1608","188.9662","0","U","39209","999","4117","0.00013333000000","0.00000708","0.0000000000000","7047.210","98.126","672.404","665.746","PAYLOAD","LARGE","PRC","2013-07-19","TSC","","1672978","95787126","0 PAYLOAD B","1 39209U 13037B   14116.77730273  .00000708  00000-0  13333-3 0  9997","2 39209 098.0412 134.5476 0004724 171.1608 188.9662 14.67497276 41176"
"2.0","GENERATED VIA SPACE-TRACK.ORG API","2014-04-26T21:12:13","18 SPCS","PAYLOAD C","2013-037C","EARTH","TEME","UTC","SGP4","2014-04-26T19:22:19.772255","14.78992570","0.00204320","97.6774","134.0415","233.1969","126.7519","0","U","39210","999","4187","-0.00111730000000","-0.00008318","0.0000000000000","7010.647","97.363","646.836","618.188","PAYLOAD","LARGE","PRC","2013-07-19","TSC","","1672824","95784244","0 PAYLOAD C","1 39210U 13037C   14116.80717329 -.00008318  00000-0 -11173-2 0  9996","2 39210 097.6774 134.0415 0020432 233.1969 126.7519 14.78992570 41872"
"2.0","GENERATED VIA SPACE-TRACK.ORG API","2014-04-27T07:54:49","18 SPCS","PAYLOAD B","2013-037B","EARTH","TEME","UTC","SGP4","2014-04-27T01:12:03.470688","14.67497108","0.00047790","98.0409","134.8153","170.5783","189.5513","0","U","39209","999","4121","0.00011797000000","0.00000621","0.0000000000000","7047.211","98.126","672.443","665.708","PAYLOAD","LARGE","PRC","2013-07-19","TSC","","1673180","95790706","0 PAYLOAD B","1 39209U 13037B   14117.05004017  .00000621  00000-0  11797-3 0  9995","2 39209 098.0409 134.8153 0004779 170.5783 189.5513 14.67497108 41215"
"2.0","GENERATED VIA SPACE-TRACK.ORG API","2014-04-27T06:30:17","18 SPCS","PAYLOAD A","2013-037A","EARTH","TEME","UTC","SGP4","2014-04-27T02:47:24.727487","14.68094865","0.00083880","98.0411","135.1986","186.7879","173.3219","0","U","39208","999","4125","0.00011580000000","0.00000617","0.0000000000000","7045.298","98.086","673.072","661.253","PAYLOAD","LARGE","PRC","2013-07-19","TSC","","1673069","95788139","0 PAYLOAD A","1 39208U 13037A   14117.11625842  .00000617  00000-0  11580-3 0  9991","2 39208 098.0411 135.1986 0008388 186.7879 173.3219 14.68094865 41252"
"2.0","GENERATED VIA SPACE-TRACK.ORG API","2014-04-27T15:29:18","18 SPCS","PAYLOAD B","2013-037B","EARTH","TEME","UTC","SGP4","2014-04-27T09:22:59.018304","14.67497894","0.00047720","98.0411","135.1501","169.3419","190.7893","0","U","39209","999","4126","0.00012782000000","0.00000676","0.0000000000000","7047.208","98.126","672.436","665.710","PAYLOAD","LARGE","PRC","2013-07-19","TSC","","1673333","95793796","0 PAYLOAD B","1 39209U 13037B   14117.39096086  .00000676  00000-0  12782-3 0  9994","2 39209 098.0411 135.1501 0004772 169.3419 190.7893 14.67497894 41266"
"2.0","GENERATED VIA SPACE-TRACK.ORG API","2014-04-27T14:33:05","18 SPCS","PAYLOAD A","2013-037A","EARTH","TEME","UTC","SGP4","2014-04-27T10:58:08.298335","14.68095454","0.00084000","98.0409","135.5340","185.4001","174.7111","0","U","39208","999","4130","0.00012078000000","0.00000646","0.0000000000000","7045.296","98.086","673.079","661.243","PAYLOAD","LARGE","PRC","2013-07-19","TSC","","1673247","95791786","0 PAYLOAD A","1 39208U 13037A   14117.45704049  .00000646  00000-0  12078-3 0  9990","2 39208 098.0409 135.5340 0008400 185.4001 174.7111 14.68095454 41302"
"2.0","GENERATED VIA SPACE-TRACK.ORG API","2014-04-27T13:13:14","18 SPCS","PAYLOAD C","2013-037C","EARTH","TEME","UTC","SGP4","2014-04-27T11:36:33.751871","14.78995790","0.00203800","97.6767","134.6910","230.6191","129.3674","0","U","39210","999","4197","-0.00164020000000","-0.00012181","0.0000000000000","7010.637","97.363","646.789","618.214","PAYLOAD","LARGE","PRC","2013-07-19","TSC","","1673205","95791011","0 PAYLOAD C","1 39210U 13037C   14117.48372398 -.00012181  00000-0 -16402-2 0  9997","2 39210 097.6767 134.6910 0020380 230.6191 129.3674 14.78995790 41970"
"2.0","GENERATED VIA SPACE-TRACK.ORG API","2014-04-27T23:22:54","18 SPCS","PAYLOAD B","2013-037B","EARTH","TEME","UTC","SGP4","2014-04-27T17:33:54.576288","14.67497609","0.00048390","98.0413","135.4849","168.1369","191.9928","0","U","39209","999","4131","0.00010889000000","0.00000569","0.0000000000000","7047.209","98.126","672.484","665.664","PAYLOAD","LARGE","PRC","2013-07-19","TSC","","1673533","95796513","0 PAYLOAD B","1 39209U 13037B   14117.73188167  .00000569  00000-0  10889-3 0  9991","2 39209 098.0413 135.4849 0004839 168.1369 191.9928 14.67497609 41313"
"2.0","GENERATED VIA SPACE-TRACK.ORG API","2014-04-27T22:28:11","18 SPCS","PAYLOAD A","2013-037A","EARTH","TEME","UTC","SGP4","2014-04-27T19:08:51.984959","14.68093756","0.00085560","98.0406","135.8694","183.8965","176.2139","0","U","39208","999","4135","0.00006213900000","0.00000309","0.0000000000000","7045.301","98.086","673.194","661.138","PAYLOAD","LARGE","PRC","2013-07-19","TSC","","1673444","95794676","0 PAYLOAD A","1 39208U 13037A   14117.79782390  .00000309  00000-0  62139-4 0  9992","2 39208 098.0406 135.8694 0008556 183.8965 176.2139 14.68093756 41352"
"2.0","GENERATED VIA SPACE-TRACK.ORG API","2014-04-28T02:23:01","18 SPCS","PAYLOAD C","2013-037C","EARTH","TEME","UTC","SGP4","2014-04-28T00:35:56.320223","14.79001857","0.00206510","97.6760","135.2067","228.5968","131.3751","0","U","39210","999","4205","-0.00015921000000","-0.00001230","0.0000000000000","7010.618","97.362","646.960","618.005","PAYLOAD","LARGE","PRC","2013-07-19","TSC","","1673610","95796851","0 PAYLOAD C","1 39210U 13037C   14118.02495741 -.00001230  00000-0 -15921-3 0  9995","2 39210 097.6760 135.2067 0020651 228.5968 131.3751 14.79001857 42054"
"2.0","GENERATED VIA SPACE-TRACK.ORG API","2014-04-28T06:27:17","18 SPCS","PAYLOAD A","2013-037A","EARTH","TEME","UTC","SGP4","2014-04-28T01:41:26.945663","14.68093784","0.00085350","98.0405","136.1372","182.9618","177.1538","0","U","39208","999","4139","0.00005429100000","0.00000264","0.0000000000000","7045.301","98.086","673.179","661.153","PAYLOAD","LARGE","PRC","2013-07-19","TSC","","1673653","95797448","0 PAYLOAD A","1 39208U 13037A   14118.07045076  .00000264  00000-0  54291-4 0  9997","2 39208 098.0405 136.1372 0008535 182.9618 177.1538 14.68093784 41398"
"2.0","GENERATED VIA SPACE-TRACK.ORG API","2014-04-28T07:46:53","18 SPCS","PAYLOAD B","2013-037B","EARTH","TEME","UTC","SGP4","2014-04-28T01:44:50.154144","14.67498141","0.00048810","98.0410","135.8194","167.3446","192.7894","0","U","39209","999","4136","0.00010934000000","0.00000572","0.0000000000000","7047.207","98.126","672.512","665.633","PAYLOAD","LARGE","PRC","2013-07-19","TSC","","1673754","95799911","0 PAYLOAD B","1 39209U 13037B   14118.07280271  .00000572  00000-0  10934-3 0  9993","2 39209 098.0410 135.8194 0004881 167.3446 192.7894 14.67498141 41369"
"2.0","GENERATED VIA SPACE-TRACK.ORG API","2014-04-28T16:07:20","18 SPCS","PAYLOAD B","2013-037B","EARTH","TEME","UTC","SGP4","2014-04-28T09:55:45.660287","14.67499050","0.00048560","98.0411","136.1541","166.2284","193.9065","0","U","39209","999","4141","0.00012289000000","0.00000649","0.0000000000000","7047.204","98.126","672.492","665.647","PAYLOAD","LARGE","PRC","2013-07-19","TSC","","1673880","95802472","0 PAYLOAD B","1 39209U 13037B   14118.41372292  .00000649  00000-0  12289-3 0  9996","2 39209 098.0411 136.1541 0004856 166.2284 193.9065 14.67499050 41419"
"2.0","GENERATED VIA SPACE-TRACK.ORG API","2014-04-28T14:25:47","18 SPCS","PAYLOAD A","2013-037A","EARTH","TEME","UTC","SGP4","2014-04-28T11:30:19.283903","14.68093973","0.00085340","98.0405","136.5389","181.6127","178.5050","0","U","39208","999","4145","0.00005178400000","0.00000249","0.0000000000000","7045.300","98.086","673.178","661.153","PAYLOAD","LARGE","PRC","2013-07-19","TSC","","1673797","95800630","0 PAYLOAD A","1 39208U 13037A   14118.47938986  .00000249  00000-0  51784-4 0  9999","2 39208 098.0405 136.5389 0008534 181.6127 178.5050 14.68093973 41451"
"2.0","GENERATED VIA SPACE-TRACK.ORG API","2014-04-28T22:23:48","18 SPCS","PAYLOAD A","2013-037A","EARTH","TEME","UTC","SGP4","2014-04-28T16:24:45.452160","14.68093454","0.00085460","98.0402","136.7389","181.1001","179.0166","0","U","39208","999","4148","0.00002915600000","0.00000119","0.0000000000000","7045.302","98.086","673.188","661.146","PAYLOAD","LARGE","PRC","2013-07-19","TSC","","1673963","95803169","0 PAYLOAD A","1 39208U 13037A   14118.68385940  .00000119  00000-0  29156-4 0  9992","2 39208 098.0402 136.7389 0008546 181.1001 179.0166 14.68093454 41480"
"2.0","GENERATED VIA SPACE-TRACK.ORG API","2014-04-28T23:07:24","18 SPCS","PAYLOAD B","2013-037B","EARTH","TEME","UTC","SGP4","2014-04-28T18:06:41.172480","14.67498848","0.00049030","98.0407","136.4893","165.1935","194.9387","0","U","39209","999","4146","0.00010660000000","0.00000556","0.0000000000000","7047.205","98.126","672.525","665.615","PAYLOAD","LARGE","PRC","2013-07-19","TSC","","1674027","95804703","0 PAYLOAD B","1 39209U 13037B   14118.75464320  .00000556  00000-0  10660-3 0  9995","2 39209 098.0407 136.4893 0004903 165.1935 194.9387 14.67498848 41468"
"2.0","GENERATED VIA SPACE-TRACK.ORG API","2014-04-28T23:08:29","18 SPCS","PAYLOAD C","2013-037C","EARTH","TEME","UTC","SGP4","2014-04-28T21:42:25.657631","14.78986069","0.00197900","97.6797","136.0454","226.5724","133.3396","0","U","39210","999","4218","-0.00054166000000","-0.00004059","0.0000000000000","7010.667","97.364","646.407","618.658","PAYLOAD","LARGE","PRC","2013-07-19","TSC","","1674029","95804767","0 PAYLOAD C","1 39210U 13037C   14118.90446363 -.00004059  00000-0 -54166-3 0  9994","2 39210 097.6797 136.0454 0019790 226.5724 133.3396 14.78986069 42180"
"2.0","GENERATED VIA SPACE-TRACK.ORG API","2014-04-29T07:29:04","18 SPCS","PAYLOAD B","2013-037B","EARTH","TEME","UTC","SGP4","2014-04-29T02:17:36.735647","14.67499357","0.00049310","98.0404","136.8238","164.3113","195.8254","0","U","39209","999","4151","0.00010745000000","0.00000561","0.0000000000000","7047.203","98.126","672.543","665.593","PAYLOAD","LARGE","PRC","2013-07-19","TSC","","1674241","95807841","0 PAYLOAD B","1 39209U 13037B   14119.09556407  .00000561  00000-0  10745-3 0  9991","2 39209 098.0404 136.8238 0004931 164.3113 195.8254 14.67499357 41517"
"2.0","GENERATED VIA SPACE-TRACK.ORG API","2014-04-29T06:27:18","18 SPCS","PAYLOAD A","2013-037A","EARTH","TEME","UTC","SGP4","2014-04-29T05:29:55.123007","14.68095065","0.00086550","98.0400","137.2750","179.1421","180.9818","0","U","39208","999","4156","0.00005406300000","0.00000262","0.0000000000000","7045.297","98.086","673.260","661.064","PAYLOAD","LARGE","PRC","2013-07-19","TSC","","1674146","95805517","0 PAYLOAD A","1 39208U 13037A   14119.22911022  .00000262  00000-0  54063-4 0  9993","2 39208 098.0400 137.2750 0008655 179.1421 180.9818 14.68095065 41564"
"2.0","GENERATED VIA SPACE-TRACK.ORG API","2014-04-29T07:30:45","18 SPCS","PAYLOAD C","2013-037C","EARTH","TEME","UTC","SGP4","2014-04-29T05:49:33.258719","14.78991536","0.00204180","97.6787","136.3695","224.6413","135.3363","0","U","39210","999","4223","-0.00032731000000","-0.00002474","0.0000000000000","7010.650","97.363","646.830","618.201","PAYLOAD","LARGE","PRC","2013-07-19","TSC","","1674244","95807893","0 PAYLOAD C","1 39210U 13037C   14119.24274605 -.00002474  00000-0 -32731-3 0  9993","2 39210 097.6787 136.3695 0020418 224.6413 135.3363 14.78991536 42239"
"2.0","GENERATED VIA SPACE-TRACK.ORG API","2014-04-29T15:35:25","18 SPCS","PAYLOAD B","2013-037B","EARTH","TEME","UTC","SGP4","2014-04-29T10:28:32.234016","14.67499795","0.00049490","98.0405","137.1585","163.1282","197.0090","0","U","39209","999","4156","0.00010755000000","0.00000562","0.0000000000000","7047.202","98.126","672.555","665.579","PAYLOAD","LARGE","PRC","2013-07-19","TSC","","1674390","95810854","0 PAYLOAD B","1 39209U 13037B   14119.43648419  .00000562  00000-0  10755-3 0  9996","2 39209 098.0405 137.1585 0004949 163.1282 197.0090 14.67499795 41563"
"2.0","GENERATED VIA SPACE-TRACK.ORG API","2014-04-29T14:32:00","18 SPCS","PAYLOAD A","2013-037A","EARTH","TEME","UTC","SGP4","2014-04-29T12:02:29.954975","14.68095469","0.00086220","98.0399","137.5428","178.4282","181.6954","0","U","39208","999","4160","0.00006178900000","0.00000307","0.0000000000000","7045.296","98.086","673.235","661.086","PAYLOAD","LARGE","PRC","2013-07-19","TSC","","1674306","95808845","0 PAYLOAD A","1 39208U 13037A   14119.50173559  .00000307  00000-0  61789-4 0  9992","2 39208 098.0399 137.5428 0008622 178.4282 181.6954 14.68095469 41609"
"2.0","GENERATED VIA SPACE-TRACK.ORG API","2014-04-29T15:35:08","18 SPCS","PAYLOAD C","2013-037C","EARTH","TEME","UTC","SGP4","2014-04-29T12:19:14.358431","14.79001650","0.00206490","97.6772","136.6274","223.8771","136.1110","0","U","39210","999","4227","-0.00002660000000","-0.00000247","0.0000000000000","7010.618","97.362","646.959","618.007","PAYLOAD","LARGE","PRC","2013-07-19","TSC","","1674389","95810816","0 PAYLOAD C","1 39210U 13037C   14119.51336063 -.00000247  00000-0 -26600-4 0  9995","2 39210 097.6772 136.6274 0020649 223.8771 136.1110 14.79001650 42276"
"2.0","GENERATED VIA SPACE-TRACK.ORG API","2014-04-29T23:23:56","18 SPCS","PAYLOAD B","2013-037B","EARTH","TEME","UTC","SGP4","2014-04-29T18:39:27.747935","14.67499727","0.00049450","98.0404","137.4932","162.3354","197.7994","0","U","39209","999","4161","0.00009962000000","0.00000517","0.0000000000000","7047.202","98.126","672.552","665.582","PAYLOAD","LARGE","PRC","2013-07-19","TSC","","1674608","95813826","0 PAYLOAD B","1 39209U 13037B   14119.77740449  .00000517  00000-0  99620-4 0  9998","2 39209 098.0404 137.4932 0004945 162.3354 197.7994 14.67499727 41619"
"2.0","GENERATED VIA SPACE-TRACK.ORG API","2014-04-29T23:24:13","18 SPCS","PAYLOAD C","2013-037C","EARTH","TEME","UTC","SGP4","2014-04-29T20:26:20.705855","14.79001846","0.00206500","97.6769","136.9502","222.7773","137.1859","0","U","39210","999","4232","-0.00002009500000","-0.00000199","0.0000000000000","7010.618","97.362","646.960","618.006","PAYLOAD","LARGE","PRC","2013-07-19","TSC","","1674609","95813869","0 PAYLOAD C","1 39210U 13037C   14119.85162854 -.00000199  00000-0 -20095-4 0  9995","2 39210 097.6769 136.9502 0020650 222.7773 137.1859 14.79001846 42325"
"2.0","GENERATED VIA SPACE-TRACK.ORG API","2014-04-29T22:25:15","18 SPCS","PAYLOAD A","2013-037A","EARTH","TEME","UTC","SGP4","2014-04-29T21:51:22.250015","14.68095848","0.00085960","98.0400","137.9444","177.0336","183.0912","0","U","39208","999","4166","0.00007043100000","0.00000356","0.0000000000000","7045.294","98.086","673.216","661.103","PAYLOAD","LARGE","PRC","2013-07-19","TSC","","1674510","95811714","0 PAYLOAD A","1 39208U 13037A   14119.91067419  .00000356  00000-0  70431-4 0  9992","2 39208 098.0400 137.9444 0008596 177.0336 183.0912 14.68095848 41666"
"2.0","GENERATED VIA SPACE-TRACK.ORG API","2014-04-30T06:33:33","18 SPCS","PAYLOAD A","2013-037A","EARTH","TEME","UTC","SGP4","2014-04-29T21:51:22.265567","14.68095900","0.00086040","98.0398","137.9443","177.1766","182.9493","0","U","39208","999","4166","0.00007197700000","0.00000365","0.0000000000000","7045.294","98.086","673.221","661.097","PAYLOAD","LARGE","PRC","2013-07-19","TSC","","1674771","95814651","0 PAYLOAD A","1 39208U 13037A   14119.91067437  .00000365  00000-0  71977-4 0  9998","2 39208 098.0398 137.9443 0008604 177.1766 182.9493 14.68095900 41660"
"2.0","GENERATED VIA SPACE-TRACK.ORG API","2014-04-30T07:57:53","18 SPCS","PAYLOAD B","2013-037B","EARTH","TEME","UTC","SGP4","2014-04-30T01:12:12.197951","14.67500011","0.00049180","98.0403","137.7611","161.0258","199.1124","0","U","39209","999","4165","0.00009785300000","0.00000507","0.0000000000000","7047.201","98.126","672.532","665.601","PAYLOAD","LARGE","PRC","2013-07-19","TSC","","1674856","95816715","0 PAYLOAD B","1 39209U 13037B   14120.05014118  .00000507  00000-0  97853-4 0  9993","2 39209 098.0403 137.7611 0004918 161.0258 199.1124 14.67500011 41658"
"2.0","GENERATED VIA SPACE-TRACK.ORG API","2014-04-30T07:58:45","18 SPCS","PAYLOAD C","2013-037C","EARTH","TEME","UTC","SGP4","2014-04-30T04:33:27.429983","14.79002615","0.00206350","97.6769","137.2731","221.7951","138.1695","0","U","39210","999","4237","-0.00000380350000","-0.00000078","0.0000000000000","7010.615","97.362","646.947","618.014","PAYLOAD","LARGE","PRC","2013-07-19","TSC","","1674858","95816748","0 PAYLOAD C","1 39210U 13037C   14120.18990081 -.00000078  00000-0 -38035-5 0  9994","2 39210 097.6769 137.2731 0020635 221.7951 138.1695 14.79002615 42372"
"2.0","GENERATED VIA SPACE-TRACK.ORG API","2014-04-30T15:23:32","18 SPCS","PAYLOAD B","2013-037B","EARTH","TEME","UTC","SGP4","2014-04-30T09:23:07.730016","14.67500215","0.00049470","98.0403","138.0958","159.5959","200.5448","0","U","39209","999","4170","0.00009279400000","0.00000478","0.0000000000000","7047.201","98.126","672.552","665.579","PAYLOAD","LARGE","PRC","2013-07-19","TSC","","1674998","95819494","0 PAYLOAD B","1 39209U 13037B   14120.39106169  .00000478  00000-0  92794-4 0  9994","2 39209 098.0403 138.0958 0004947 159.5959 200.5448 14.67500215 41706"
"2.0","GENERATED VIA SPACE-TRACK.ORG API","2014-04-30T14:31:03","18 SPCS","PAYLOAD A","2013-037A","EARTH","TEME","UTC","SGP4","2014-04-30T12:34:40.682207","14.68096411","0.00085990","98.0398","138.5468","175.2119","184.9168","0","U","39208","999","4175","0.00007250200000","0.00000368","0.0000000000000","7045.293","98.086","673.216","661.099","PAYLOAD","LARGE","PRC","2013-07-19","TSC","","1674913","95817556","0 PAYLOAD A","1 39208U 13037A   14120.52408197  .00000368  00000-0  72502-4 0  9997","2 39208 098.0398 138.5468 0008599 175.2119 184.9168 14.68096411 41757"
"2.0","GENERATED VIA SPACE-TRACK.ORG API","2014-04-30T15:24:42","18 SPCS","PAYLOAD C","2013-037C","EARTH","TEME","UTC","SGP4","2014-04-30T12:40:34.193855","14.79003181","0.00206230","97.6769","137.5960","220.7427","139.2253","0","U","39210","999","4242","0.00000720260000","0.00000004","0.0000000000000","7010.613","97.362","646.936","618.020","PAYLOAD","LARGE","PRC","2013-07-19","TSC","","1675000","95819523","0 PAYLOAD C","1 39210U 13037C   14120.52817354  .00000004  00000-0  72026-5 0  9998","2 39210 097.6769 137.5960 0020623 220.7427 139.2253 14.79003181 42420"
"2.0","GENERATED VIA SPACE-TRACK.ORG API","2014-04-30T23:16:34","18 SPCS","PAYLOAD B","2013-037B","EARTH","TEME","UTC","SGP4","2014-04-30T17:34:03.270719","14.67499539","0.00050320","98.0398","138.4298","158.7556","201.3830","0","U","39209","999","4175","0.00006976200000","0.00000348","0.0000000000000","7047.203","98.126","672.614","665.522","PAYLOAD","LARGE","PRC","2013-07-19","TSC","","1675188","95822082","0 PAYLOAD B","1 39209U 13037B   14120.73198230  .00000348  00000-0  69762-4 0  9997","2 39209 098.0398 138.4298 0005032 158.7556 201.3830 14.67499539 41755"
"2.0","GENERATED VIA SPACE-TRACK.ORG API","2014-04-30T22:24:25","18 SPCS","PAYLOAD A","2013-037A","EARTH","TEME","UTC","SGP4","2014-04-30T20:45:24.332544","14.68096329","0.00086730","98.0399","138.8823","173.6569","186.4784","0","U","39208","999","4180","0.00006280500000","0.00000313","0.0000000000000","7045.293","98.086","673.268","661.048","PAYLOAD","LARGE","PRC","2013-07-19","TSC","","1675103","95820249","0 PAYLOAD A","1 39208U 13037A   14120.86486496  .00000313  00000-0  62805-4 0  9997","2 39208 098.0399 138.8823 0008673 173.6569 186.4784 14.68096329 41805"
"2.0","GENERATED VIA SPACE-TRACK.ORG API","2014-04-30T23:17:42","18 SPCS","PAYLOAD C","2013-037C","EARTH","TEME","UTC","SGP4","2014-04-30T20:47:40.964640","14.79004507","0.00205840","97.6766","137.9193","219.6981","140.2760","0","U","39210","999","4247","0.00003750900000","0.00000228","0.0000000000000","7010.609","97.362","646.905","618.044","PAYLOAD","LARGE","PRC","2013-07-19","TSC","","1675189","95822118","0 PAYLOAD C","1 39210U 13037C   14120.86644635  .00000228  00000-0  37509-4 0  9999","2 39210 097.6766 137.9193 0020584 219.6981 140.2760 14.79004507 42470"
"2.0","GENERATED VIA SPACE-TRACK.ORG API","2014-05-01T07:42:15","18 SPCS","PAYLOAD B","2013-037B","EARTH","TEME","UTC","SGP4","2014-05-01T01:44:58.808832","14.67500158","0.00050030","98.0398","138.7644","157.7436","202.3996","0","U","39209","999","4180","0.00007709500000","0.00000389","0.0000000000000","7047.201","98.126","672.592","665.540","PAYLOAD","LARGE","PRC","2013-07-19","TSC","","1675415","95825128","0 PAYLOAD B","1 39209U 13037B   14121.07290288  .00000389  00000-0  77095-4 0  9994","2 39209 098.0398 138.7644 0005003 157.7436 202.3996 14.67500158 41807"
"2.0","GENERATED VIA SPACE-TRACK.ORG API","2014-05-01T07:43:32","18 SPCS","PAYLOAD C","2013-037C","EARTH","TEME","UTC","SGP4","2014-05-01T04:54:47.620512","14.79005735","0.00205550","97.6765","138.2421","218.9053","141.0687","0","U","39210","999","4252","0.00005977200000","0.00000393","0.0000000000000","7010.605","97.362","646.881","618.060","PAYLOAD","LARGE","PRC","2013-07-19","TSC","","1675417","95825177","0 PAYLOAD C","1 39210U 13037C   14121.20471783  .00000393  00000-0  59772-4 0  9999","2 39210 097.6765 138.2421 0020555 218.9053 141.0687 14.79005735 42524"
"2.0","GENERATED VIA SPACE-TRACK.ORG API","2014-05-01T06:28:03","18 SPCS","PAYLOAD A","2013-037A","EARTH","TEME","UTC","SGP4","2014-05-01T04:56:07.807487","14.68096921","0.00086790","98.0399","139.2170","172.6521","187.4817","0","U","39208","999","4185","0.00007087500000","0.00000359","0.0000000000000","7045.291","98.086","673.271","661.041","PAYLOAD","LARGE","PRC","2013-07-19","TSC","","1675322","95822872","0 PAYLOAD A","1 39208U 13037A   14121.20564592  .00000359  00000-0  70875-4 0  9996","2 39208 098.0399 139.2170 0008679 172.6521 187.4817 14.68096921 41859"
"2.0","GENERATED VIA SPACE-TRACK.ORG API","2014-05-01T11:24:00","18 SPCS","PAYLOAD C","2013-037C","EARTH","TEME","UTC","SGP4","2014-05-01T08:09:38.311200","14.79005963","0.00205610","97.6765","138.3713","218.4635","141.5119","0","U","39210","999","4254","0.00006171500000","0.00000408","0.0000000000000","7010.605","97.362","646.884","618.055","PAYLOAD","LARGE","PRC","2013-07-19","TSC","","1675465","95825921","0 PAYLOAD C","1 39210U 13037C   14121.34002675  .00000408  00000-0  61715-4 0  9991","2 39210 097.6765 138.3713 0020561 218.4635 141.5119 14.79005963 42547"
"2.0","GENERATED VIA SPACE-TRACK.ORG API","2014-05-01T11:09:34","18 SPCS","PAYLOAD A","2013-037A","EARTH","TEME","UTC","SGP4","2014-05-01T08:12:25.220448","14.68097058","0.00086800","98.0399","139.3510","172.1979","187.9364","0","U","39208","999","4187","0.00007133800000","0.00000362","0.0000000000000","7045.291","98.086","673.271","661.040","PAYLOAD","LARGE","PRC","2013-07-19","TSC","","1675447","95825483","0 PAYLOAD A","1 39208U 13037A   14121.34195857  .00000362  00000-0  71338-4 0  9994","2 39208 098.0399 139.3510 0008680 172.1979 187.9364 14.68097058 41878"
"2.0","GENERATED VIA SPACE-TRACK.ORG API","2014-05-01T11:24:00","18 SPCS","PAYLOAD B","2013-037B","EARTH","TEME","UTC","SGP4","2014-05-01T09:55:54.276096","14.67500658","0.00050520","98.0398","139.0992","156.5402","203.6039","0","U","39209","999","4185","0.00008120000000","0.00000412","0.0000000000000","7047.199","98.126","672.625","665.504","PAYLOAD","LARGE","PRC","2013-07-19","TSC","","1675465","95825916","0 PAYLOAD B","1 39209U 13037B   14121.41382264  .00000412  00000-0  81200-4 0  9998","2 39209 098.0398 139.0992 0005052 156.5402 203.6039 14.67500658 41853"
"2.0","GENERATED VIA SPACE-TRACK.ORG API","2014-05-01T21:42:31","18 SPCS","PAYLOAD C","2013-037C","EARTH","TEME","UTC","SGP4","2014-05-01T16:16:45.039647","14.79005833","0.00205620","97.6765","138.6944","217.1417","142.8348","0","U","39210","999","4259","0.00005255800000","0.00000340","0.0000000000000","7010.605","97.362","646.885","618.055","PAYLOAD","LARGE","PRC","2013-07-19","TSC","","1675735","95830209","0 PAYLOAD C","1 39210U 13037C   14121.67829907  .00000340  00000-0  52558-4 0  9992","2 39210 097.6765 138.6944 0020562 217.1417 142.8348 14.79005833 42590"
"2.0","GENERATED VIA SPACE-TRACK.ORG API","2014-05-01T20:48:38","18 SPCS","PAYLOAD A","2013-037A","EARTH","TEME","UTC","SGP4","2014-05-01T18:01:17.469695","14.68096596","0.00087620","98.0397","139.7525","170.8668","189.2653","0","U","39208","999","4193","0.00005306600000","0.00000257","0.0000000000000","7045.292","98.086","673.330","660.984","PAYLOAD","LARGE","PRC","2013-07-19","TSC","","1675625","95828157","0 PAYLOAD A","1 39208U 13037A   14121.75089664  .00000257  00000-0  53066-4 0  9998","2 39208 098.0397 139.7525 0008762 170.8668 189.2653 14.68096596 41936"
"2.0","GENERATED VIA SPACE-TRACK.ORG API","2014-05-01T21:40:59","18 SPCS","PAYLOAD B","2013-037B","EARTH","TEME","UTC","SGP4","2014-05-01T18:06:49.796928","14.67500039","0.00050250","98.0397","139.4339","155.5681","204.5728","0","U","39209","999","4190","0.00006090900000","0.00000297","0.0000000000000","7047.201","98.126","672.607","665.525","PAYLOAD","LARGE","PRC","2013-07-19","TSC","","1675733","95830170","0 PAYLOAD B","1 39209U 13037B   14121.75474302  .00000297  00000-0  60909-4 0  9994","2 39209 098.0397 139.4339 0005025 155.5681 204.5728 14.67500039 41903"
"2.0","GENERATED VIA SPACE-TRACK.ORG API","2014-05-01T22:54:04","18 SPCS","PAYLOAD C","2013-037C","EARTH","TEME","UTC","SGP4","2014-05-01T21:09:01.131839","14.79006152","0.00205590","97.6762","138.8880","216.3583","143.6251","0","U","39210","999","4262","0.00005315400000","0.00000344","0.0000000000000","7010.604","97.362","646.882","618.056","PAYLOAD","LARGE","PRC","2013-07-19","TSC","","1675819","95831983","0 PAYLOAD C","1 39210U 13037C   14121.88126310  .00000344  00000-0  53154-4 0  9990","2 39210 097.6762 138.8880 0020559 216.3583 143.6251 14.79006152 42620"
"2.0","GENERATED VIA SPACE-TRACK.ORG API","2014-05-02T07:35:36","18 SPCS","PAYLOAD B","2013-037B","EARTH","TEME","UTC","SGP4","2014-05-02T02:17:45.315167","14.67501014","0.00049600","98.0393","139.7682","154.8693","205.2772","0","U","39209","999","4195","0.00007738800000","0.00000391","0.0000000000000","7047.198","98.125","672.559","665.568","PAYLOAD","LARGE","PRC","2013-07-19","TSC","","1676043","95835057","0 PAYLOAD B","1 39209U 13037B   14122.09566337  .00000391  00000-0  77388-4 0  9996","2 39209 098.0393 139.7682 0004960 154.8693 205.2772 14.67501014 41951"
"2.0","GENERATED VIA SPACE-TRACK.ORG API","2014-05-02T07:35:53","18 SPCS","PAYLOAD C","2013-037C","EARTH","TEME","UTC","SGP4","2014-05-02T05:16:07.819679","14.79006718","0.00206040","97.6761","139.2109","215.2820","144.7039","0","U","39210","999","4267","0.00005720100000","0.00000374","0.0000000000000","7010.602","97.362","646.912","618.023","PAYLOAD","LARGE","PRC","2013-07-19","TSC","","1676044","95835095","0 PAYLOAD C","1 39210U 13037C   14122.21953495  .00000374  00000-0  57201-4 0  9990","2 39210 097.6761 139.2109 0020604 215.2820 144.7039 14.79006718 42670"
"2.0","GENERATED VIA SPACE-TRACK.ORG API","2014-05-02T06:26:19","18 SPCS","PAYLOAD A","2013-037A","EARTH","TEME","UTC","SGP4","2014-05-02T05:28:18.513984","14.68096858","0.00087790","98.0396","140.2211","169.4554","190.6836","0","U","39208","999","4200","0.00005116800000","0.00000246","0.0000000000000","7045.291","98.086","673.341","660.971","PAYLOAD","LARGE","PRC","2013-07-19","TSC","","1675945","95832768","0 PAYLOAD A","1 39208U 13037A   14122.22799206  .00000246  00000-0  51168-4 0  9990","2 39208 098.0396 140.2211 0008779 169.4554 190.6836 14.68096858 42009"
"2.0","GENERATED VIA SPACE-TRACK.ORG API","2014-05-02T15:35:16","18 SPCS","PAYLOAD B","2013-037B","EARTH","TEME","UTC","SGP4","2014-05-02T10:28:40.773791","14.67501329","0.00049650","98.0393","140.1031","153.4994","206.6473","0","U","39209","999","4200","0.00007646000000","0.00000386","0.0000000000000","7047.197","98.125","672.561","665.563","PAYLOAD","LARGE","PRC","2013-07-19","TSC","","1676198","95838170","0 PAYLOAD B","1 39209U 13037B   14122.43658303  .00000386  00000-0  76460-4 0  9993","2 39209 098.0393 140.1031 0004965 153.4994 206.6473 14.67501329 42008"
"2.0","GENERATED VIA SPACE-TRACK.ORG API","2014-05-02T15:35:33","18 SPCS","PAYLOAD C","2013-037C","EARTH","TEME","UTC","SGP4","2014-05-02T13:23:14.524799","14.79007214","0.00206780","97.6766","139.5346","213.7532","146.2381","0","U","39210","999","4272","0.00006022700000","0.00000397","0.0000000000000","7010.601","97.362","646.962","617.969","PAYLOAD","LARGE","PRC","2013-07-19","TSC","","1676199","95838206","0 PAYLOAD C","1 39210U 13037C   14122.55780700  .00000397  00000-0  60227-4 0  9991","2 39210 097.6766 139.5346 0020678 213.7532 146.2381 14.79007214 42720"
"2.0","GENERATED VIA SPACE-TRACK.ORG API","2014-05-02T14:29:15","18 SPCS","PAYLOAD A","2013-037A","EARTH","TEME","UTC","SGP4","2014-05-02T13:39:02.040768","14.68097380","0.00089200","98.0399","140.5562","167.7438","192.3980","0","U","39208","999","4205","0.00006123600000","0.00000304","0.0000000000000","7045.290","98.086","673.439","660.870","PAYLOAD","LARGE","PRC","2013-07-19","TSC","","1676099","95835855","0 PAYLOAD A","1 39208U 13037A   14122.56877362  .00000304  00000-0  61236-4 0  9999","2 39208 098.0399 140.5562 0008920 167.7438 192.3980 14.68097380 42059"
"2.0","GENERATED VIA SPACE-TRACK.ORG API","2014-05-02T16:12:20","18 SPCS","PAYLOAD A","2013-037A","EARTH","TEME","UTC","SGP4","2014-05-02T15:17:10.758911","14.68097421","0.00089300","98.0399","140.6233","167.5191","192.6232","0","U","39208","999","4206","0.00006232700000","0.00000310","0.0000000000000","7045.289","98.086","673.446","660.863","PAYLOAD","LARGE","PRC","2013-07-19","TSC","","1676212","95838366","0 PAYLOAD A","1 39208U 13037A   14122.63693008  .00000310  00000-0  62327-4 0  9999","2 39208 098.0399 140.6233 0008930 167.5191 192.6232 14.68097421 42060"
"2.0","GENERATED VIA SPACE-TRACK.ORG API","2014-05-02T22:23:34","18 SPCS","PAYLOAD A","2013-037A","EARTH","TEME","UTC","SGP4","2014-05-02T18:33:28.182240","14.68097341","0.00089940","98.0396","140.7585","167.3336","192.8117","0","U","39208","999","4208","0.00005307500000","0.00000257","0.0000000000000","7045.290","98.086","673.491","660.818","PAYLOAD","LARGE","PRC","2013-07-19","TSC","","1676311","95838937","0 PAYLOAD A","1 39208U 13037A   14122.77324285  .00000257  00000-0  53075-4 0  9992","2 39208 098.0396 140.7585 0008994 167.3336 192.8117 14.68097341 42084"
"2.0","GENERATED VIA SPACE-TRACK.ORG API","2014-05-02T23:15:41","18 SPCS","PAYLOAD B","2013-037B","EARTH","TEME","UTC","SGP4","2014-05-02T18:39:36.228095","14.67501275","0.00050940","98.0393","140.4375","152.5997","207.5461","0","U","39209","999","4205","0.00006842400000","0.00000340","0.0000000000000","7047.197","98.125","672.652","665.472","PAYLOAD","LARGE","PRC","2013-07-19","TSC","","1676396","95840757","0 PAYLOAD B","1 39209U 13037B   14122.77750264  .00000340  00000-0  68424-4 0  9990","2 39209 098.0393 140.4375 0005094 152.5997 207.5461 14.67501275 42051"
"2.0","GENERATED VIA SPACE-TRACK.ORG API","2014-05-02T23:15:41","18 SPCS","PAYLOAD C","2013-037C","EARTH","TEME","UTC","SGP4","2014-05-02T21:30:21.245471","14.79007793","0.00206390","97.6763","139.8578","212.6426","147.3525","0","U","39210","999","4277","0.00006718700000","0.00000448","0.0000000000000","7010.599","97.362","646.933","617.995","PAYLOAD","LARGE","PRC","2013-07-19","TSC","","1676396","95840784","0 PAYLOAD C","1 39210U 13037C   14122.89607923  .00000448  00000-0  67187-4 0  9992","2 39210 097.6763 139.8578 0020639 212.6426 147.3525 14.79007793 42773"
"2.0","GENERATED VIA SPACE-TRACK.ORG API","2014-05-03T06:30:27","18 SPCS","PAYLOAD A","2013-037A","EARTH","TEME","UTC","SGP4","2014-05-03T02:44:11.672736","14.68097571","0.00090240","98.0393","141.0932","166.4713","193.6739","0","U","39208","999","4213","0.00005078000000","0.00000244","0.0000000000000","7045.289","98.086","673.512","660.796","PAYLOAD","LARGE","PRC","2013-07-19","TSC","","1676524","95841532","0 PAYLOAD A","1 39208U 13037A   14123.11402399  .00000244  00000-0  50780-4 0  9990","2 39208 098.0393 141.0932 0009024 166.4713 193.6739 14.68097571 42135"
"2.0","GENERATED VIA SPACE-TRACK.ORG API","2014-05-03T07:24:43","18 SPCS","PAYLOAD B","2013-037B","EARTH","TEME","UTC","SGP4","2014-05-03T02:50:31.719551","14.67502037","0.00051050","98.0393","140.7724","151.2280","208.9222","0","U","39209","999","4210","0.00008029900000","0.00000407","0.0000000000000","7047.195","98.125","672.657","665.462","PAYLOAD","LARGE","PRC","2013-07-19","TSC","","1676601","95843443","0 PAYLOAD B","1 39209U 13037B   14123.11842268  .00000407  00000-0  80299-4 0  9993","2 39209 098.0393 140.7724 0005105 151.2280 208.9222 14.67502037 42109"
"2.0","GENERATED VIA SPACE-TRACK.ORG API","2014-05-03T07:26:01","18 SPCS","PAYLOAD C","2013-037C","EARTH","TEME","UTC","SGP4","2014-05-03T05:37:27.925535","14.79008292","0.00206590","97.6763","140.1809","211.5674","148.4306","0","U","39210","999","4282","0.00006955900000","0.00000466","0.0000000000000","7010.597","97.362","646.945","617.979","PAYLOAD","LARGE","PRC","2013-07-19","TSC","","1676603","95843489","0 PAYLOAD C","1 39210U 13037C   14123.23435099  .00000466  00000-0  69559-4 0  9999","2 39210 097.6763 140.1809 0020659 211.5674 148.4306 14.79008292 42820"
"2.0","GENERATED VIA SPACE-TRACK.ORG API","2014-05-03T14:24:05","18 SPCS","PAYLOAD A","2013-037A","EARTH","TEME","UTC","SGP4","2014-05-03T10:54:55.202976","14.68097919","0.00090770","98.0396","141.4284","165.3161","194.8318","0","U","39208","999","4218","0.00005464500000","0.00000266","0.0000000000000","7045.288","98.086","673.548","660.758","PAYLOAD","LARGE","PRC","2013-07-19","TSC","","1676637","95844085","0 PAYLOAD A","1 39208U 13037A   14123.45480559  .00000266  00000-0  54645-4 0  9999","2 39208 098.0396 141.4284 0009077 165.3161 194.8318 14.68097919 42182"
"2.0","GENERATED VIA SPACE-TRACK.ORG API","2014-05-03T15:23:53","18 SPCS","PAYLOAD B","2013-037B","EARTH","TEME","UTC","SGP4","2014-05-03T11:01:27.153120","14.67502320","0.00051080","98.0393","141.1071","150.3313","209.8183","0","U","39209","999","4215","0.00007916200000","0.00000401","0.0000000000000","7047.194","98.125","672.659","665.459","PAYLOAD","LARGE","PRC","2013-07-19","TSC","","1676734","95846215","0 PAYLOAD B","1 39209U 13037B   14123.45934205  .00000401  00000-0  79162-4 0  9994","2 39209 098.0393 141.1071 0005108 150.3313 209.8183 14.67502320 42155"
"2.0","GENERATED VIA SPACE-TRACK.ORG API","2014-05-03T15:24:44","18 SPCS","PAYLOAD C","2013-037C","EARTH","TEME","UTC","SGP4","2014-05-03T12:07:09.274080","14.79008362","0.00206730","97.6764","140.4395","210.6058","149.3934","0","U","39210","999","4286","0.00006608000000","0.00000440","0.0000000000000","7010.597","97.362","646.955","617.969","PAYLOAD","LARGE","PRC","2013-07-19","TSC","","1676736","95846255","0 PAYLOAD C","1 39210U 13037C   14123.50496845  .00000440  00000-0  66080-4 0  9993","2 39210 097.6764 140.4395 0020673 210.6058 149.3934 14.79008362 42865"
"2.0","GENERATED VIA SPACE-TRACK.ORG API","2014-05-03T17:48:54","18 SPCS","PAYLOAD A","2013-037A","EARTH","TEME","UTC","SGP4","2014-05-03T15:49:21.308160","14.68098097","0.00090710","98.0396","141.6293","164.6628","195.4854","0","U","39208","999","4221","0.00005604400000","0.00000274","0.0000000000000","7045.287","98.086","673.543","660.761","PAYLOAD","LARGE","PRC","2013-07-19","TSC","","1676767","95846624","0 PAYLOAD A","1 39208U 13037A   14123.65927440  .00000274  00000-0  56044-4 0  9990","2 39208 098.0396 141.6293 0009071 164.6628 195.4854 14.68098097 42212"
"2.0","GENERATED VIA SPACE-TRACK.ORG API","2014-05-03T22:25:26","18 SPCS","PAYLOAD A","2013-037A","EARTH","TEME","UTC","SGP4","2014-05-03T19:05:38.717664","14.68097006","0.00090570","98.0396","141.7635","164.0269","196.1156","0","U","39208","999","4223","0.00002871600000","0.00000117","0.0000000000000","7045.291","98.086","673.537","660.775","PAYLOAD","LARGE","PRC","2013-07-19","TSC","","1676848","95847186","0 PAYLOAD A","1 39208U 13037A   14123.79558701  .00000117  00000-0  28716-4 0  9996","2 39208 098.0396 141.7635 0009057 164.0269 196.1156 14.68097006 42236"
"2.0","GENERATED VIA SPACE-TRACK.ORG API","2014-05-03T23:23:50","18 SPCS","PAYLOAD B","2013-037B","EARTH","TEME","UTC","SGP4","2014-05-03T19:12:22.705919","14.67501451","0.00051450","98.0392","141.4421","148.9851","211.1642","0","U","39209","999","4220","0.00005489900000","0.00000263","0.0000000000000","7047.197","98.125","672.688","665.436","PAYLOAD","LARGE","PRC","2013-07-19","TSC","","1676948","95849226","0 PAYLOAD B","1 39209U 13037B   14123.80026280  .00000263  00000-0  54899-4 0  9994","2 39209 098.0392 141.4421 0005145 148.9851 211.1642 14.67501451 42203"
"2.0","GENERATED VIA SPACE-TRACK.ORG API","2014-05-03T23:25:14","18 SPCS","PAYLOAD C","2013-037C","EARTH","TEME","UTC","SGP4","2014-05-03T21:51:41.380703","14.79008614","0.00206750","97.6765","140.8271","209.2019","150.8039","0","U","39210","999","4292","0.00006662500000","0.00000444","0.0000000000000","7010.596","97.362","646.956","617.967","PAYLOAD","LARGE","PRC","2013-07-19","TSC","","1676950","95849263","0 PAYLOAD C","1 39210U 13037C   14123.91089561  .00000444  00000-0  66625-4 0  9990","2 39210 097.6765 140.8271 0020675 209.2019 150.8039 14.79008614 42926"
"2.0","GENERATED VIA SPACE-TRACK.ORG API","2014-05-04T06:54:41","18 SPCS","PAYLOAD A","2013-037A","EARTH","TEME","UTC","SGP4","2014-05-04T03:16:22.379232","14.68097097","0.00090600","98.0395","142.0982","162.9710","197.1801","0","U","39208","999","4228","0.00002799900000","0.00000113","0.0000000000000","7045.290","98.086","673.538","660.772","PAYLOAD","LARGE","PRC","2013-07-19","TSC","","1677096","95850968","0 PAYLOAD A","1 39208U 13037A   14124.13637013  .00000113  00000-0  27999-4 0  9997","2 39208 098.0395 142.0982 0009060 162.9710 197.1801 14.68097097 42289"
"2.0","GENERATED VIA SPACE-TRACK.ORG API","2014-05-04T07:31:42","18 SPCS","PAYLOAD B","2013-037B","EARTH","TEME","UTC","SGP4","2014-05-04T03:23:18.199104","14.67501997","0.00052210","98.0391","141.7766","148.5701","211.5847","0","U","39209","999","4225","0.00006090200000","0.00000297","0.0000000000000","7047.195","98.125","672.739","665.381","PAYLOAD","LARGE","PRC","2013-07-19","TSC","","1677151","95852321","0 PAYLOAD B","1 39209U 13037B   14124.14118286  .00000297  00000-0  60902-4 0  9999","2 39209 098.0391 141.7766 0005221 148.5701 211.5847 14.67501997 42253"
"2.0","GENERATED VIA SPACE-TRACK.ORG API","2014-05-04T07:31:06","18 SPCS","PAYLOAD C","2013-037C","EARTH","TEME","UTC","SGP4","2014-05-04T04:21:22.709375","14.79009093","0.00207400","97.6764","141.0857","208.2581","151.7510","0","U","39210","999","4296","0.00006951500000","0.00000466","0.0000000000000","7010.595","97.362","647.000","617.920","PAYLOAD","LARGE","PRC","2013-07-19","TSC","","1677150","95852310","0 PAYLOAD C","1 39210U 13037C   14124.18151284  .00000466  00000-0  69515-4 0  9997","2 39210 097.6764 141.0857 0020740 208.2581 151.7510 14.79009093 42964"
"2.0","GENERATED VIA SPACE-TRACK.ORG API","2014-05-04T15:36:34","18 SPCS","PAYLOAD B","2013-037B","EARTH","TEME","UTC","SGP4","2014-05-04T09:56:02.504831","14.67502503","0.00052110","98.0392","142.0445","147.6855","212.4677","0","U","39209","999","4229","0.00006823200000","0.00000339","0.0000000000000","7047.193","98.125","672.731","665.386","PAYLOAD","LARGE","PRC","2013-07-19","TSC","","1677312","95855476","0 PAYLOAD B","1 39209U 13037B   14124.41391788  .00000339  00000-0  68232-4 0  9990","2 39209 098.0392 142.0445 0005211 147.6855 212.4677 14.67502503 42290"
"2.0","GENERATED VIA SPACE-TRACK.ORG API","2014-05-04T14:35:39","18 SPCS","PAYLOAD A","2013-037A","EARTH","TEME","UTC","SGP4","2014-05-04T11:27:05.920704","14.68097219","0.00090780","98.0395","142.4330","161.8756","198.2773","0","U","39208","999","4233","0.00002781800000","0.00000112","0.0000000000000","7045.290","98.086","673.551","660.759","PAYLOAD","LARGE","PRC","2013-07-19","TSC","","1677206","95853420","0 PAYLOAD A","1 39208U 13037A   14124.47715186  .00000112  00000-0  27818-4 0  9991","2 39208 098.0395 142.4330 0009078 161.8756 198.2773 14.68097219 42339"
"2.0","GENERATED VIA SPACE-TRACK.ORG API","2014-05-04T15:37:47","18 SPCS","PAYLOAD C","2013-037C","EARTH","TEME","UTC","SGP4","2014-05-04T12:28:29.395488","14.79008957","0.00207690","97.6766","141.4089","207.1027","152.9076","0","U","39210","999","4301","0.00006180500000","0.00000408","0.0000000000000","7010.595","97.362","647.020","617.900","PAYLOAD","LARGE","PRC","2013-07-19","TSC","","1677314","95855513","0 PAYLOAD C","1 39210U 13037C   14124.51978467  .00000408  00000-0  61805-4 0  9994","2 39210 097.6766 141.4089 0020769 207.1027 152.9076 14.79008957 43016"
"2.0","GENERATED VIA SPACE-TRACK.ORG API","2014-05-04T17:01:06","18 SPCS","PAYLOAD A","2013-037A","EARTH","TEME","UTC","SGP4","2014-05-04T16:21:32.050079","14.68096560","0.00092780","98.0393","142.6351","161.4754","198.6784","0","U","39208","999","4236","0.00000143940000","-0.00000040","0.0000000000000","7045.292","98.086","673.694","660.621","PAYLOAD","LARGE","PRC","2013-07-19","TSC","","1677348","95855765","0 PAYLOAD A","1 39208U 13037A   14124.68162095 -.00000040  00000-0  14394-5 0  9996","2 39208 098.0393 142.6351 0009278 161.4754 198.6784 14.68096560 42365"
"2.0","GENERATED VIA SPACE-TRACK.ORG API","2014-05-04T23:20:09","18 SPCS","PAYLOAD B","2013-037B","EARTH","TEME","UTC","SGP4","2014-05-04T19:45:09.071423","14.67502405","0.00052610","98.0390","142.4462","146.5879","213.5658","0","U","39209","999","4235","0.00005973600000","0.00000291","0.0000000000000","7047.194","98.125","672.766","665.351","PAYLOAD","LARGE","PRC","2013-07-19","TSC","","1677602","95858379","0 PAYLOAD B","1 39209U 13037B   14124.82302166  .00000291  00000-0  59736-4 0  9993","2 39209 098.0390 142.4462 0005261 146.5879 213.5658 14.67502405 42359"
"2.0","GENERATED VIA SPACE-TRACK.ORG API","2014-05-04T23:20:26","18 SPCS","PAYLOAD C","2013-037C","EARTH","TEME","UTC","SGP4","2014-05-04T20:35:36.205152","14.79008704","0.00207980","97.6767","141.7322","205.8407","154.1774","0","U","39210","999","4306","0.00005389100000","0.00000350","0.0000000000000","7010.596","97.362","647.042","617.880","PAYLOAD","LARGE","PRC","2013-07-19","TSC","","1677603","95858417","0 PAYLOAD C","1 39210U 13037C   14124.85805793  .00000350  00000-0  53891-4 0  9994","2 39210 097.6767 141.7322 0020798 205.8407 154.1774 14.79008704 43063"
"2.0","GENERATED VIA SPACE-TRACK.ORG API","2014-05-05T07:31:23","18 SPCS","PAYLOAD B","2013-037B","EARTH","TEME","UTC","SGP4","2014-05-05T02:17:53.408255","14.67503321","0.00052630","98.0387","142.7146","146.4066","213.7505","0","U","39209","999","4239","0.00007638400000","0.00000385","0.0000000000000","7047.191","98.125","672.765","665.347","PAYLOAD","LARGE","PRC","2013-07-19","TSC","","1677783","95861413","0 PAYLOAD B","1 39209U 13037B   14125.09575704  .00000385  00000-0  76384-4 0  9995","2 39209 098.0387 142.7146 0005263 146.4066 213.7505 14.67503321 42391"
"2.0","GENERATED VIA SPACE-TRACK.ORG API","2014-05-05T07:31:41","18 SPCS","PAYLOAD C","2013-037C","EARTH","TEME","UTC","SGP4","2014-05-05T04:42:42.862752","14.79009054","0.00208700","97.6766","142.0553","204.7645","155.2567","0","U","39210","999","4311","0.00005351100000","0.00000347","0.0000000000000","7010.595","97.362","647.091","617.829","PAYLOAD","LARGE","PRC","2013-07-19","TSC","","1677784","95861448","0 PAYLOAD C","1 39210U 13037C   14125.19632943  .00000347  00000-0  53511-4 0  9992","2 39210 097.6766 142.0553 0020870 204.7645 155.2567 14.79009054 43112"
"2.0","GENERATED VIA SPACE-TRACK.ORG API","2014-05-05T08:18:56","18 SPCS","PAYLOAD A","2013-037A","EARTH","TEME","UTC","SGP4","2014-05-05T07:04:50.470176","14.68098753","0.00092680","98.0394","143.2375","160.1437","200.0276","0","U","39208","999","4245","0.00005149600000","0.00000248","0.0000000000000","7045.285","98.086","673.680","660.621","PAYLOAD","LARGE","PRC","2013-07-19","TSC","","1677793","95861587","0 PAYLOAD A","1 39208U 13037A   14125.29502859  .00000248  00000-0  51496-4 0  9992","2 39208 098.0394 143.2375 0009268 160.1437 200.0276 14.68098753 42452"
"2.0","GENERATED VIA SPACE-TRACK.ORG API","2014-05-05T14:24:48","18 SPCS","PAYLOAD A","2013-037A","EARTH","TEME","UTC","SGP4","2014-05-05T10:21:07.638623","14.68098949","0.00092660","98.0393","143.3714","159.6730","200.4851","0","U","39208","999","4247","0.00005401700000","0.00000262","0.0000000000000","7045.285","98.086","673.678","660.621","PAYLOAD","LARGE","PRC","2013-07-19","TSC","","1677833","95861940","0 PAYLOAD A","1 39208U 13037A   14125.43133841  .00000262  00000-0  54017-4 0  9997","2 39208 098.0393 143.3714 0009266 159.6730 200.4851 14.68098949 42478"
"2.0","GENERATED VIA SPACE-TRACK.ORG API","2014-05-05T15:24:08","18 SPCS","PAYLOAD B","2013-037B","EARTH","TEME","UTC","SGP4","2014-05-05T10:28:48.786527","14.67503661","0.00052910","98.0387","143.0497","145.3770","214.7784","0","U","39209","999","4244","0.00007660500000","0.00000386","0.0000000000000","7047.190","98.125","672.783","665.326","PAYLOAD","LARGE","PRC","2013-07-19","TSC","","1677930","95864116","0 PAYLOAD B","1 39209U 13037B   14125.43667577  .00000386  00000-0  76605-4 0  9990","2 39209 098.0387 143.0497 0005291 145.3770 214.7784 14.67503661 42448"
"2.0","GENERATED VIA SPACE-TRACK.ORG API","2014-05-05T15:25:27","18 SPCS","PAYLOAD C","2013-037C","EARTH","TEME","UTC","SGP4","2014-05-05T12:49:49.592064","14.79008322","0.00208570","97.6765","142.3785","203.4133","156.6089","0","U","39210","999","4316","0.00003545500000","0.00000213","0.0000000000000","7010.597","97.362","647.084","617.840","PAYLOAD","LARGE","PRC","2013-07-19","TSC","","1677932","95864151","0 PAYLOAD C","1 39210U 13037C   14125.53460176  .00000213  00000-0  35455-4 0  9996","2 39210 097.6765 142.3785 0020857 203.4133 156.6089 14.79008322 43160"
"2.0","GENERATED VIA SPACE-TRACK.ORG API","2014-05-05T17:43:42","18 SPCS","PAYLOAD C","2013-037C","EARTH","TEME","UTC","SGP4","2014-05-05T16:04:40.345823","14.79002094","0.00198520","97.6764","142.5119","202.4786","157.5027","0","U","39210","999","4318","0.02228000000000","0.00169123","0.0000000000000","7010.617","97.362","646.399","618.564","PAYLOAD","LARGE","PRC","2013-07-19","TSC","","1677965","95864319","0 PAYLOAD C","1 39210U 13037C   14125.66991141  .00169123  00000-0  22280-1 0  9996","2 39210 097.6764 142.5119 0019852 202.4786 157.5027 14.79002094 43182"
"2.0","GENERATED VIA SPACE-TRACK.ORG API","2014-05-05T17:24:45","18 SPCS","PAYLOAD A","2013-037A","EARTH","TEME","UTC","SGP4","2014-05-05T16:53:42.462815","14.68098858","0.00093050","98.0396","143.6398","158.6642","201.4949","0","U","39208","999","4251","0.00004988200000","0.00000238","0.0000000000000","7045.285","98.086","673.705","660.594","PAYLOAD","LARGE","PRC","2013-07-19","TSC","","1677961","95864314","0 PAYLOAD A","1 39208U 13037A   14125.70396369  .00000238  00000-0  49882-4 0  9990","2 39208 098.0396 143.6398 0009305 158.6642 201.4949 14.68098858 42510"
"2.0","GENERATED VIA SPACE-TRACK.ORG API","2014-05-05T17:26:24","18 SPCS","PAYLOAD B","2013-037B","EARTH","TEME","UTC","SGP4","2014-05-05T17:01:33.166560","14.67503262","0.00054320","98.0390","143.3173","144.8574","215.2991","0","U","39209","999","4248","0.00006161000000","0.00000301","0.0000000000000","7047.191","98.125","672.884","665.228","PAYLOAD","LARGE","PRC","2013-07-19","TSC","","1677963","95864317","0 PAYLOAD B","1 39209U 13037B   14125.70941165  .00000301  00000-0  61610-4 0  9995","2 39209 098.0390 143.3173 0005432 144.8574 215.2991 14.67503262 42486"
"2.0","GENERATED VIA SPACE-TRACK.ORG API","2014-05-05T23:26:44","18 SPCS","PAYLOAD C","2013-037C","EARTH","TEME","UTC","SGP4","2014-05-05T19:19:31.765727","14.79005423","0.00206840","97.6777","142.6362","202.8090","157.2433","0","U","39210","999","4320","0.00000504380000","-0.00000012","0.0000000000000","7010.606","97.362","646.972","617.971","PAYLOAD","LARGE","PRC","2013-07-19","TSC","","1678121","95867064","0 PAYLOAD C","1 39210U 13037C   14125.80522877 -.00000012  00000-0  50438-5 0  9990","2 39210 097.6777 142.6362 0020684 202.8090 157.2433 14.79005423 43204"
"2.0","GENERATED VIA SPACE-TRACK.ORG API","2014-05-05T22:25:44","18 SPCS","PAYLOAD A","2013-037A","EARTH","TEME","UTC","SGP4","2014-05-05T20:09:59.873183","14.68098971","0.00093020","98.0394","143.7736","158.5241","201.6361","0","U","39208","999","4253","0.00005136200000","0.00000247","0.0000000000000","7045.284","98.086","673.703","660.596","PAYLOAD","LARGE","PRC","2013-07-19","TSC","","1678011","95864886","0 PAYLOAD A","1 39208U 13037A   14125.84027631  .00000247  00000-0  51362-4 0  9994","2 39208 098.0394 143.7736 0009302 158.5241 201.6361 14.68098971 42534"
"2.0","GENERATED VIA SPACE-TRACK.ORG API","2014-05-05T23:26:25","18 SPCS","PAYLOAD B","2013-037B","EARTH","TEME","UTC","SGP4","2014-05-05T20:17:55.340159","14.67503420","0.00054740","98.0388","143.4513","144.6503","215.5072","0","U","39209","999","4250","0.00006333200000","0.00000311","0.0000000000000","7047.190","98.125","672.913","665.198","PAYLOAD","LARGE","PRC","2013-07-19","TSC","","1678120","95867023","0 PAYLOAD B","1 39209U 13037B   14125.84577940  .00000311  00000-0  63332-4 0  9990","2 39209 098.0388 143.4513 0005474 144.6503 215.5072 14.67503420 42500"
"2.0","GENERATED VIA SPACE-TRACK.ORG API","2014-05-06T05:09:43","18 SPCS","PAYLOAD C","2013-037C","EARTH","TEME","UTC","SGP4","2014-05-06T03:26:38.293727","14.79003323","0.00207520","97.6770","142.9606","201.4329","158.6020","0","U","39210","999","4325","-0.00005589200000","-0.00000464","0.0000000000000","7010.613","97.362","647.026","617.929","PAYLOAD","LARGE","PRC","2013-07-19","TSC","","1678213","95867328","0 PAYLOAD C","1 39210U 13037C   14126.14349877 -.00000464  00000-0 -55892-4 0  9995","2 39210 097.6770 142.9606 0020752 201.4329 158.6020 14.79003323 43256"
"2.0","GENERATED VIA SPACE-TRACK.ORG API","2014-05-06T06:25:32","18 SPCS","PAYLOAD A","2013-037A","EARTH","TEME","UTC","SGP4","2014-05-06T04:20:43.360223","14.68099309","0.00093140","98.0394","144.1082","157.6076","202.5544","0","U","39208","999","4258","0.00005285900000","0.00000256","0.0000000000000","7045.283","98.086","673.710","660.586","PAYLOAD","LARGE","PRC","2013-07-19","TSC","","1678248","95867855","0 PAYLOAD A","1 39208U 13037A   14126.18105741  .00000256  00000-0  52859-4 0  9993","2 39208 098.0394 144.1082 0009314 157.6076 202.5544 14.68099309 42586"
"2.0","GENERATED VIA SPACE-TRACK.ORG API","2014-05-06T07:22:37","18 SPCS","PAYLOAD B","2013-037B","EARTH","TEME","UTC","SGP4","2014-05-06T04:28:50.741759","14.67504059","0.00054540","98.0389","143.7859","143.4539","216.7043","0","U","39209","999","4255","0.00007327000000","0.00000367","0.0000000000000","7047.188","98.125","672.897","665.210","PAYLOAD","LARGE","PRC","2013-07-19","TSC","","1678324","95869670","0 PAYLOAD B","1 39209U 13037B   14126.18669840  .00000367  00000-0  73270-4 0  9992","2 39209 098.0389 143.7859 0005454 143.4539 216.7043 14.67504059 42556"
"2.0","GENERATED VIA SPACE-TRACK.ORG API","2014-05-06T10:54:40","18 SPCS","PAYLOAD C","2013-037C","EARTH","TEME","UTC","SGP4","2014-05-06T09:56:19.778783","14.79003038","0.00208460","97.6772","143.2194","200.2876","159.7392","0","U","39210","999","4329","0.00002033900000","0.00000101","0.0000000000000","7010.614","97.362","647.093","617.864","PAYLOAD","LARGE","PRC","2013-07-19","TSC","","1678339","95869895","0 PAYLOAD C","1 39210U 13037C   14126.41411781  .00000101  00000-0  20339-4 0  9993","2 39210 097.6772 143.2194 0020846 200.2876 159.7392 14.79003038 43293"
"2.0","GENERATED VIA SPACE-TRACK.ORG API","2014-05-06T15:12:35","18 SPCS","PAYLOAD B","2013-037B","EARTH","TEME","UTC","SGP4","2014-05-06T11:01:35.082048","14.67504145","0.00054750","98.0392","144.0541","142.1791","217.9799","0","U","39209","999","4259","0.00006845600000","0.00000340","0.0000000000000","7047.188","98.125","672.911","665.195","PAYLOAD","LARGE","PRC","2013-07-19","TSC","","1678454","95871946","0 PAYLOAD B","1 39209U 13037B   14126.45943382  .00000340  00000-0  68456-4 0  9999","2 39209 098.0392 144.0541 0005475 142.1791 217.9799 14.67504145 42592"
"2.0","GENERATED VIA SPACE-TRACK.ORG API","2014-05-06T14:22:39","18 SPCS","PAYLOAD A","2013-037A","EARTH","TEME","UTC","SGP4","2014-05-06T12:31:26.848991","14.68099695","0.00094610","98.0396","144.4436","156.3040","203.8617","0","U","39208","999","4263","0.00005669400000","0.00000278","0.0000000000000","7045.282","98.085","673.813","660.482","PAYLOAD","LARGE","PRC","2013-07-19","TSC","","1678385","95870347","0 PAYLOAD A","1 39208U 13037A   14126.52183853  .00000278  00000-0  56694-4 0  9996","2 39208 098.0396 144.4436 0009461 156.3040 203.8617 14.68099695 42633"
"2.0","GENERATED VIA SPACE-TRACK.ORG API","2014-05-06T15:14:23","18 SPCS","PAYLOAD C","2013-037C","EARTH","TEME","UTC","SGP4","2014-05-06T13:11:10.698432","14.79000803","0.00208470","97.6771","143.3485","200.3390","159.7039","0","U","39210","999","4331","-0.00009853900000","-0.00000780","0.0000000000000","7010.621","97.363","647.101","617.871","PAYLOAD","LARGE","PRC","2013-07-19","TSC","","1678455","95871991","0 PAYLOAD C","1 39210U 13037C   14126.54942938 -.00000780  00000-0 -98539-4 0  9992","2 39210 097.6771 143.3485 0020847 200.3390 159.7039 14.79000803 43317"
"2.0","GENERATED VIA SPACE-TRACK.ORG API","2014-05-06T23:31:33","18 SPCS","PAYLOAD B","2013-037B","EARTH","TEME","UTC","SGP4","2014-05-06T19:12:30.520800","14.67503769","0.00055260","98.0394","144.3888","141.4853","218.6730","0","U","39209","999","4264","0.00005267300000","0.00000251","0.0000000000000","7047.189","98.125","672.949","665.160","PAYLOAD","LARGE","PRC","2013-07-19","TSC","","1678658","95875353","0 PAYLOAD B","1 39209U 13037B   14126.80035325  .00000251  00000-0  52673-4 0  9992","2 39209 098.0394 144.3888 0005526 141.4853 218.6730 14.67503769 42649"
"2.0","GENERATED VIA SPACE-TRACK.ORG API","2014-05-06T22:28:50","18 SPCS","PAYLOAD A","2013-037A","EARTH","TEME","UTC","SGP4","2014-05-06T20:42:10.313568","14.68099591","0.00095030","98.0400","144.7789","155.5035","204.6604","0","U","39208","999","4268","0.00005049100000","0.00000242","0.0000000000000","7045.282","98.085","673.843","660.452","PAYLOAD","LARGE","PRC","2013-07-19","TSC","","1678558","95873107","0 PAYLOAD A","1 39208U 13037A   14126.86261937  .00000242  00000-0  50491-4 0  9993","2 39208 098.0400 144.7789 0009503 155.5035 204.6604 14.68099591 42680"
"2.0","GENERATED VIA SPACE-TRACK.ORG API","2014-05-06T23:32:56","18 SPCS","PAYLOAD C","2013-037C","EARTH","TEME","UTC","SGP4","2014-05-06T21:18:17.671391","14.78996665","0.00209340","97.6768","143.6718","199.3217","160.7179","0","U","39210","999","4336","-0.00018311000000","-0.00001406","0.0000000000000","7010.634","97.363","647.175","617.823","PAYLOAD","LARGE","PRC","2013-07-19","TSC","","1678661","95875386","0 PAYLOAD C","1 39210U 13037C   14126.88770453 -.00001406  00000-0 -18311-3 0  9995","2 39210 097.6768 143.6718 0020934 199.3217 160.7179 14.78996665 43368"
"2.0","GENERATED VIA SPACE-TRACK.ORG API","2014-05-07T07:31:06","18 SPCS","PAYLOAD B","2013-037B","EARTH","TEME","UTC","SGP4","2014-05-07T03:23:25.928447","14.67504727","0.00055370","98.0395","144.7235","140.7746","219.3872","0","U","39209","999","4269","0.00007364200000","0.00000370","0.0000000000000","7047.186","98.125","672.953","665.149","PAYLOAD","LARGE","PRC","2013-07-19","TSC","","1678831","95877281","0 PAYLOAD B","1 39209U 13037B   14127.14127232  .00000370  00000-0  73642-4 0  9990","2 39209 098.0395 144.7235 0005537 140.7746 219.3872 14.67504727 42690"
"2.0","GENERATED VIA SPACE-TRACK.ORG API","2014-05-07T06:23:11","18 SPCS","PAYLOAD A","2013-037A","EARTH","TEME","UTC","SGP4","2014-05-07T04:52:53.842080","14.68099937","0.00094780","98.0399","145.1136","154.5124","205.6554","0","U","39208","999","4273","0.00005623800000","0.00000275","0.0000000000000","7045.281","98.085","673.824","660.469","PAYLOAD","LARGE","PRC","2013-07-19","TSC","","1678779","95875980","0 PAYLOAD A","1 39208U 13037A   14127.20340095  .00000275  00000-0  56238-4 0  9996","2 39208 098.0399 145.1136 0009478 154.5124 205.6554 14.68099937 42732"
"2.0","GENERATED VIA SPACE-TRACK.ORG API","2014-05-07T07:32:06","18 SPCS","PAYLOAD C","2013-037C","EARTH","TEME","UTC","SGP4","2014-05-07T05:25:24.667679","14.78995861","0.00209860","97.6768","143.9947","198.3511","161.6982","0","U","39210","999","4341","-0.00018819000000","-0.00001444","0.0000000000000","7010.636","97.363","647.214","617.789","PAYLOAD","LARGE","PRC","2013-07-19","TSC","","1678832","95877314","0 PAYLOAD C","1 39210U 13037C   14127.22597995 -.00001444  00000-0 -18819-3 0  9997","2 39210 097.6768 143.9947 0020986 198.3511 161.6982 14.78995861 43413"
"2.0","GENERATED VIA SPACE-TRACK.ORG API","2014-05-07T15:26:00","18 SPCS","PAYLOAD B","2013-037B","EARTH","TEME","UTC","SGP4","2014-05-07T11:34:21.288576","14.67505565","0.00056290","98.0401","145.0597","139.8509","220.3118","0","U","39209","999","4274","0.00009479900000","0.00000489","0.0000000000000","7047.184","98.125","673.015","665.082","PAYLOAD","LARGE","PRC","2013-07-19","TSC","","1678963","95879273","0 PAYLOAD B","1 39209U 13037B   14127.48219084  .00000489  00000-0  94799-4 0  9991","2 39209 098.0401 145.0597 0005629 139.8509 220.3118 14.67505565 42743"
"2.0","GENERATED VIA SPACE-TRACK.ORG API","2014-05-07T15:27:29","18 SPCS","PAYLOAD C","2013-037C","EARTH","TEME","UTC","SGP4","2014-05-07T13:32:31.583615","14.78994415","0.00209580","97.6775","144.3188","196.8925","163.1590","0","U","39210","999","4346","-0.00020977000000","-0.00001604","0.0000000000000","7010.641","97.363","647.199","617.813","PAYLOAD","LARGE","PRC","2013-07-19","TSC","","1678965","95879315","0 PAYLOAD C","1 39210U 13037C   14127.56425444 -.00001604  00000-0 -20977-3 0  9999","2 39210 097.6775 144.3188 0020958 196.8925 163.1590 14.78994415 43465"
"2.0","GENERATED VIA SPACE-TRACK.ORG API","2014-05-07T22:26:25","18 SPCS","PAYLOAD A","2013-037A","EARTH","TEME","UTC","SGP4","2014-05-07T16:19:54.717888","14.68099607","0.00093850","98.0406","145.5827","152.9825","207.1860","0","U","39208","999","4280","0.00002430500000","0.00000091","0.0000000000000","7045.282","98.085","673.759","660.535","PAYLOAD","LARGE","PRC","2013-07-19","TSC","","1679011","95879771","0 PAYLOAD A","1 39208U 13037A   14127.68049442  .00000091  00000-0  24305-4 0  9996","2 39208 098.0406 145.5827 0009385 152.9825 207.1860 14.68099607 42808"
"2.0","GENERATED VIA SPACE-TRACK.ORG API","2014-05-07T23:18:12","18 SPCS","PAYLOAD B","2013-037B","EARTH","TEME","UTC","SGP4","2014-05-07T19:45:16.755840","14.67504765","0.00056450","98.0402","145.3943","139.2908","220.8732","0","U","39209","999","4279","0.00005893800000","0.00000286","0.0000000000000","7047.186","98.125","673.029","665.073","PAYLOAD","LARGE","PRC","2013-07-19","TSC","","1679083","95881375","0 PAYLOAD B","1 39209U 13037B   14127.82311060  .00000286  00000-0  58938-4 0  9996","2 39209 098.0402 145.3943 0005645 139.2908 220.8732 14.67504765 42790"
"2.0","GENERATED VIA SPACE-TRACK.ORG API","2014-05-07T23:19:08","18 SPCS","PAYLOAD C","2013-037C","EARTH","TEME","UTC","SGP4","2014-05-07T21:39:38.564352","14.78994889","0.00210890","97.6776","144.6419","195.8937","164.1676","0","U","39210","999","4351","-0.00017080000000","-0.00001315","0.0000000000000","7010.640","97.363","647.289","617.720","PAYLOAD","LARGE","PRC","2013-07-19","TSC","","1679084","95881406","0 PAYLOAD C","1 39210U 13037C   14127.90252968 -.00001315  00000-0 -17080-3 0  9996","2 39210 097.6776 144.6419 0021089 195.8937 164.1676 14.78994889 43511"
"2.0","GENERATED VIA SPACE-TRACK.ORG API","2014-05-08T06:26:11","18 SPCS","PAYLOAD A","2013-037A","EARTH","TEME","UTC","SGP4","2014-05-08T00:30:38.236895","14.68099515","0.00093760","98.0407","145.9172","151.8654","208.3057","0","U","39208","999","4285","0.00001614300000","0.00000045","0.0000000000000","7045.283","98.085","673.753","660.542","PAYLOAD","LARGE","PRC","2013-07-19","TSC","","1679158","95881882","0 PAYLOAD A","1 39208U 13037A   14128.02127589  .00000045  00000-0  16143-4 0  9994","2 39208 098.0407 145.9172 0009376 151.8654 208.3057 14.68099515 42858"
"2.0","GENERATED VIA SPACE-TRACK.ORG API","2014-05-08T07:40:28","18 SPCS","PAYLOAD B","2013-037B","EARTH","TEME","UTC","SGP4","2014-05-08T03:56:12.162624","14.67504969","0.00056130","98.0401","145.7292","138.9119","221.2548","0","U","39209","999","4284","0.00004677900000","0.00000217","0.0000000000000","7047.185","98.125","673.006","665.095","PAYLOAD","LARGE","PRC","2013-07-19","TSC","","1679216","95883286","0 PAYLOAD B","1 39209U 13037B   14128.16402966  .00000217  00000-0  46779-4 0  9994","2 39209 098.0401 145.7292 0005613 138.9119 221.2548 14.67504969 42847"
"2.0","GENERATED VIA SPACE-TRACK.ORG API","2014-05-08T07:41:40","18 SPCS","PAYLOAD C","2013-037C","EARTH","TEME","UTC","SGP4","2014-05-08T05:46:45.432768","14.78995539","0.00209950","97.6775","144.9653","194.8769","165.1851","0","U","39210","999","4356","-0.00012996000000","-0.00001013","0.0000000000000","7010.638","97.363","647.221","617.784","PAYLOAD","LARGE","PRC","2013-07-19","TSC","","1679218","95883329","0 PAYLOAD C","1 39210U 13037C   14128.24080362 -.00001013  00000-0 -12996-3 0  9997","2 39210 097.6775 144.9653 0020995 194.8769 165.1851 14.78995539 43564"
"2.0","GENERATED VIA SPACE-TRACK.ORG API","2014-05-08T11:27:26","18 SPCS","PAYLOAD B","2013-037B","EARTH","TEME","UTC","SGP4","2014-05-08T07:12:34.261919","14.67506374","0.00055530","98.0403","145.8635","137.7930","222.3724","0","U","39209","999","4286","0.00010801000000","0.00000564","0.0000000000000","7047.181","98.125","672.959","665.133","PAYLOAD","LARGE","PRC","2013-07-19","TSC","","1679235","95883698","0 PAYLOAD B","1 39209U 13037B   14128.30039655  .00000564  00000-0  10801-3 0  9992","2 39209 098.0403 145.8635 0005553 137.7930 222.3724 14.67506374 42864"
"2.0","GENERATED VIA SPACE-TRACK.ORG API","2014-05-08T11:27:26","18 SPCS","PAYLOAD C","2013-037C","EARTH","TEME","UTC","SGP4","2014-05-08T09:01:36.184800","14.78998931","0.00210630","97.6780","145.0949","194.3547","165.7173","0","U","39210","999","4358","-0.00000729660000","-0.00000104","0.0000000000000","7010.627","97.363","647.258","617.725","PAYLOAD","LARGE","PRC","2013-07-19","TSC","","1679235","95883704","0 PAYLOAD C","1 39210U 13037C   14128.37611325 -.00000104  00000-0 -72966-5 0  9995","2 39210 097.6780 145.0949 0021063 194.3547 165.7173 14.78998931 43580"
"2.0","GENERATED VIA SPACE-TRACK.ORG API","2014-05-08T22:14:45","18 SPCS","PAYLOAD C","2013-037C","EARTH","TEME","UTC","SGP4","2014-05-08T12:16:26.776128","14.78999077","0.00212310","97.6780","145.2239","193.7883","166.2769","0","U","39210","999","4360","0.00000207720000","-0.00000034","0.0000000000000","7010.626","97.363","647.376","617.607","PAYLOAD","LARGE","PRC","2013-07-19","TSC","","1679402","95886380","0 PAYLOAD C","1 39210U 13037C   14128.51142102 -.00000034  00000-0  20772-5 0  9992","2 39210 097.6780 145.2239 0021231 193.7883 166.2769 14.78999077 43609"
"2.0","GENERATED VIA SPACE-TRACK.ORG API","2014-05-08T22:12:22","18 SPCS","PAYLOAD B","2013-037B","EARTH","TEME","UTC","SGP4","2014-05-08T15:23:29.609088","14.67505825","0.00056250","98.0407","146.1985","136.9518","223.2106","0","U","39209","999","4291","0.00007281000000","0.00000365","0.0000000000000","7047.183","98.125","673.012","665.084","PAYLOAD","LARGE","PRC","2013-07-19","TSC","","1679399","95886322","0 PAYLOAD B","1 39209U 13037B   14128.64131492  .00000365  00000-0  72810-4 0  9999","2 39209 098.0407 146.1985 0005625 136.9518 223.2106 14.67505825 42913"
"2.0","GENERATED VIA SPACE-TRACK.ORG API","2014-05-08T21:08:00","18 SPCS","PAYLOAD A","2013-037A","EARTH","TEME","UTC","SGP4","2014-05-08T16:52:05.251584","14.68101067","0.00094100","98.0413","146.5872","149.7716","210.4119","0","U","39208","999","4295","0.00005310900000","0.00000257","0.0000000000000","7045.278","98.085","673.772","660.513","PAYLOAD","LARGE","PRC","2013-07-19","TSC","","1679343","95885009","0 PAYLOAD A","1 39208U 13037A   14128.70283856  .00000257  00000-0  53109-4 0  9997","2 39208 098.0413 146.5872 0009410 149.7716 210.4119 14.68101067 42953"
"2.0","GENERATED VIA SPACE-TRACK.ORG API","2014-05-08T22:56:41","18 SPCS","PAYLOAD B","2013-037B","EARTH","TEME","UTC","SGP4","2014-05-08T20:18:02.875968","14.67505965","0.00057000","98.0409","146.3996","136.3510","223.8137","0","U","39209","999","4294","0.00008314400000","0.00000423","0.0000000000000","7047.182","98.125","673.064","665.030","PAYLOAD","LARGE","PRC","2013-07-19","TSC","","1679471","95887878","0 PAYLOAD B","1 39209U 13037B   14128.84586662  .00000423  00000-0  83144-4 0  9991","2 39209 098.0409 146.3996 0005700 136.3510 223.8137 14.67505965 42947"
"2.0","GENERATED VIA SPACE-TRACK.ORG API","2014-05-08T22:29:10","18 SPCS","PAYLOAD A","2013-037A","EARTH","TEME","UTC","SGP4","2014-05-08T21:46:31.192608","14.68101191","0.00094650","98.0409","146.7882","149.4629","210.7141","0","U","39208","999","4298","0.00004944800000","0.00000236","0.0000000000000","7045.277","98.085","673.811","660.474","PAYLOAD","LARGE","PRC","2013-07-19","TSC","","1679423","95886806","0 PAYLOAD A","1 39208U 13037A   14128.90730547  .00000236  00000-0  49448-4 0  9991","2 39208 098.0409 146.7882 0009465 149.4629 210.7141 14.68101191 42980"
"2.0","GENERATED VIA SPACE-TRACK.ORG API","2014-05-08T23:45:22","18 SPCS","PAYLOAD C","2013-037C","EARTH","TEME","UTC","SGP4","2014-05-08T22:00:59.037408","14.78999915","0.00211640","97.6783","145.6116","192.3655","167.7039","0","U","39210","999","4366","0.00004596900000","0.00000291","0.0000000000000","7010.624","97.363","647.326","617.651","PAYLOAD","LARGE","PRC","2013-07-19","TSC","","1679485","95888090","0 PAYLOAD C","1 39210U 13037C   14128.91734997  .00000291  00000-0  45969-4 0  9993","2 39210 097.6783 145.6116 0021164 192.3655 167.7039 14.78999915 43660"
"2.0","GENERATED VIA SPACE-TRACK.ORG API","2014-05-09T06:25:58","18 SPCS","PAYLOAD A","2013-037A","EARTH","TEME","UTC","SGP4","2014-05-09T04:19:05.911392","14.68102604","0.00094700","98.0410","147.0560","148.5255","211.6527","0","U","39208","999","4302","0.00011668000000","0.00000622","0.0000000000000","7045.273","98.085","673.810","660.466","PAYLOAD","LARGE","PRC","2013-07-19","TSC","","1679568","95888537","0 PAYLOAD A","1 39208U 13037A   14129.17992953  .00000622  00000-0  11668-3 0  9993","2 39208 098.0410 147.0560 0009470 148.5255 211.6527 14.68102604 43024"
"2.0","GENERATED VIA SPACE-TRACK.ORG API","2014-05-09T07:58:58","18 SPCS","PAYLOAD B","2013-037B","EARTH","TEME","UTC","SGP4","2014-05-09T04:28:58.261151","14.67506268","0.00056850","98.0410","146.7339","135.0285","225.1376","0","U","39209","999","4299","0.00007543200000","0.00000380","0.0000000000000","7047.181","98.125","673.053","665.040","PAYLOAD","LARGE","PRC","2013-07-19","TSC","","1679634","95890116","0 PAYLOAD B","1 39209U 13037B   14129.18678543  .00000380  00000-0  75432-4 0  9992","2 39209 098.0410 146.7339 0005685 135.0285 225.1376 14.67506268 42993"
"2.0","GENERATED VIA SPACE-TRACK.ORG API","2014-05-09T05:23:18","18 SPCS","PAYLOAD C","2013-037C","EARTH","TEME","UTC","SGP4","2014-05-09T04:55:18.257087","14.82951612","0.00398870","97.6860","145.8969","170.3833","283.9485","0","U","39210","999","4370","0.00001003600000","0.00000030","0.0000000000000","6998.164","97.103","647.942","592.115","PAYLOAD","LARGE","PRC","2013-07-19","TSC","","1679553","95888180","0 PAYLOAD C","1 39210U 13037C   14129.20507242  .00000030  00000-0  10036-4 0  9995","2 39210 097.6860 145.8969 0039887 170.3833 283.9485 14.82951612 43707"
"2.0","GENERATED VIA SPACE-TRACK.ORG API","2014-05-09T05:25:08","18 SPCS","PAYLOAD C","2013-037C","EARTH","TEME","UTC","SGP4","2014-05-09T04:55:18.257087","14.82951612","0.00398870","97.6860","145.8969","170.3833","283.9485","0","U","39210","999","4370","0.00001003600000","0.00000030","0.0000000000000","6998.164","97.103","647.942","592.115","PAYLOAD","LARGE","PRC","2013-07-19","TSC","","1679554","95888181","0 PAYLOAD C","1 39210U 13037C   14129.20507242  .00000030  00000-0  10036-4 0  9995","2 39210 097.6860 145.8969 0039887 170.3833 283.9485 14.82951612 43707"
"2.0","GENERATED VIA SPACE-TRACK.ORG API","2014-05-09T15:10:32","18 SPCS","PAYLOAD B","2013-037B","EARTH","TEME","UTC","SGP4","2014-05-09T11:01:42.565151","14.67506693","0.00057360","98.0408","147.0012","134.4065","225.7623","0","U","39209","999","4303","0.00007470400000","0.00000376","0.0000000000000","7047.180","98.125","673.087","665.003","PAYLOAD","LARGE","PRC","2013-07-19","TSC","","1679748","95891823","0 PAYLOAD B","1 39209U 13037B   14129.45952043  .00000376  00000-0  74704-4 0  9998","2 39209 098.0408 147.0012 0005736 134.4065 225.7623 14.67506693 43037"
"2.0","GENERATED VIA SPACE-TRACK.ORG API","2014-05-09T13:22:14","18 SPCS","PAYLOAD C","2013-037C","EARTH","TEME","UTC","SGP4","2014-05-09T12:35:42.997343","14.82959573","0.00370330","97.6798","146.1931","170.7973","189.3893","0","U","39210","999","4375","0.00001003600000","0.00000030","0.0000000000000","6998.139","97.103","645.920","594.088","PAYLOAD","LARGE","PRC","2013-07-19","TSC","","1679677","95890322","0 PAYLOAD C","1 39210U 13037C   14129.52480321  .00000030  00000-0  10036-4 0  9998","2 39210 097.6798 146.1931 0037033 170.7973 189.3893 14.82959573 43751"
"2.0","GENERATED VIA SPACE-TRACK.ORG API","2014-05-09T23:31:40","18 SPCS","PAYLOAD B","2013-037B","EARTH","TEME","UTC","SGP4","2014-05-09T19:12:37.968479","14.67506080","0.00057520","98.0406","147.3358","133.5404","226.6282","0","U","39209","999","4308","0.00004297600000","0.00000196","0.0000000000000","7047.182","98.125","673.100","664.993","PAYLOAD","LARGE","PRC","2013-07-19","TSC","","1679915","95894074","0 PAYLOAD B","1 39209U 13037B   14129.80043945  .00000196  00000-0  42976-4 0  9995","2 39209 098.0406 147.3358 0005752 133.5404 226.6282 14.67506080 43082"
"2.0","GENERATED VIA SPACE-TRACK.ORG API","2014-05-09T22:31:40","18 SPCS","PAYLOAD A","2013-037A","EARTH","TEME","UTC","SGP4","2014-05-09T20:40:32.905343","14.68100626","0.00095620","98.0408","147.7257","146.5458","213.6358","0","U","39208","999","4312","-0.00000642160000","-0.00000085","0.0000000000000","7045.279","98.085","673.881","660.407","PAYLOAD","LARGE","PRC","2013-07-19","TSC","","1679858","95892677","0 PAYLOAD A","1 39208U 13037A   14129.86149196 -.00000085  00000-0 -64216-5 0  9996","2 39208 098.0408 147.7257 0009562 146.5458 213.6358 14.68100626 43123"
"2.0","GENERATED VIA SPACE-TRACK.ORG API","2014-05-09T22:13:30","18 SPCS","PAYLOAD C","2013-037C","EARTH","TEME","UTC","SGP4","2014-05-09T20:41:32.021087","14.82992499","0.00365550","97.6768","146.5191","169.5504","190.6622","0","U","39210","999","4380","0.00523150000000","0.00043199","0.0000000000000","6998.035","97.100","645.481","594.319","PAYLOAD","LARGE","PRC","2013-07-19","TSC","","1679837","95892256","0 PAYLOAD C","1 39210U 13037C   14129.86217617  .00043199  00000-0  52315-2 0  9998","2 39210 097.6768 146.5191 0036555 169.5504 190.6622 14.82992499 43809"
"2.0","GENERATED VIA SPACE-TRACK.ORG API","2014-05-10T02:23:16","18 SPCS","PAYLOAD C","2013-037C","EARTH","TEME","UTC","SGP4","2014-05-10T01:58:08.466816","14.87969097","0.00225070","97.6746","146.7168","177.7281","276.3454","0","U","39210","999","4383","0.00523150000000","0.00048456","0.0000000000000","6982.423","96.776","620.003","588.573","PAYLOAD","LARGE","PRC","2013-07-19","TSC","","1679958","95894252","0 PAYLOAD C","1 39210U 13037C   14130.08204244  .00048456  00000-0  52315-2 0  9997","2 39210 097.6746 146.7168 0022507 177.7281 276.3454 14.87969097 43837"
"2.0","GENERATED VIA SPACE-TRACK.ORG API","2014-05-10T07:27:07","18 SPCS","PAYLOAD B","2013-037B","EARTH","TEME","UTC","SGP4","2014-05-10T03:23:33.243072","14.67507999","0.00057420","98.0406","147.6707","132.8778","227.2917","0","U","39209","999","4313","0.00011132000000","0.00000583","0.0000000000000","7047.176","98.125","673.087","664.994","PAYLOAD","LARGE","PRC","2013-07-19","TSC","","1680083","95895900","0 PAYLOAD B","1 39209U 13037B   14130.14135698  .00000583  00000-0  11132-3 0  9990","2 39209 098.0406 147.6707 0005742 132.8778 227.2917 14.67507999 43136"
"2.0","GENERATED VIA SPACE-TRACK.ORG API","2014-05-10T06:37:02","18 SPCS","PAYLOAD A","2013-037A","EARTH","TEME","UTC","SGP4","2014-05-10T04:51:16.374240","14.68100572","0.00095700","98.0408","148.0604","145.5352","214.6478","0","U","39208","999","4317","-0.00000934540000","-0.00000102","0.0000000000000","7045.279","98.085","673.887","660.402","PAYLOAD","LARGE","PRC","2013-07-19","TSC","","1680030","95894596","0 PAYLOAD A","1 39208U 13037A   14130.20227285 -.00000102  00000-0 -93454-5 0  9998","2 39208 098.0408 148.0604 0009570 145.5352 214.6478 14.68100572 43173"
"2.0","GENERATED VIA SPACE-TRACK.ORG API","2014-05-10T05:26:04","18 SPCS","PAYLOAD C","2013-037C","EARTH","TEME","UTC","SGP4","2014-05-10T05:12:21.801599","14.86789201","0.00239210","97.6852","146.8472","164.3950","291.1669","0","U","39210","999","4385","0.00523150000000","0.00047089","0.0000000000000","6986.116","96.853","624.693","591.270","PAYLOAD","LARGE","PRC","2013-07-19","TSC","","1680017","95894311","0 PAYLOAD C","1 39210U 13037C   14130.21691900  .00047089  00000-0  52315-2 0  9992","2 39210 097.6852 146.8472 0023921 164.3950 291.1669 14.86789201 43851"
"2.0","GENERATED VIA SPACE-TRACK.ORG API","2014-05-10T15:27:00","18 SPCS","PAYLOAD C","2013-037C","EARTH","TEME","UTC","SGP4","2014-05-10T09:37:25.609439","14.86856780","0.00189760","97.6798","147.0394","168.4051","191.7559","0","U","39210","999","4388","0.01523600000000","0.00139026","0.0000000000000","6985.905","96.848","621.026","594.513","PAYLOAD","LARGE","PRC","2013-07-19","TSC","","1680193","95898042","0 PAYLOAD C","1 39210U 13037C   14130.40099085  .00139026  00000-0  15236-1 0  9992","2 39210 097.6798 147.0394 0018976 168.4051 191.7559 14.86856780 43880"
"2.0","GENERATED VIA SPACE-TRACK.ORG API","2014-05-10T15:25:37","18 SPCS","PAYLOAD B","2013-037B","EARTH","TEME","UTC","SGP4","2014-05-10T11:34:28.597151","14.67507956","0.00057610","98.0408","148.0058","132.2241","227.9463","0","U","39209","999","4318","0.00008995000000","0.00000462","0.0000000000000","7047.176","98.125","673.101","664.981","PAYLOAD","LARGE","PRC","2013-07-19","TSC","","1680192","95898011","0 PAYLOAD B","1 39209U 13037B   14130.48227543  .00000462  00000-0  89950-4 0  9998","2 39209 098.0408 148.0058 0005761 132.2241 227.9463 14.67507956 43183"
"2.0","GENERATED VIA SPACE-TRACK.ORG API","2014-05-10T14:28:17","18 SPCS","PAYLOAD A","2013-037A","EARTH","TEME","UTC","SGP4","2014-05-10T13:01:59.786976","14.68101372","0.00095870","98.0407","148.3954","144.5214","215.6634","0","U","39208","999","4322","0.00001684200000","0.00000049","0.0000000000000","7045.277","98.085","673.896","660.387","PAYLOAD","LARGE","PRC","2013-07-19","TSC","","1680120","95896549","0 PAYLOAD A","1 39208U 13037A   14130.54305309  .00000049  00000-0  16842-4 0  9992","2 39208 098.0407 148.3954 0009587 144.5214 215.6634 14.68101372 43227"
"2.0","GENERATED VIA SPACE-TRACK.ORG API","2014-05-10T23:30:19","18 SPCS","PAYLOAD C","2013-037C","EARTH","TEME","UTC","SGP4","2014-05-10T17:41:59.078111","14.86816878","0.00195680","97.6777","147.3626","168.3794","191.7935","0","U","39210","999","4393","-0.00005881300000","-0.00000579","0.0000000000000","6986.030","96.851","621.565","594.225","PAYLOAD","LARGE","PRC","2013-07-19","TSC","","1680377","95900348","0 PAYLOAD C","1 39210U 13037C   14130.73748933 -.00000579  00000-0 -58813-4 0  9994","2 39210 097.6777 147.3626 0019568 168.3794 191.7935 14.86816878 43937"
"2.0","GENERATED VIA SPACE-TRACK.ORG API","2014-05-10T22:29:52","18 SPCS","PAYLOAD A","2013-037A","EARTH","TEME","UTC","SGP4","2014-05-10T19:34:34.533407","14.68102448","0.00095690","98.0401","148.6633","143.9793","216.2093","0","U","39208","999","4326","0.00005460400000","0.00000266","0.0000000000000","7045.273","98.085","673.880","660.397","PAYLOAD","LARGE","PRC","2013-07-19","TSC","","1680299","95898933","0 PAYLOAD A","1 39208U 13037A   14130.81567747  .00000266  00000-0  54604-4 0  9997","2 39208 098.0401 148.6633 0009569 143.9793 216.2093 14.68102448 43268"
"2.0","GENERATED VIA SPACE-TRACK.ORG API","2014-05-10T23:28:59","18 SPCS","PAYLOAD B","2013-037B","EARTH","TEME","UTC","SGP4","2014-05-10T19:45:23.952095","14.67507691","0.00058500","98.0404","148.3407","132.1038","228.0664","0","U","39209","999","4323","0.00007464600000","0.00000375","0.0000000000000","7047.177","98.125","673.164","664.919","PAYLOAD","LARGE","PRC","2013-07-19","TSC","","1680375","95900306","0 PAYLOAD B","1 39209U 13037B   14130.82319389  .00000375  00000-0  74646-4 0  9995","2 39209 098.0404 148.3407 0005850 132.1038 228.0664 14.67507691 43239"
"2.0","GENERATED VIA SPACE-TRACK.ORG API","2014-05-10T23:47:13","18 SPCS","PAYLOAD C","2013-037C","EARTH","TEME","UTC","SGP4","2014-05-10T22:32:42.993600","14.86831786","0.00203460","97.6763","147.5543","167.9248","192.2659","0","U","39210","999","4396","-0.00178420000000","-0.00015982","0.0000000000000","6985.983","96.850","622.062","593.634","PAYLOAD","LARGE","PRC","2013-07-19","TSC","","1680392","95900495","0 PAYLOAD C","1 39210U 13037C   14130.93938650 -.00015982  00000-0 -17842-2 0  9992","2 39210 097.6763 147.5543 0020346 167.9248 192.2659 14.86831786 43964"
"2.0","GENERATED VIA SPACE-TRACK.ORG API","2014-05-11T00:45:40","18 SPCS","PAYLOAD C","2013-037C","EARTH","TEME","UTC","SGP4","2014-05-11T00:32:32.196768","14.91030624","0.00364740","97.6770","147.6416","145.1852","300.5227","0","U","39210","999","4397","-0.00178420000000","-0.00017882","0.0000000000000","6972.862","96.577","620.159","569.294","PAYLOAD","LARGE","PRC","2013-07-19","TSC","","1680405","95900508","0 PAYLOAD C","1 39210U 13037C   14131.02259487 -.00017882  00000-0 -17842-2 0  9998","2 39210 097.6770 147.6416 0036474 145.1852 300.5227 14.91030624 43974"
"2.0","GENERATED VIA SPACE-TRACK.ORG API","2014-05-11T07:19:05","18 SPCS","PAYLOAD C","2013-037C","EARTH","TEME","UTC","SGP4","2014-05-11T03:22:55.258175","14.90914258","0.00352070","97.6832","147.7608","144.2326","216.1373","0","U","39210","999","4399","-0.00178420000000","-0.00017815","0.0000000000000","6973.224","96.585","619.640","570.539","PAYLOAD","LARGE","PRC","2013-07-19","TSC","","1680522","95902092","0 PAYLOAD C","1 39210U 13037C   14131.14091734 -.00017815  00000-0 -17842-2 0  9996","2 39210 097.6832 147.7608 0035207 144.2326 216.1373 14.90914258 43995"
"2.0","GENERATED VIA SPACE-TRACK.ORG API","2014-05-11T07:17:08","18 SPCS","PAYLOAD B","2013-037B","EARTH","TEME","UTC","SGP4","2014-05-11T03:56:19.269888","14.67508546","0.00058590","98.0402","148.6754","131.3350","228.8369","0","U","39209","999","4328","0.00009346500000","0.00000482","0.0000000000000","7047.174","98.125","673.168","664.910","PAYLOAD","LARGE","PRC","2013-07-19","TSC","","1680520","95902040","0 PAYLOAD B","1 39209U 13037B   14131.16411192  .00000482  00000-0  93465-4 0  9997","2 39209 098.0402 148.6754 0005859 131.3350 228.8369 14.67508546 43287"
"2.0","GENERATED VIA SPACE-TRACK.ORG API","2014-05-11T06:28:57","18 SPCS","PAYLOAD A","2013-037A","EARTH","TEME","UTC","SGP4","2014-05-11T05:23:26.581344","14.68104192","0.00095340","98.0400","149.0653","142.9063","217.2849","0","U","39208","999","4332","0.00010875000000","0.00000577","0.0000000000000","7045.268","98.085","673.850","660.416","PAYLOAD","LARGE","PRC","2013-07-19","TSC","","1680478","95901010","0 PAYLOAD A","1 39208U 13037A   14131.22461321  .00000577  00000-0  10875-3 0  9990","2 39208 098.0400 149.0653 0009534 142.9063 217.2849 14.68104192 43320"
"2.0","GENERATED VIA SPACE-TRACK.ORG API","2014-05-11T15:31:02","18 SPCS","PAYLOAD C","2013-037C","EARTH","TEME","UTC","SGP4","2014-05-11T11:26:08.440511","14.90916322","0.00349200","97.6797","148.0817","143.4407","216.9223","0","U","39210","999","4404","-0.00178420000000","-0.00017812","0.0000000000000","6973.218","96.584","619.433","570.733","PAYLOAD","LARGE","PRC","2013-07-19","TSC","","1680629","95904288","0 PAYLOAD C","1 39210U 13037C   14131.47648658 -.00017812  00000-0 -17842-2 0  9992","2 39210 097.6797 148.0817 0034920 143.4407 216.9223 14.90916322 44046"
"2.0","GENERATED VIA SPACE-TRACK.ORG API","2014-05-11T15:29:43","18 SPCS","PAYLOAD B","2013-037B","EARTH","TEME","UTC","SGP4","2014-05-11T12:07:14.577312","14.67508639","0.00058550","98.0403","149.0100","130.5933","229.5786","0","U","39209","999","4333","0.00007368700000","0.00000370","0.0000000000000","7047.174","98.125","673.165","664.913","PAYLOAD","LARGE","PRC","2013-07-19","TSC","","1680628","95904266","0 PAYLOAD B","1 39209U 13037B   14131.50502983  .00000370  00000-0  73687-4 0  9994","2 39209 098.0403 149.0100 0005855 130.5933 229.5786 14.67508639 43332"
"2.0","GENERATED VIA SPACE-TRACK.ORG API","2014-05-11T14:28:59","18 SPCS","PAYLOAD A","2013-037A","EARTH","TEME","UTC","SGP4","2014-05-11T13:34:09.875712","14.68104893","0.00095360","98.0403","149.4004","141.6032","218.5850","0","U","39208","999","4337","0.00011374000000","0.00000605","0.0000000000000","7045.265","98.085","673.849","660.412","PAYLOAD","LARGE","PRC","2013-07-19","TSC","","1680554","95902531","0 PAYLOAD A","1 39208U 13037A   14131.56539208  .00000605  00000-0  11374-3 0  9994","2 39208 098.0403 149.4004 0009536 141.6032 218.5850 14.68104893 43370"
"2.0","GENERATED VIA SPACE-TRACK.ORG API","2014-05-11T23:24:54","18 SPCS","PAYLOAD C","2013-037C","EARTH","TEME","UTC","SGP4","2014-05-11T19:29:21.858719","14.90910758","0.00348960","97.6770","148.4072","142.5053","217.8638","0","U","39210","999","4409","-0.00178420000000","-0.00017809","0.0000000000000","6973.235","96.585","619.434","570.767","PAYLOAD","LARGE","PRC","2013-07-19","TSC","","1680804","95906601","0 PAYLOAD C","1 39210U 13037C   14131.81205855 -.00017809  00000-0 -17842-2 0  9994","2 39210 097.6770 148.4072 0034896 142.5053 217.8638 14.90910758 44095"
"2.0","GENERATED VIA SPACE-TRACK.ORG API","2014-05-11T23:23:41","18 SPCS","PAYLOAD B","2013-037B","EARTH","TEME","UTC","SGP4","2014-05-11T20:18:09.931391","14.67508995","0.00059960","98.0400","149.3453","129.8070","230.3666","0","U","39209","999","4338","0.00009457100000","0.00000488","0.0000000000000","7047.173","98.125","673.263","664.812","PAYLOAD","LARGE","PRC","2013-07-19","TSC","","1680802","95906571","0 PAYLOAD B","1 39209U 13037B   14131.84594828  .00000488  00000-0  94571-4 0  9995","2 39209 098.0400 149.3453 0005996 129.8070 230.3666 14.67508995 43389"
"2.0","GENERATED VIA SPACE-TRACK.ORG API","2014-05-11T22:26:59","18 SPCS","PAYLOAD A","2013-037A","EARTH","TEME","UTC","SGP4","2014-05-11T21:44:53.319551","14.68104066","0.00097180","98.0400","149.7352","141.2955","218.8956","0","U","39208","999","4342","0.00006880400000","0.00000347","0.0000000000000","7045.268","98.085","673.980","660.287","PAYLOAD","LARGE","PRC","2013-07-19","TSC","","1680722","95905016","0 PAYLOAD A","1 39208U 13037A   14131.90617268  .00000347  00000-0  68804-4 0  9999","2 39208 098.0400 149.7352 0009718 141.2955 218.8956 14.68104066 43426"
"2.0","GENERATED VIA SPACE-TRACK.ORG API","2014-05-12T04:06:16","18 SPCS","PAYLOAD C","2013-037C","EARTH","TEME","UTC","SGP4","2014-05-12T03:56:38.630399","14.92967134","0.00404210","97.6839","148.7525","128.6953","322.1141","0","U","39210","999","4414","-0.00178420000000","-0.00018829","0.0000000000000","6966.831","96.452","616.856","560.535","PAYLOAD","LARGE","PRC","2013-07-19","TSC","","1680851","95906716","0 PAYLOAD C","1 39210U 13037C   14132.16433600 -.00018829  00000-0 -17842-2 0  9997","2 39210 097.6839 148.7525 0040421 128.6953 322.1141 14.92967134 44149"
"2.0","GENERATED VIA SPACE-TRACK.ORG API","2014-05-12T07:25:26","18 SPCS","PAYLOAD B","2013-037B","EARTH","TEME","UTC","SGP4","2014-05-12T04:29:05.210304","14.67509709","0.00060100","98.0401","149.6799","128.9857","231.1882","0","U","39209","999","4343","0.00010430000000","0.00000543","0.0000000000000","7047.170","98.125","673.271","664.800","PAYLOAD","LARGE","PRC","2013-07-19","TSC","","1680943","95908557","0 PAYLOAD B","1 39209U 13037B   14132.18686586  .00000543  00000-0  10430-3 0  9999","2 39209 098.0401 149.6799 0006010 128.9857 231.1882 14.67509709 43436"
"2.0","GENERATED VIA SPACE-TRACK.ORG API","2014-05-12T07:26:40","18 SPCS","PAYLOAD C","2013-037C","EARTH","TEME","UTC","SGP4","2014-05-12T05:08:56.462495","14.92933087","0.00373750","97.6821","148.7988","126.7450","233.6961","0","U","39210","999","4415","-0.00178420000000","-0.00018769","0.0000000000000","6966.937","96.454","614.841","562.763","PAYLOAD","LARGE","PRC","2013-07-19","TSC","","1680945","95908601","0 PAYLOAD C","1 39210U 13037C   14132.21454239 -.00018769  00000-0 -17842-2 0  9997","2 39210 097.6821 148.7988 0037375 126.7450 233.6961 14.92933087 44155"
"2.0","GENERATED VIA SPACE-TRACK.ORG API","2014-05-12T06:24:35","18 SPCS","PAYLOAD A","2013-037A","EARTH","TEME","UTC","SGP4","2014-05-12T05:55:36.671807","14.68105603","0.00098880","98.0400","150.0705","140.0710","220.1236","0","U","39208","999","4347","0.00011792000000","0.00000630","0.0000000000000","7045.263","98.085","674.095","660.162","PAYLOAD","LARGE","PRC","2013-07-19","TSC","","1680877","95907066","0 PAYLOAD A","1 39208U 13037A   14132.24695222  .00000630  00000-0  11792-3 0  9991","2 39208 098.0400 150.0705 0009888 140.0710 220.1236 14.68105603 43477"
"2.0","GENERATED VIA SPACE-TRACK.ORG API","2014-05-12T10:08:30","18 SPCS","PAYLOAD B","2013-037B","EARTH","TEME","UTC","SGP4","2014-05-12T07:45:27.336384","14.67509435","0.00059870","98.0401","149.8140","128.2027","231.9703","0","U","39209","999","4345","0.00008403900000","0.00000429","0.0000000000000","7047.171","98.125","673.255","664.817","PAYLOAD","LARGE","PRC","2013-07-19","TSC","","1680957","95908794","0 PAYLOAD B","1 39209U 13037B   14132.32323306  .00000429  00000-0  84039-4 0  9993","2 39209 098.0401 149.8140 0005987 128.2027 231.9703 14.67509435 43450"
"2.0","GENERATED VIA SPACE-TRACK.ORG API","2014-05-12T17:25:44","18 SPCS","PAYLOAD B","2013-037B","EARTH","TEME","UTC","SGP4","2014-05-12T11:01:49.485791","14.67509866","0.00060210","98.0400","149.9477","127.7626","232.4135","0","U","39209","999","4347","0.00009415500000","0.00000486","0.0000000000000","7047.170","98.125","673.278","664.792","PAYLOAD","LARGE","PRC","2013-07-19","TSC","","1681055","95910488","0 PAYLOAD B","1 39209U 13037B   14132.45960053  .00000486  00000-0  94155-4 0  9996","2 39209 098.0400 149.9477 0006021 127.7626 232.4135 14.67509866 43477"
"2.0","GENERATED VIA SPACE-TRACK.ORG API","2014-05-12T17:26:01","18 SPCS","PAYLOAD C","2013-037C","EARTH","TEME","UTC","SGP4","2014-05-12T13:11:31.024896","14.92928665","0.00373660","97.6801","149.1252","125.1778","235.2833","0","U","39210","999","4420","-0.00178420000000","-0.00018767","0.0000000000000","6966.950","96.454","614.848","562.783","PAYLOAD","LARGE","PRC","2013-07-19","TSC","","1681056","95910523","0 PAYLOAD C","1 39210U 13037C   14132.54966464 -.00018767  00000-0 -17842-2 0  9999","2 39210 097.6801 149.1252 0037366 125.1778 235.2833 14.92928665 44206"
"2.0","GENERATED VIA SPACE-TRACK.ORG API","2014-05-12T17:29:50","18 SPCS","PAYLOAD A","2013-037A","EARTH","TEME","UTC","SGP4","2014-05-12T15:44:28.695552","14.68106135","0.00097660","98.0402","150.4724","138.4518","221.7413","0","U","39208","999","4353","0.00012276000000","0.00000657","0.0000000000000","7045.262","98.085","674.007","660.246","PAYLOAD","LARGE","PRC","2013-07-19","TSC","","1681062","95910589","0 PAYLOAD A","1 39208U 13037A   14132.65588768  .00000657  00000-0  12276-3 0  9999","2 39208 098.0402 150.4724 0009766 138.4518 221.7413 14.68106135 43538"
"2.0","GENERATED VIA SPACE-TRACK.ORG API","2014-05-12T23:15:05","18 SPCS","PAYLOAD B","2013-037B","EARTH","TEME","UTC","SGP4","2014-05-12T19:12:44.818271","14.67509286","0.00060580","98.0397","150.2821","127.0672","233.1087","0","U","39209","999","4352","0.00005977800000","0.00000291","0.0000000000000","7047.172","98.125","673.306","664.767","PAYLOAD","LARGE","PRC","2013-07-19","TSC","","1681174","95912133","0 PAYLOAD B","1 39209U 13037B   14132.80051873  .00000291  00000-0  59778-4 0  9992","2 39209 098.0397 150.2821 0006058 127.0672 233.1087 14.67509286 43520"
"2.0","GENERATED VIA SPACE-TRACK.ORG API","2014-05-12T22:21:41","18 SPCS","PAYLOAD A","2013-037A","EARTH","TEME","UTC","SGP4","2014-05-12T20:38:54.740255","14.68106448","0.00098130","98.0402","150.6736","138.5051","221.6923","0","U","39208","999","4356","0.00012288000000","0.00000658","0.0000000000000","7045.261","98.085","674.039","660.212","PAYLOAD","LARGE","PRC","2013-07-19","TSC","","1681119","95910889","0 PAYLOAD A","1 39208U 13037A   14132.86035579  .00000658  00000-0  12288-3 0  9993","2 39208 098.0402 150.6736 0009813 138.5051 221.6923 14.68106448 43564"
"2.0","GENERATED VIA SPACE-TRACK.ORG API","2014-05-12T23:16:03","18 SPCS","PAYLOAD C","2013-037C","EARTH","TEME","UTC","SGP4","2014-05-12T21:14:05.486207","14.92924704","0.00368190","97.6770","149.4529","124.5541","235.9223","0","U","39210","999","4425","-0.00178420000000","-0.00018757","0.0000000000000","6966.963","96.454","614.479","563.176","PAYLOAD","LARGE","PRC","2013-07-19","TSC","","1681176","95912166","0 PAYLOAD C","1 39210U 13037C   14132.88478572 -.00018757  00000-0 -17842-2 0  9993","2 39210 097.6770 149.4529 0036819 124.5541 235.9223 14.92924704 44259"
"2.0","GENERATED VIA SPACE-TRACK.ORG API","2014-05-13T06:25:56","18 SPCS","PAYLOAD A","2013-037A","EARTH","TEME","UTC","SGP4","2014-05-13T03:11:29.376096","14.68106856","0.00098280","98.0400","150.9414","137.7238","222.4726","0","U","39208","999","4360","0.00012174000000","0.00000651","0.0000000000000","7045.259","98.085","674.048","660.200","PAYLOAD","LARGE","PRC","2013-07-19","TSC","","1681297","95912777","0 PAYLOAD A","1 39208U 13037A   14133.13297889  .00000651  00000-0  12174-3 0  9995","2 39208 098.0400 150.9414 0009828 137.7238 222.4726 14.68106856 43600"
"2.0","GENERATED VIA SPACE-TRACK.ORG API","2014-05-13T07:27:58","18 SPCS","PAYLOAD B","2013-037B","EARTH","TEME","UTC","SGP4","2014-05-13T03:23:40.068672","14.67510086","0.00060240","98.0394","150.6164","126.7431","233.4333","0","U","39209","999","4357","0.00007113800000","0.00000355","0.0000000000000","7047.169","98.125","673.279","664.789","PAYLOAD","LARGE","PRC","2013-07-19","TSC","","1681364","95914353","0 PAYLOAD B","1 39209U 13037B   14133.14143598  .00000355  00000-0  71138-4 0  9991","2 39209 098.0394 150.6164 0006024 126.7431 233.4333 14.67510086 43575"
"2.0","GENERATED VIA SPACE-TRACK.ORG API","2014-05-13T04:20:25","18 SPCS","PAYLOAD C","2013-037C","EARTH","TEME","UTC","SGP4","2014-05-13T04:03:43.413408","14.93659697","0.00364250","97.6749","149.7303","127.5957","321.2086","0","U","39210","999","4429","-0.00178420000000","-0.00019103","0.0000000000000","6964.677","96.407","611.911","561.173","PAYLOAD","LARGE","PRC","2013-07-19","TSC","","1681268","95912346","0 PAYLOAD C","1 39210U 13037C   14133.16925247 -.00019103  00000-0 -17842-2 0  9997","2 39210 097.6749 149.7303 0036425 127.5957 321.2086 14.93659697 44292"
"2.0","GENERATED VIA SPACE-TRACK.ORG API","2014-05-13T14:32:58","18 SPCS","PAYLOAD A","2013-037A","EARTH","TEME","UTC","SGP4","2014-05-13T08:05:55.383647","14.68107275","0.00098190","98.0400","151.1423","137.0634","223.1344","0","U","39208","999","4363","0.00012547000000","0.00000673","0.0000000000000","7045.258","98.085","674.041","660.205","PAYLOAD","LARGE","PRC","2013-07-19","TSC","","1681402","95915004","0 PAYLOAD A","1 39208U 13037A   14133.33744657  .00000673  00000-0  12547-3 0  9995","2 39208 098.0400 151.1423 0009819 137.0634 223.1344 14.68107275 43639"
"2.0","GENERATED VIA SPACE-TRACK.ORG API","2014-05-13T15:42:54","18 SPCS","PAYLOAD B","2013-037B","EARTH","TEME","UTC","SGP4","2014-05-13T11:34:35.340672","14.67510919","0.00059790","98.0395","150.9510","125.0835","235.0935","0","U","39209","999","4362","0.00009092600000","0.00000468","0.0000000000000","7047.166","98.125","673.245","664.818","PAYLOAD","LARGE","PRC","2013-07-19","TSC","","1681473","95916537","0 PAYLOAD B","1 39209U 13037B   14133.48235348  .00000468  00000-0  90926-4 0  9994","2 39209 098.0395 150.9510 0005979 125.0835 235.0935 14.67510919 43629"
"2.0","GENERATED VIA SPACE-TRACK.ORG API","2014-05-13T15:44:15","18 SPCS","PAYLOAD C","2013-037C","EARTH","TEME","UTC","SGP4","2014-05-13T11:42:23.467104","14.93638582","0.00357670","97.6780","150.0454","126.8704","233.5786","0","U","39210","999","4434","-0.00178420000000","-0.00019084","0.0000000000000","6964.743","96.408","611.518","561.697","PAYLOAD","LARGE","PRC","2013-07-19","TSC","","1681476","95916626","0 PAYLOAD C","1 39210U 13037C   14133.48777161 -.00019084  00000-0 -17842-2 0  9990","2 39210 097.6780 150.0454 0035767 126.8704 233.5786 14.93638582 44347"
"2.0","GENERATED VIA SPACE-TRACK.ORG API","2014-05-13T22:24:00","18 SPCS","PAYLOAD A","2013-037A","EARTH","TEME","UTC","SGP4","2014-05-13T19:32:56.042591","14.68105190","0.00099220","98.0392","151.6101","136.3441","223.8426","0","U","39208","999","4370","0.00005028100000","0.00000241","0.0000000000000","7045.265","98.085","674.120","660.139","PAYLOAD","LARGE","PRC","2013-07-19","TSC","","1681560","95917301","0 PAYLOAD A","1 39208U 13037A   14133.81453753  .00000241  00000-0  50281-4 0  9991","2 39208 098.0392 151.6101 0009922 136.3441 223.8426 14.68105190 43700"
"2.0","GENERATED VIA SPACE-TRACK.ORG API","2014-05-13T23:15:48","18 SPCS","PAYLOAD C","2013-037C","EARTH","TEME","UTC","SGP4","2014-05-13T19:44:44.272895","14.93636130","0.00355440","97.6756","150.3711","126.4682","234.0047","0","U","39210","999","4439","-0.00178420000000","-0.00019080","0.0000000000000","6964.750","96.409","611.371","561.860","PAYLOAD","LARGE","PRC","2013-07-19","TSC","","1681639","95919123","0 PAYLOAD C","1 39210U 13037C   14133.82273464 -.00019080  00000-0 -17842-2 0  9991","2 39210 097.6756 150.3711 0035544 126.4682 234.0047 14.93636130 44391"
"2.0","GENERATED VIA SPACE-TRACK.ORG API","2014-05-13T23:15:01","18 SPCS","PAYLOAD B","2013-037B","EARTH","TEME","UTC","SGP4","2014-05-13T19:45:30.676608","14.67510636","0.00060190","98.0392","151.2855","124.2742","235.9035","0","U","39209","999","4367","0.00007768200000","0.00000393","0.0000000000000","7047.167","98.125","673.274","664.791","PAYLOAD","LARGE","PRC","2013-07-19","TSC","","1681638","95919091","0 PAYLOAD B","1 39209U 13037B   14133.82327172  .00000393  00000-0  77682-4 0  9990","2 39209 098.0392 151.2855 0006019 124.2742 235.9035 14.67510636 43677"
"2.0","GENERATED VIA SPACE-TRACK.ORG API","2014-05-14T06:38:50","18 SPCS","PAYLOAD A","2013-037A","EARTH","TEME","UTC","SGP4","2014-05-14T03:43:39.627263","14.68105558","0.00099250","98.0393","151.9449","135.2295","224.9720","0","U","39208","999","4375","0.00005539100000","0.00000270","0.0000000000000","7045.263","98.085","674.121","660.136","PAYLOAD","LARGE","PRC","2013-07-19","TSC","","1681758","95920111","0 PAYLOAD A","1 39208U 13037A   14134.15531976  .00000270  00000-0  55391-4 0  9992","2 39208 098.0393 151.9449 0009925 135.2295 224.9720 14.68105558 43759"
"2.0","GENERATED VIA SPACE-TRACK.ORG API","2014-05-14T07:30:31","18 SPCS","PAYLOAD C","2013-037C","EARTH","TEME","UTC","SGP4","2014-05-14T03:47:03.891551","14.93635346","0.00358490","97.6753","150.6993","128.2131","232.2335","0","U","39210","999","4444","-0.00178420000000","-0.00019083","0.0000000000000","6964.753","96.409","611.586","561.650","PAYLOAD","LARGE","PRC","2013-07-19","TSC","","1681834","95921913","0 PAYLOAD C","1 39210U 13037C   14134.15768393 -.00019083  00000-0 -17842-2 0  9991","2 39210 097.6753 150.6993 0035849 128.2131 232.2335 14.93635346 44444"
"2.0","GENERATED VIA SPACE-TRACK.ORG API","2014-05-14T07:29:05","18 SPCS","PAYLOAD B","2013-037B","EARTH","TEME","UTC","SGP4","2014-05-14T03:56:25.907135","14.67511770","0.00060060","98.0391","151.6203","123.8145","236.3647","0","U","39209","999","4372","0.00010313000000","0.00000537","0.0000000000000","7047.164","98.125","673.261","664.796","PAYLOAD","LARGE","PRC","2013-07-19","TSC","","1681831","95921847","0 PAYLOAD B","1 39209U 13037B   14134.16418874  .00000537  00000-0  10313-3 0  9995","2 39209 098.0391 151.6203 0006006 123.8145 236.3647 14.67511770 43725"
"2.0","GENERATED VIA SPACE-TRACK.ORG API","2014-05-14T10:57:37","18 SPCS","PAYLOAD C","2013-037C","EARTH","TEME","UTC","SGP4","2014-05-14T10:12:56.553983","14.93753650","0.00375790","97.6844","150.9691","124.1849","236.4832","0","U","39210","999","4448","-0.00178420000000","-0.00019165","0.0000000000000","6964.385","96.401","612.421","560.078","PAYLOAD","LARGE","PRC","2013-07-19","TSC","","1681846","95922106","0 PAYLOAD C","1 39210U 13037C   14134.42565456 -.00019165  00000-0 -17842-2 0  9997","2 39210 097.6844 150.9691 0037579 124.1849 236.4832 14.93753650 44487"
"2.0","GENERATED VIA SPACE-TRACK.ORG API","2014-05-14T14:27:31","18 SPCS","PAYLOAD A","2013-037A","EARTH","TEME","UTC","SGP4","2014-05-14T11:54:22.981248","14.68105862","0.00099010","98.0393","152.2797","134.1453","226.0570","0","U","39208","999","4380","0.00005742800000","0.00000282","0.0000000000000","7045.262","98.085","674.103","660.152","PAYLOAD","LARGE","PRC","2013-07-19","TSC","","1681876","95922602","0 PAYLOAD A","1 39208U 13037A   14134.49609932  .00000282  00000-0  57428-4 0  9993","2 39208 098.0393 152.2797 0009901 134.1453 226.0570 14.68105862 43807"
"2.0","GENERATED VIA SPACE-TRACK.ORG API","2014-05-14T15:24:57","18 SPCS","PAYLOAD B","2013-037B","EARTH","TEME","UTC","SGP4","2014-05-14T12:07:21.137663","14.67512047","0.00060030","98.0391","151.9550","122.6936","237.4840","0","U","39209","999","4377","0.00009887700000","0.00000513","0.0000000000000","7047.163","98.125","673.258","664.797","PAYLOAD","LARGE","PRC","2013-07-19","TSC","","1681970","95924754","0 PAYLOAD B","1 39209U 13037B   14134.50510576  .00000513  00000-0  98877-4 0  9991","2 39209 098.0391 151.9550 0006003 122.6936 237.4840 14.67512047 43775"
"2.0","GENERATED VIA SPACE-TRACK.ORG API","2014-05-14T15:25:14","18 SPCS","PAYLOAD C","2013-037C","EARTH","TEME","UTC","SGP4","2014-05-14T13:25:48.961343","14.93768995","0.00375620","97.6752","151.0913","123.8372","236.6796","0","U","39210","999","4450","-0.00178420000000","-0.00019172","0.0000000000000","6964.337","96.400","612.362","560.043","PAYLOAD","LARGE","PRC","2013-07-19","TSC","","1681971","95924796","0 PAYLOAD C","1 39210U 13037C   14134.55959446 -.00019172  00000-0 -17842-2 0  9995","2 39210 097.6752 151.0913 0037562 123.8372 236.6796 14.93768995 44505"
"2.0","GENERATED VIA SPACE-TRACK.ORG API","2014-05-14T15:31:19","18 SPCS","PAYLOAD C","2013-037C","EARTH","TEME","UTC","SGP4","2014-05-14T14:07:11.656703","14.94077181","0.00362610","97.6803","151.1140","121.8368","33.1779","0","U","39210","999","4450","-0.00178420000000","-0.00019304","0.0000000000000","6963.380","96.380","610.494","559.995","PAYLOAD","LARGE","PRC","2013-07-19","TSC","","1681983","95924982","0 PAYLOAD C","1 39210U 13037C   14134.58832936 -.00019304  00000-0 -17842-2 0  9999","2 39210 097.6803 151.1140 0036261 121.8368 033.1779 14.94077181 44505"
"2.0","GENERATED VIA SPACE-TRACK.ORG API","2014-05-14T22:26:19","18 SPCS","PAYLOAD A","2013-037A","EARTH","TEME","UTC","SGP4","2014-05-14T15:10:40.325088","14.68106811","0.00098410","98.0390","152.4142","134.1038","226.1041","0","U","39208","999","4382","0.00007744800000","0.00000397","0.0000000000000","7045.259","98.085","674.058","660.191","PAYLOAD","LARGE","PRC","2013-07-19","TSC","","1682082","95925637","0 PAYLOAD A","1 39208U 13037A   14134.63241117  .00000397  00000-0  77448-4 0  9997","2 39208 098.0390 152.4142 0009841 134.1038 226.1041 14.68106811 43823"
"2.0","GENERATED VIA SPACE-TRACK.ORG API","2014-05-14T15:41:41","18 SPCS","PAYLOAD C","2013-037C","EARTH","TEME","UTC","SGP4","2014-05-14T15:33:01.163231","14.94048156","0.00362380","97.6748","151.1752","121.9137","353.4656","0","U","39210","999","4451","-0.00178420000000","-0.00019289","0.0000000000000","6963.470","96.382","610.569","560.100","PAYLOAD","LARGE","PRC","2013-07-19","TSC","","1681991","95924993","0 PAYLOAD C","1 39210U 13037C   14134.64793013 -.00019289  00000-0 -17842-2 0  9990","2 39210 097.6748 151.1752 0036238 121.9137 353.4656 14.94048156 44514"
"2.0","GENERATED VIA SPACE-TRACK.ORG API","2014-05-14T23:21:29","18 SPCS","PAYLOAD C","2013-037C","EARTH","TEME","UTC","SGP4","2014-05-14T19:51:33.524639","14.94055404","0.00363480","97.6746","151.3540","122.4792","237.9931","0","U","39210","999","4454","-0.00178420000000","-0.00019294","0.0000000000000","6963.447","96.381","610.623","560.001","PAYLOAD","LARGE","PRC","2013-07-19","TSC","","1682171","95927676","0 PAYLOAD C","1 39210U 13037C   14134.82747135 -.00019294  00000-0 -17842-2 0  9990","2 39210 097.6746 151.3540 0036348 122.4792 237.9931 14.94055404 44543"
"2.0","GENERATED VIA SPACE-TRACK.ORG API","2014-05-14T23:20:27","18 SPCS","PAYLOAD B","2013-037B","EARTH","TEME","UTC","SGP4","2014-05-14T20:18:16.508160","14.67511167","0.00060900","98.0389","152.2897","122.2167","237.9635","0","U","39209","999","4382","0.00006224100000","0.00000305","0.0000000000000","7047.166","98.125","673.322","664.739","PAYLOAD","LARGE","PRC","2013-07-19","TSC","","1682170","95927647","0 PAYLOAD B","1 39209U 13037B   14134.84602440  .00000305  00000-0  62241-4 0  9995","2 39209 098.0389 152.2897 0006090 122.2167 237.9635 14.67511167 43823"
"2.0","GENERATED VIA SPACE-TRACK.ORG API","2014-05-15T07:06:55","18 SPCS","PAYLOAD C","2013-037C","EARTH","TEME","UTC","SGP4","2014-05-15T03:53:45.466655","14.94061361","0.00366920","97.6744","151.6810","123.0137","237.4618","0","U","39210","999","4459","-0.00178420000000","-0.00019302","0.0000000000000","6963.429","96.381","610.844","559.743","PAYLOAD","LARGE","PRC","2013-07-19","TSC","","1682347","95929950","0 PAYLOAD C","1 39210U 13037C   14135.16233179 -.00019302  00000-0 -17842-2 0  9996","2 39210 097.6744 151.6810 0036692 123.0137 237.4618 14.94061361 44597"
"2.0","GENERATED VIA SPACE-TRACK.ORG API","2014-05-15T06:21:34","18 SPCS","PAYLOAD A","2013-037A","EARTH","TEME","UTC","SGP4","2014-05-15T04:15:49.551840","14.68107548","0.00098150","98.0390","152.9498","132.3369","227.8675","0","U","39208","999","4390","0.00008196100000","0.00000423","0.0000000000000","7045.257","98.085","674.037","660.207","PAYLOAD","LARGE","PRC","2013-07-19","TSC","","1682278","95928304","0 PAYLOAD A","1 39208U 13037A   14135.17765685  .00000423  00000-0  81961-4 0  9993","2 39208 098.0390 152.9498 0009815 132.3369 227.8675 14.68107548 43908"
"2.0","GENERATED VIA SPACE-TRACK.ORG API","2014-05-15T07:05:38","18 SPCS","PAYLOAD B","2013-037B","EARTH","TEME","UTC","SGP4","2014-05-15T04:29:11.715359","14.67512537","0.00060580","98.0391","152.6246","121.1104","239.0711","0","U","39209","999","4387","0.00009691500000","0.00000502","0.0000000000000","7047.161","98.125","673.295","664.757","PAYLOAD","LARGE","PRC","2013-07-19","TSC","","1682345","95929908","0 PAYLOAD B","1 39209U 13037B   14135.18694115  .00000502  00000-0  96915-4 0  9997","2 39209 098.0391 152.6246 0006058 121.1104 239.0711 14.67512537 43876"
"2.0","GENERATED VIA SPACE-TRACK.ORG API","2014-05-15T11:43:11","18 SPCS","PAYLOAD B","2013-037B","EARTH","TEME","UTC","SGP4","2014-05-15T07:45:33.789599","14.67512730","0.00060500","98.0391","152.7583","120.6681","239.5125","0","U","39209","999","4389","0.00009735400000","0.00000504","0.0000000000000","7047.161","98.125","673.289","664.762","PAYLOAD","LARGE","PRC","2013-07-19","TSC","","1682389","95930905","0 PAYLOAD B","1 39209U 13037B   14135.32330775  .00000504  00000-0  97354-4 0  9992","2 39209 098.0391 152.7583 0006050 120.6681 239.5125 14.67512730 43898"
"2.0","GENERATED VIA SPACE-TRACK.ORG API","2014-05-15T11:23:15","18 SPCS","PAYLOAD A","2013-037A","EARTH","TEME","UTC","SGP4","2014-05-15T09:10:15.541248","14.68107705","0.00098170","98.0390","153.1507","131.6943","228.5103","0","U","39208","999","4393","0.00008049100000","0.00000414","0.0000000000000","7045.257","98.085","674.038","660.205","PAYLOAD","LARGE","PRC","2013-07-19","TSC","","1682362","95930233","0 PAYLOAD A","1 39208U 13037A   14135.38212432  .00000414  00000-0  80491-4 0  9990","2 39208 098.0390 153.1507 0009817 131.6943 228.5103 14.68107705 43936"
"2.0","GENERATED VIA SPACE-TRACK.ORG API","2014-05-15T11:43:29","18 SPCS","PAYLOAD C","2013-037C","EARTH","TEME","UTC","SGP4","2014-05-15T10:19:31.528127","14.94052388","0.00368260","97.6750","151.9433","121.9882","238.4936","0","U","39210","999","4463","-0.00178420000000","-0.00019300","0.0000000000000","6963.457","96.382","610.965","559.678","PAYLOAD","LARGE","PRC","2013-07-19","TSC","","1682390","95930916","0 PAYLOAD C","1 39210U 13037C   14135.43022602 -.00019300  00000-0 -17842-2 0  9991","2 39210 097.6750 151.9433 0036826 121.9882 238.4936 14.94052388 44639"
"2.0","GENERATED VIA SPACE-TRACK.ORG API","2014-05-15T21:26:04","18 SPCS","PAYLOAD B","2013-037B","EARTH","TEME","UTC","SGP4","2014-05-15T15:56:28.990751","14.67512794","0.00061210","98.0390","153.0929","119.6711","240.5069","0","U","39209","999","4394","0.00008754000000","0.00000448","0.0000000000000","7047.160","98.125","673.339","664.712","PAYLOAD","LARGE","PRC","2013-07-19","TSC","","1682651","95935071","0 PAYLOAD B","1 39209U 13037B   14135.66422443  .00000448  00000-0  87540-4 0  9996","2 39209 098.0390 153.0929 0006121 119.6711 240.5069 14.67512794 43941"
"2.0","GENERATED VIA SPACE-TRACK.ORG API","2014-05-15T20:19:34","18 SPCS","PAYLOAD A","2013-037A","EARTH","TEME","UTC","SGP4","2014-05-15T17:20:58.930656","14.68106721","0.00098690","98.0388","153.4855","130.8577","229.3458","0","U","39208","999","4398","0.00004744100000","0.00000224","0.0000000000000","7045.260","98.085","674.078","660.172","PAYLOAD","LARGE","PRC","2013-07-19","TSC","","1682540","95932808","0 PAYLOAD A","1 39208U 13037A   14135.72290429  .00000224  00000-0  47441-4 0  9997","2 39208 098.0388 153.4855 0009869 130.8577 229.3458 14.68106721 43987"
"2.0","GENERATED VIA SPACE-TRACK.ORG API","2014-05-15T19:11:16","18 SPCS","PAYLOAD C","2013-037C","EARTH","TEME","UTC","SGP4","2014-05-15T18:21:44.348831","14.94065722","0.00358220","97.6783","152.2696","120.9064","239.6182","0","U","39210","999","4468","0.00000000000000","-0.00000677","0.0000000000000","6963.415","96.381","610.224","560.336","PAYLOAD","LARGE","PRC","2013-07-19","TSC","","1682504","95932109","0 PAYLOAD C","1 39210U 13037C   14135.76509663 -.00000677  00000-0  00000+0 0  9995","2 39210 097.6783 152.2696 0035822 120.9064 239.6182 14.94065722 44683"
"2.0","GENERATED VIA SPACE-TRACK.ORG API","2014-05-15T21:27:17","18 SPCS","PAYLOAD C","2013-037C","EARTH","TEME","UTC","SGP4","2014-05-15T18:21:44.350560","14.94042113","0.00363420","97.6745","152.2697","120.5004","239.9924","0","U","39210","999","4468","-0.00178420000000","-0.00019288","0.0000000000000","6963.488","96.382","610.660","560.047","PAYLOAD","LARGE","PRC","2013-07-19","TSC","","1682653","95935117","0 PAYLOAD C","1 39210U 13037C   14135.76509665 -.00019288  00000-0 -17842-2 0  9991","2 39210 097.6745 152.2697 0036342 120.5004 239.9924 14.94042113 44686"
"2.0","GENERATED VIA SPACE-TRACK.ORG API","2014-05-15T22:54:30","18 SPCS","PAYLOAD B","2013-037B","EARTH","TEME","UTC","SGP4","2014-05-15T19:12:51.144480","14.67512793","0.00061560","98.0389","153.2265","119.4001","240.7813","0","U","39209","999","4396","0.00008365600000","0.00000426","0.0000000000000","7047.160","98.125","673.364","664.687","PAYLOAD","LARGE","PRC","2013-07-19","TSC","","1682736","95936902","0 PAYLOAD B","1 39209U 13037B   14135.80059195  .00000426  00000-0  83656-4 0  9992","2 39209 098.0389 153.2265 0006156 119.4001 240.7813 14.67512793 43962"
"2.0","GENERATED VIA SPACE-TRACK.ORG API","2014-05-15T22:54:47","18 SPCS","PAYLOAD C","2013-037C","EARTH","TEME","UTC","SGP4","2014-05-15T19:58:10.747776","14.94040085","0.00363400","97.6748","152.3354","120.2451","240.2391","0","U","39210","999","4469","-0.00178420000000","-0.00019287","0.0000000000000","6963.495","96.382","610.665","560.054","PAYLOAD","LARGE","PRC","2013-07-19","TSC","","1682737","95936933","0 PAYLOAD C","1 39210U 13037C   14135.83206884 -.00019287  00000-0 -17842-2 0  9995","2 39210 097.6748 152.3354 0036340 120.2451 240.2391 14.94040085 44691"
"2.0","GENERATED VIA SPACE-TRACK.ORG API","2014-05-16T07:27:56","18 SPCS","PAYLOAD C","2013-037C","EARTH","TEME","UTC","SGP4","2014-05-15T21:34:37.306560","14.94038577","0.00362740","97.6748","152.3998","119.9725","240.5142","0","U","39210","999","4470","-0.00178420000000","-0.00019285","0.0000000000000","6963.499","96.383","610.624","560.105","PAYLOAD","LARGE","PRC","2013-07-19","TSC","","1682929","95940038","0 PAYLOAD C","1 39210U 13037C   14135.89904290 -.00019285  00000-0 -17842-2 0  9995","2 39210 097.6748 152.3998 0036274 119.9725 240.5142 14.94038577 44702"
"2.0","GENERATED VIA SPACE-TRACK.ORG API","2014-05-16T07:27:39","18 SPCS","PAYLOAD B","2013-037B","EARTH","TEME","UTC","SGP4","2014-05-16T03:23:46.295519","14.67513735","0.00061310","98.0386","153.5607","119.5462","240.6356","0","U","39209","999","4401","0.00009506600000","0.00000491","0.0000000000000","7047.157","98.125","673.343","664.702","PAYLOAD","LARGE","PRC","2013-07-19","TSC","","1682928","95940006","0 PAYLOAD B","1 39209U 13037B   14136.14150805  .00000491  00000-0  95066-4 0  9990","2 39209 098.0386 153.5607 0006131 119.5462 240.6356 14.67513735 44012"
"2.0","GENERATED VIA SPACE-TRACK.ORG API","2014-05-16T06:29:01","18 SPCS","PAYLOAD A","2013-037A","EARTH","TEME","UTC","SGP4","2014-05-16T04:47:59.631072","14.68107231","0.00098980","98.0389","153.9541","129.4360","230.7719","0","U","39208","999","4405","0.00005419400000","0.00000263","0.0000000000000","7045.258","98.085","674.096","660.150","PAYLOAD","LARGE","PRC","2013-07-19","TSC","","1682839","95937820","0 PAYLOAD A","1 39208U 13037A   14136.19999573  .00000263  00000-0  54194-4 0  9991","2 39208 098.0389 153.9541 0009898 129.4360 230.7719 14.68107231 44053"
"2.0","GENERATED VIA SPACE-TRACK.ORG API","2014-05-16T15:31:28","18 SPCS","PAYLOAD B","2013-037B","EARTH","TEME","UTC","SGP4","2014-05-16T11:34:41.519135","14.67514291","0.00061360","98.0387","153.8953","118.2096","241.9730","0","U","39209","999","4406","0.00010276000000","0.00000535","0.0000000000000","7047.156","98.125","673.345","664.696","PAYLOAD","LARGE","PRC","2013-07-19","TSC","","1683086","95943084","0 PAYLOAD B","1 39209U 13037B   14136.48242499  .00000535  00000-0  10276-3 0  9996","2 39209 098.0387 153.8953 0006136 118.2096 241.9730 14.67514291 44067"
"2.0","GENERATED VIA SPACE-TRACK.ORG API","2014-05-16T13:49:54","18 SPCS","PAYLOAD C","2013-037C","EARTH","TEME","UTC","SGP4","2014-05-16T12:02:36.917088","14.94263572","0.00350070","97.6794","152.9869","115.0027","245.5115","0","U","39210","999","4479","0.00010000000000","0.00001028","0.0000000000000","6962.800","96.368","609.040","560.291","PAYLOAD","LARGE","PRC","2013-07-19","TSC","","1682960","95940260","0 PAYLOAD C","1 39210U 13037C   14136.50181617  .00001028  00000-0  10000-3 0  9998","2 39210 097.6794 152.9869 0035007 115.0027 245.5115 14.94263572 44790"
"2.0","GENERATED VIA SPACE-TRACK.ORG API","2014-05-16T14:46:26","18 SPCS","PAYLOAD A","2013-037A","EARTH","TEME","UTC","SGP4","2014-05-16T12:58:42.969503","14.68108057","0.00099340","98.0389","154.2890","128.2670","231.9451","0","U","39208","999","4410","0.00007162000000","0.00000363","0.0000000000000","7045.255","98.085","674.119","660.122","PAYLOAD","LARGE","PRC","2013-07-19","TSC","","1683006","95941119","0 PAYLOAD A","1 39208U 13037A   14136.54077511  .00000363  00000-0  71620-4 0  9993","2 39208 098.0389 154.2890 0009934 128.2670 231.9451 14.68108057 44105"
"2.0","GENERATED VIA SPACE-TRACK.ORG API","2014-05-16T15:37:00","18 SPCS","PAYLOAD C","2013-037C","EARTH","TEME","UTC","SGP4","2014-05-16T13:39:02.179871","14.94067509","0.00358850","97.6738","153.0543","118.4361","242.0837","0","U","39210","999","4480","0.00010000000000","0.00001023","0.0000000000000","6963.410","96.381","610.263","560.286","PAYLOAD","LARGE","PRC","2013-07-19","TSC","","1683093","95943241","0 PAYLOAD C","1 39210U 13037C   14136.56877523  .00001023  00000-0  10000-3 0  9997","2 39210 097.6738 153.0543 0035885 118.4361 242.0837 14.94067509 44808"
"2.0","GENERATED VIA SPACE-TRACK.ORG API","2014-05-16T18:09:02","18 SPCS","PAYLOAD C","2013-037C","EARTH","TEME","UTC","SGP4","2014-05-16T16:51:55.032191","14.93902923","0.00360740","97.6752","153.1849","116.8544","243.5065","0","U","39210","999","4482","0.00010000000000","0.00001019","0.0000000000000","6963.921","96.391","610.908","560.664","PAYLOAD","LARGE","PRC","2013-07-19","TSC","","1683116","95943267","0 PAYLOAD C","1 39210U 13037C   14136.70272028  .00001019  00000-0  10000-3 0  9997","2 39210 097.6752 153.1849 0036074 116.8544 243.5065 14.93902923 44828"
"2.0","GENERATED VIA SPACE-TRACK.ORG API","2014-05-16T19:07:47","18 SPCS","PAYLOAD C","2013-037C","EARTH","TEME","UTC","SGP4","2014-05-16T16:51:55.032191","14.93902923","0.00360740","97.6752","153.1849","116.8544","243.5065","0","U","39210","999","4482","0.00010000000000","0.00001019","0.0000000000000","6963.921","96.391","610.908","560.664","PAYLOAD","LARGE","PRC","2013-07-19","TSC","","1683120","95943272","0 PAYLOAD C","1 39210U 13037C   14136.70272028  .00001019  00000-0  10000-3 0  9997","2 39210 097.6752 153.1849 0036074 116.8544 243.5065 14.93902923 44828"
"2.0","GENERATED VIA SPACE-TRACK.ORG API","2014-05-16T23:17:56","18 SPCS","PAYLOAD B","2013-037B","EARTH","TEME","UTC","SGP4","2014-05-16T19:45:36.766080","14.67513859","0.00061690","98.0384","154.2303","117.3845","242.7966","0","U","39209","999","4411","0.00008305100000","0.00000423","0.0000000000000","7047.157","98.125","673.369","664.675","PAYLOAD","LARGE","PRC","2013-07-19","TSC","","1683247","95945708","0 PAYLOAD B","1 39209U 13037B   14136.82334220  .00000423  00000-0  83051-4 0  9996","2 39209 098.0384 154.2303 0006169 117.3845 242.7966 14.67513859 44111"
"2.0","GENERATED VIA SPACE-TRACK.ORG API","2014-05-16T22:27:31","18 SPCS","PAYLOAD A","2013-037A","EARTH","TEME","UTC","SGP4","2014-05-16T21:09:26.294976","14.68107883","0.00099530","98.0388","154.6239","127.5782","232.6327","0","U","39208","999","4415","0.00006387900000","0.00000319","0.0000000000000","7045.256","98.085","674.133","660.109","PAYLOAD","LARGE","PRC","2013-07-19","TSC","","1683174","95943935","0 PAYLOAD A","1 39208U 13037A   14136.88155434  .00000319  00000-0  63879-4 0  9999","2 39208 098.0388 154.6239 0009953 127.5782 232.6327 14.68107883 44153"
"2.0","GENERATED VIA SPACE-TRACK.ORG API","2014-05-16T23:18:19","18 SPCS","PAYLOAD C","2013-037C","EARTH","TEME","UTC","SGP4","2014-05-16T21:41:18.394368","14.93915251","0.00364160","97.6761","153.3814","116.3634","244.1405","0","U","39210","999","4485","0.00010000000000","0.00001020","0.0000000000000","6963.883","96.391","611.107","560.388","PAYLOAD","LARGE","PRC","2013-07-19","TSC","","1683249","95945745","0 PAYLOAD C","1 39210U 13037C   14136.90368512  .00001020  00000-0  10000-3 0  9995","2 39210 097.6761 153.3814 0036416 116.3634 244.1405 14.93915251 44853"
"2.0","GENERATED VIA SPACE-TRACK.ORG API","2014-05-17T07:27:39","18 SPCS","PAYLOAD B","2013-037B","EARTH","TEME","UTC","SGP4","2014-05-17T03:56:31.986240","14.67514409","0.00061670","98.0380","154.5649","116.9278","243.2565","0","U","39209","999","4416","0.00008515500000","0.00000435","0.0000000000000","7047.155","98.125","673.366","664.674","PAYLOAD","LARGE","PRC","2013-07-19","TSC","","1683422","95948802","0 PAYLOAD B","1 39209U 13037B   14137.16425910  .00000435  00000-0  85155-4 0  9991","2 39209 098.0380 154.5649 0006167 116.9278 243.2565 14.67514409 44164"
"2.0","GENERATED VIA SPACE-TRACK.ORG API","2014-05-17T06:26:16","18 SPCS","PAYLOAD A","2013-037A","EARTH","TEME","UTC","SGP4","2014-05-17T05:20:09.623903","14.68108010","0.00099530","98.0389","154.9588","126.3880","233.8242","0","U","39208","999","4420","0.00005972900000","0.00000295","0.0000000000000","7045.256","98.085","674.133","660.108","PAYLOAD","LARGE","PRC","2013-07-19","TSC","","1683329","95946539","0 PAYLOAD A","1 39208U 13037A   14137.22233361  .00000295  00000-0  59729-4 0  9996","2 39208 098.0389 154.9588 0009953 126.3880 233.8242 14.68108010 44208"
"2.0","GENERATED VIA SPACE-TRACK.ORG API","2014-05-17T07:28:20","18 SPCS","PAYLOAD C","2013-037C","EARTH","TEME","UTC","SGP4","2014-05-17T05:43:33.499488","14.93916663","0.00364620","97.6757","153.7089","115.2980","245.1994","0","U","39210","999","4490","0.00010000000000","0.00001020","0.0000000000000","6963.878","96.390","611.135","560.352","PAYLOAD","LARGE","PRC","2013-07-19","TSC","","1683424","95948844","0 PAYLOAD C","1 39210U 13037C   14137.23858217  .00001020  00000-0  10000-3 0  9998","2 39210 097.6757 153.7089 0036462 115.2980 245.1994 14.93916663 44907"
"2.0","GENERATED VIA SPACE-TRACK.ORG API","2014-05-17T14:36:57","18 SPCS","PAYLOAD A","2013-037A","EARTH","TEME","UTC","SGP4","2014-05-17T11:52:44.284799","14.68108168","0.00099600","98.0388","155.2266","125.5284","234.6850","0","U","39208","999","4424","0.00005880500000","0.00000290","0.0000000000000","7045.255","98.085","674.137","660.103","PAYLOAD","LARGE","PRC","2013-07-19","TSC","","1683514","95950019","0 PAYLOAD A","1 39208U 13037A   14137.49495700  .00000290  00000-0  58805-4 0  9991","2 39208 098.0388 155.2266 0009960 125.5284 234.6850 14.68108168 44243"
"2.0","GENERATED VIA SPACE-TRACK.ORG API","2014-05-17T15:29:03","18 SPCS","PAYLOAD B","2013-037B","EARTH","TEME","UTC","SGP4","2014-05-17T12:07:27.160608","14.67515269","0.00062050","98.0379","154.8997","116.1484","244.0370","0","U","39209","999","4421","0.00010129000000","0.00000526","0.0000000000000","7047.152","98.125","673.390","664.645","PAYLOAD","LARGE","PRC","2013-07-19","TSC","","1683595","95951905","0 PAYLOAD B","1 39209U 13037B   14137.50517547  .00000526  00000-0  10129-3 0  9996","2 39209 098.0379 154.8997 0006205 116.1484 244.0370 14.67515269 44219"
"2.0","GENERATED VIA SPACE-TRACK.ORG API","2014-05-17T15:30:25","18 SPCS","PAYLOAD C","2013-037C","EARTH","TEME","UTC","SGP4","2014-05-17T12:09:21.897215","14.93913425","0.00361800","97.6762","153.9713","114.2993","246.1996","0","U","39210","999","4494","0.00010000000000","0.00001019","0.0000000000000","6963.888","96.391","610.949","560.558","PAYLOAD","LARGE","PRC","2013-07-19","TSC","","1683597","95951949","0 PAYLOAD C","1 39210U 13037C   14137.50650344  .00001019  00000-0  10000-3 0  9997","2 39210 097.6762 153.9713 0036180 114.2993 246.1996 14.93913425 44949"
"2.0","GENERATED VIA SPACE-TRACK.ORG API","2014-05-17T22:32:45","18 SPCS","PAYLOAD A","2013-037A","EARTH","TEME","UTC","SGP4","2014-05-17T20:03:27.492768","14.68109548","0.00099930","98.0384","155.5617","124.6334","235.5822","0","U","39208","999","4429","0.00008564600000","0.00000444","0.0000000000000","7045.251","98.085","674.156","660.075","PAYLOAD","LARGE","PRC","2013-07-19","TSC","","1683682","95952679","0 PAYLOAD A","1 39208U 13037A   14137.83573487  .00000444  00000-0  85646-4 0  9992","2 39208 098.0384 155.5617 0009993 124.6334 235.5822 14.68109548 44291"
"2.0","GENERATED VIA SPACE-TRACK.ORG API","2014-05-17T23:20:23","18 SPCS","PAYLOAD B","2013-037B","EARTH","TEME","UTC","SGP4","2014-05-17T20:18:22.348799","14.67514906","0.00062450","98.0380","155.2343","115.5793","244.6033","0","U","39209","999","4426","0.00008299200000","0.00000423","0.0000000000000","7047.154","98.125","673.420","664.618","PAYLOAD","LARGE","PRC","2013-07-19","TSC","","1683766","95954586","0 PAYLOAD B","1 39209U 13037B   14137.84609200  .00000423  00000-0  82992-4 0  9995","2 39209 098.0380 155.2343 0006245 115.5793 244.6033 14.67514906 44265"
"2.0","GENERATED VIA SPACE-TRACK.ORG API","2014-05-17T23:21:40","18 SPCS","PAYLOAD C","2013-037C","EARTH","TEME","UTC","SGP4","2014-05-17T21:48:04.523615","14.93911268","0.00364290","97.6759","154.3639","112.9994","247.5075","0","U","39210","999","4500","0.00010000000000","0.00001020","0.0000000000000","6963.895","96.391","611.129","560.391","PAYLOAD","LARGE","PRC","2013-07-19","TSC","","1683768","95954623","0 PAYLOAD C","1 39210U 13037C   14137.90838569  .00001020  00000-0  10000-3 0  9990","2 39210 097.6759 154.3639 0036429 112.9994 247.5075 14.93911268 45003"
"2.0","GENERATED VIA SPACE-TRACK.ORG API","2014-05-18T07:41:13","18 SPCS","PAYLOAD C","2013-037C","EARTH","TEME","UTC","SGP4","2014-05-18T04:13:52.764096","14.93912450","0.00364240","97.6756","154.6257","112.1966","248.3125","0","U","39210","999","4504","0.00010000000000","0.00001020","0.0000000000000","6963.891","96.391","611.122","560.391","PAYLOAD","LARGE","PRC","2013-07-19","TSC","","1683957","95957568","0 PAYLOAD C","1 39210U 13037C   14138.17630514  .00001020  00000-0  10000-3 0  9990","2 39210 097.6756 154.6257 0036424 112.1966 248.3125 14.93912450 45048"
"2.0","GENERATED VIA SPACE-TRACK.ORG API","2014-05-18T06:24:04","18 SPCS","PAYLOAD A","2013-037A","EARTH","TEME","UTC","SGP4","2014-05-18T04:14:10.739616","14.68110224","0.00099990","98.0383","155.8965","123.7629","236.4535","0","U","39208","999","4434","0.00009365800000","0.00000490","0.0000000000000","7045.248","98.085","674.158","660.069","PAYLOAD","LARGE","PRC","2013-07-19","TSC","","1683867","95955334","0 PAYLOAD A","1 39208U 13037A   14138.17651319  .00000490  00000-0  93658-4 0  9994","2 39208 098.0383 155.8965 0009999 123.7629 236.4535 14.68110224 44342"
"2.0","GENERATED VIA SPACE-TRACK.ORG API","2014-05-18T07:39:59","18 SPCS","PAYLOAD B","2013-037B","EARTH","TEME","UTC","SGP4","2014-05-18T04:29:17.564640","14.67515416","0.00062520","98.0377","155.5689","114.5468","245.6387","0","U","39209","999","4431","0.00008667800000","0.00000444","0.0000000000000","7047.152","98.125","673.423","664.611","PAYLOAD","LARGE","PRC","2013-07-19","TSC","","1683955","95957520","0 PAYLOAD B","1 39209U 13037B   14138.18700885  .00000444  00000-0  86678-4 0  9992","2 39209 098.0377 155.5689 0006252 114.5468 245.6387 14.67515416 44319"
"2.0","GENERATED VIA SPACE-TRACK.ORG API","2014-05-18T14:33:18","18 SPCS","PAYLOAD A","2013-037A","EARTH","TEME","UTC","SGP4","2014-05-18T10:46:45.363359","14.68110611","0.00100190","98.0388","156.1650","122.7832","237.4349","0","U","39208","999","4438","0.00009631400000","0.00000505","0.0000000000000","7045.247","98.085","674.171","660.054","PAYLOAD","LARGE","PRC","2013-07-19","TSC","","1684037","95958639","0 PAYLOAD A","1 39208U 13037A   14138.44913615  .00000505  00000-0  96314-4 0  9993","2 39208 098.0388 156.1650 0010019 122.7832 237.4349 14.68110611 44380"
"2.0","GENERATED VIA SPACE-TRACK.ORG API","2014-05-18T15:38:38","18 SPCS","PAYLOAD B","2013-037B","EARTH","TEME","UTC","SGP4","2014-05-18T11:02:01.724352","14.67515587","0.00062820","98.0383","155.8376","113.5471","246.6399","0","U","39209","999","4435","0.00007984500000","0.00000405","0.0000000000000","7047.151","98.125","673.443","664.589","PAYLOAD","LARGE","PRC","2013-07-19","TSC","","1684136","95960876","0 PAYLOAD B","1 39209U 13037B   14138.45974218  .00000405  00000-0  79845-4 0  9990","2 39209 098.0383 155.8376 0006282 113.5471 246.6399 14.67515587 44355"
"2.0","GENERATED VIA SPACE-TRACK.ORG API","2014-05-18T15:39:51","18 SPCS","PAYLOAD C","2013-037C","EARTH","TEME","UTC","SGP4","2014-05-18T12:16:08.092992","14.93913103","0.00364010","97.6764","154.9538","110.9125","249.5976","0","U","39210","999","4509","0.00010000000000","0.00001020","0.0000000000000","6963.889","96.391","611.104","560.405","PAYLOAD","LARGE","PRC","2013-07-19","TSC","","1684138","95960915","0 PAYLOAD C","1 39210U 13037C   14138.51120478  .00001020  00000-0  10000-3 0  9991","2 39210 097.6764 154.9538 0036401 110.9125 249.5976 14.93913103 45098"
"2.0","GENERATED VIA SPACE-TRACK.ORG API","2014-05-18T23:21:32","18 SPCS","PAYLOAD B","2013-037B","EARTH","TEME","UTC","SGP4","2014-05-18T19:12:56.927231","14.67514897","0.00063400","98.0385","156.1722","112.6843","247.5014","0","U","39209","999","4440","0.00004242700000","0.00000193","0.0000000000000","7047.154","98.125","673.487","664.551","PAYLOAD","LARGE","PRC","2013-07-19","TSC","","1684294","95963564","0 PAYLOAD B","1 39209U 13037B   14138.80065888  .00000193  00000-0  42427-4 0  9993","2 39209 098.0385 156.1722 0006340 112.6843 247.5014 14.67514897 44407"
"2.0","GENERATED VIA SPACE-TRACK.ORG API","2014-05-18T23:21:49","18 SPCS","PAYLOAD C","2013-037C","EARTH","TEME","UTC","SGP4","2014-05-18T20:18:23.512607","14.93913216","0.00364970","97.6762","155.2810","109.9360","250.5800","0","U","39210","999","4514","0.00010000000000","0.00001020","0.0000000000000","6963.889","96.391","611.170","560.338","PAYLOAD","LARGE","PRC","2013-07-19","TSC","","1684295","95963598","0 PAYLOAD C","1 39210U 13037C   14138.84610547  .00001020  00000-0  10000-3 0  9998","2 39210 097.6762 155.2810 0036497 109.9360 250.5800 14.93913216 45146"
"2.0","GENERATED VIA SPACE-TRACK.ORG API","2014-05-18T22:26:18","18 SPCS","PAYLOAD A","2013-037A","EARTH","TEME","UTC","SGP4","2014-05-18T20:35:37.321439","14.68109607","0.00101240","98.0386","156.5669","122.0932","238.1235","0","U","39208","999","4444","0.00005601100000","0.00000274","0.0000000000000","7045.250","98.085","674.248","659.983","PAYLOAD","LARGE","PRC","2013-07-19","TSC","","1684197","95961730","0 PAYLOAD A","1 39208U 13037A   14138.85807085  .00000274  00000-0  56011-4 0  9994","2 39208 098.0386 156.5669 0010124 122.0932 238.1235 14.68109607 44445"
"2.0","GENERATED VIA SPACE-TRACK.ORG API","2014-05-19T06:19:56","18 SPCS","PAYLOAD A","2013-037A","EARTH","TEME","UTC","SGP4","2014-05-19T03:08:11.984927","14.68110363","0.00101010","98.0390","156.8352","120.7876","239.4328","0","U","39208","999","4448","0.00008187600000","0.00000422","0.0000000000000","7045.248","98.085","674.229","659.997","PAYLOAD","LARGE","PRC","2013-07-19","TSC","","1684364","95964125","0 PAYLOAD A","1 39208U 13037A   14139.13069427  .00000422  00000-0  81876-4 0  9998","2 39208 098.0390 156.8352 0010101 120.7876 239.4328 14.68110363 44481"
"2.0","GENERATED VIA SPACE-TRACK.ORG API","2014-05-19T06:19:56","18 SPCS","PAYLOAD B","2013-037B","EARTH","TEME","UTC","SGP4","2014-05-19T03:23:52.124063","14.67515530","0.00063420","98.0382","156.5068","112.1357","248.0529","0","U","39209","999","4445","0.00005559500000","0.00000267","0.0000000000000","7047.152","98.125","673.486","664.547","PAYLOAD","LARGE","PRC","2013-07-19","TSC","","1684364","95964124","0 PAYLOAD B","1 39209U 13037B   14139.14157551  .00000267  00000-0  55595-4 0  9992","2 39209 098.0382 156.5068 0006342 112.1357 248.0529 14.67515530 44455"
"2.0","GENERATED VIA SPACE-TRACK.ORG API","2014-05-19T06:19:56","18 SPCS","PAYLOAD C","2013-037C","EARTH","TEME","UTC","SGP4","2014-05-19T04:20:38.798304","14.93914156","0.00364860","97.6760","155.6081","108.9091","251.6091","0","U","39210","999","4519","0.00010000000000","0.00001020","0.0000000000000","6963.886","96.391","611.160","560.343","PAYLOAD","LARGE","PRC","2013-07-19","TSC","","1684364","95964126","0 PAYLOAD C","1 39210U 13037C   14139.18100461  .00001020  00000-0  10000-3 0  9995","2 39210 097.6760 155.6081 0036486 108.9091 251.6091 14.93914156 45199"
"2.0","GENERATED VIA SPACE-TRACK.ORG API","2014-05-19T14:40:53","18 SPCS","PAYLOAD A","2013-037A","EARTH","TEME","UTC","SGP4","2014-05-19T11:18:55.243008","14.68110781","0.00100540","98.0393","157.1701","119.1827","241.0376","0","U","39208","999","4453","0.00008511200000","0.00000441","0.0000000000000","7045.247","98.085","674.195","660.028","PAYLOAD","LARGE","PRC","2013-07-19","TSC","","1684526","95967657","0 PAYLOAD A","1 39208U 13037A   14139.47147272  .00000441  00000-0  85112-4 0  9998","2 39208 098.0393 157.1701 0010054 119.1827 241.0376 14.68110781 44533"
"2.0","GENERATED VIA SPACE-TRACK.ORG API","2014-05-19T15:34:35","18 SPCS","PAYLOAD B","2013-037B","EARTH","TEME","UTC","SGP4","2014-05-19T11:34:47.243136","14.67516592","0.00062930","98.0386","156.8414","110.7238","249.4634","0","U","39209","999","4450","0.00009114800000","0.00000469","0.0000000000000","7047.148","98.124","673.448","664.578","PAYLOAD","LARGE","PRC","2013-07-19","TSC","","1684619","95969531","0 PAYLOAD B","1 39209U 13037B   14139.48249124  .00000469  00000-0  91148-4 0  9995","2 39209 098.0386 156.8414 0006293 110.7238 249.4634 14.67516592 44501"
"2.0","GENERATED VIA SPACE-TRACK.ORG API","2014-05-19T15:36:54","18 SPCS","PAYLOAD C","2013-037C","EARTH","TEME","UTC","SGP4","2014-05-19T12:22:54.084863","14.93914926","0.00365320","97.6762","155.9353","107.7978","252.7225","0","U","39210","999","4524","0.00010000000000","0.00001020","0.0000000000000","6963.884","96.391","611.189","560.308","PAYLOAD","LARGE","PRC","2013-07-19","TSC","","1684623","95969628","0 PAYLOAD C","1 39210U 13037C   14139.51590376  .00001020  00000-0  10000-3 0  9990","2 39210 097.6762 155.9353 0036532 107.7978 252.7225 14.93914926 45241"
"2.0","GENERATED VIA SPACE-TRACK.ORG API","2014-05-19T22:26:21","18 SPCS","PAYLOAD A","2013-037A","EARTH","TEME","UTC","SGP4","2014-05-19T19:29:38.612543","14.68109436","0.00100990","98.0392","157.5052","118.4141","241.8105","0","U","39208","999","4458","0.00001015000000","0.00000010","0.0000000000000","7045.251","98.085","674.231","660.001","PAYLOAD","LARGE","PRC","2013-07-19","TSC","","1684746","95970468","0 PAYLOAD A","1 39208U 13037A   14139.81225246  .00000010  00000-0  10150-4 0  9996","2 39208 098.0392 157.5052 0010099 118.4141 241.8105 14.68109436 44583"
"2.0","GENERATED VIA SPACE-TRACK.ORG API","2014-05-19T23:13:32","18 SPCS","PAYLOAD B","2013-037B","EARTH","TEME","UTC","SGP4","2014-05-19T19:45:42.476256","14.67516157","0.00063400","98.0389","157.1761","110.1529","250.0359","0","U","39209","999","4455","0.00007221000000","0.00000362","0.0000000000000","7047.150","98.124","673.483","664.547","PAYLOAD","LARGE","PRC","2013-07-19","TSC","","1684819","95972160","0 PAYLOAD B","1 39209U 13037B   14139.82340829  .00000362  00000-0  72210-4 0  9998","2 39209 098.0389 157.1761 0006340 110.1529 250.0359 14.67516157 44557"
"2.0","GENERATED VIA SPACE-TRACK.ORG API","2014-05-19T23:14:42","18 SPCS","PAYLOAD C","2013-037C","EARTH","TEME","UTC","SGP4","2014-05-19T20:25:09.423263","14.93915390","0.00366010","97.6759","156.2622","106.7134","253.8108","0","U","39210","999","4529","0.00010000000000","0.00001020","0.0000000000000","6963.882","96.391","611.236","560.259","PAYLOAD","LARGE","PRC","2013-07-19","TSC","","1684820","95972195","0 PAYLOAD C","1 39210U 13037C   14139.85080351  .00001020  00000-0  10000-3 0  9994","2 39210 097.6759 156.2622 0036601 106.7134 253.8108 14.93915390 45293"
"2.0","GENERATED VIA SPACE-TRACK.ORG API","2014-05-20T06:44:08","18 SPCS","PAYLOAD A","2013-037A","EARTH","TEME","UTC","SGP4","2014-05-20T03:40:21.786816","14.68110850","0.00101340","98.0391","157.8398","117.9369","242.2879","0","U","39208","999","4463","0.00005880400000","0.00000290","0.0000000000000","7045.246","98.085","674.251","659.972","PAYLOAD","LARGE","PRC","2013-07-19","TSC","","1684926","95973075","0 PAYLOAD A","1 39208U 13037A   14140.15302994  .00000290  00000-0  58804-4 0  9999","2 39208 098.0391 157.8398 0010134 117.9369 242.2879 14.68110850 44635"
"2.0","GENERATED VIA SPACE-TRACK.ORG API","2014-05-20T08:09:55","18 SPCS","PAYLOAD B","2013-037B","EARTH","TEME","UTC","SGP4","2014-05-20T03:56:37.610880","14.67516781","0.00063230","98.0388","157.5116","108.8955","251.2944","0","U","39209","999","4460","0.00006932600000","0.00000345","0.0000000000000","7047.148","98.124","673.469","664.557","PAYLOAD","LARGE","PRC","2013-07-19","TSC","","1685017","95975251","0 PAYLOAD B","1 39209U 13037B   14140.16432420  .00000345  00000-0  69326-4 0  9991","2 39209 098.0388 157.5116 0006323 108.8955 251.2944 14.67516781 44604"
"2.0","GENERATED VIA SPACE-TRACK.ORG API","2014-05-20T08:10:14","18 SPCS","PAYLOAD C","2013-037C","EARTH","TEME","UTC","SGP4","2014-05-20T04:27:24.638976","14.93916318","0.00366440","97.6758","156.5897","105.8316","254.6949","0","U","39210","999","4534","0.00010000000000","0.00001020","0.0000000000000","6963.879","96.390","611.263","560.226","PAYLOAD","LARGE","PRC","2013-07-19","TSC","","1685018","95975287","0 PAYLOAD C","1 39210U 13037C   14140.18570184  .00001020  00000-0  10000-3 0  9990","2 39210 097.6758 156.5897 0036644 105.8316 254.6949 14.93916318 45347"
"2.0","GENERATED VIA SPACE-TRACK.ORG API","2014-05-20T14:40:29","18 SPCS","PAYLOAD A","2013-037A","EARTH","TEME","UTC","SGP4","2014-05-20T11:51:05.018975","14.68111112","0.00101450","98.0393","158.1749","116.7773","243.4476","0","U","39208","999","4468","0.00005555700000","0.00000271","0.0000000000000","7045.246","98.085","674.258","659.963","PAYLOAD","LARGE","PRC","2013-07-19","TSC","","1685090","95976412","0 PAYLOAD A","1 39208U 13037A   14140.49380809  .00000271  00000-0  55557-4 0  9998","2 39208 098.0393 158.1749 0010145 116.7773 243.4476 14.68111112 44682"
"2.0","GENERATED VIA SPACE-TRACK.ORG API","2014-05-20T15:34:38","18 SPCS","PAYLOAD B","2013-037B","EARTH","TEME","UTC","SGP4","2014-05-20T12:07:32.764511","14.67516874","0.00063070","98.0390","157.8465","107.8001","252.3895","0","U","39209","999","4465","0.00006085000000","0.00000297","0.0000000000000","7047.147","98.124","673.457","664.568","PAYLOAD","LARGE","PRC","2013-07-19","TSC","","1685170","95978227","0 PAYLOAD B","1 39209U 13037B   14140.50524033  .00000297  00000-0  60850-4 0  9990","2 39209 098.0390 157.8465 0006307 107.8001 252.3895 14.67516874 44655"
"2.0","GENERATED VIA SPACE-TRACK.ORG API","2014-05-20T15:31:41","18 SPCS","PAYLOAD C","2013-037C","EARTH","TEME","UTC","SGP4","2014-05-20T12:29:39.517727","14.93919881","0.00376900","97.6761","156.9162","105.5786","254.9600","0","U","39210","999","4539","0.00010000000000","0.00001021","0.0000000000000","6963.868","96.390","611.980","559.486","PAYLOAD","LARGE","PRC","2013-07-19","TSC","","1685164","95978116","0 PAYLOAD C","1 39210U 13037C   14140.52059627  .00001021  00000-0  10000-3 0  9993","2 39210 097.6761 156.9162 0037690 105.5786 254.9600 14.93919881 45390"
"2.0","GENERATED VIA SPACE-TRACK.ORG API","2014-05-20T22:22:29","18 SPCS","PAYLOAD A","2013-037A","EARTH","TEME","UTC","SGP4","2014-05-20T20:01:48.262368","14.68111367","0.00102430","98.0395","158.5106","116.5187","243.7059","0","U","39208","999","4473","0.00008009400000","0.00000412","0.0000000000000","7045.245","98.085","674.326","659.893","PAYLOAD","LARGE","PRC","2013-07-19","TSC","","1685276","95978863","0 PAYLOAD A","1 39208U 13037A   14140.83458637  .00000412  00000-0  80094-4 0  9992","2 39208 098.0395 158.5106 0010243 116.5187 243.7059 14.68111367 44739"
"2.0","GENERATED VIA SPACE-TRACK.ORG API","2014-05-20T23:08:57","18 SPCS","PAYLOAD B","2013-037B","EARTH","TEME","UTC","SGP4","2014-05-20T20:18:27.931967","14.67517110","0.00063450","98.0391","158.1814","107.1498","253.0394","0","U","39209","999","4470","0.00007904100000","0.00000400","0.0000000000000","7047.147","98.124","673.483","664.540","PAYLOAD","LARGE","PRC","2013-07-19","TSC","","1685351","95980578","0 PAYLOAD B","1 39209U 13037B   14140.84615662  .00000400  00000-0  79041-4 0  9994","2 39209 098.0391 158.1814 0006345 107.1498 253.0394 14.67517110 44705"
"2.0","GENERATED VIA SPACE-TRACK.ORG API","2014-05-20T23:09:44","18 SPCS","PAYLOAD C","2013-037C","EARTH","TEME","UTC","SGP4","2014-05-20T20:31:54.332543","14.93925091","0.00377900","97.6763","157.2443","104.8893","255.6664","0","U","39210","999","4544","0.00010000000000","0.00001021","0.0000000000000","6963.852","96.390","612.034","559.401","PAYLOAD","LARGE","PRC","2013-07-19","TSC","","1685352","95980603","0 PAYLOAD C","1 39210U 13037C   14140.85548996  .00001021  00000-0  10000-3 0  9991","2 39210 097.6763 157.2443 0037790 104.8893 255.6664 14.93925091 45444"
"2.0","GENERATED VIA SPACE-TRACK.ORG API","2014-05-21T06:27:40","18 SPCS","PAYLOAD A","2013-037A","EARTH","TEME","UTC","SGP4","2014-05-21T04:12:31.524768","14.68111715","0.00102420","98.0395","158.8453","115.4178","244.8088","0","U","39208","999","4478","0.00008204400000","0.00000423","0.0000000000000","7045.244","98.085","674.324","659.893","PAYLOAD","LARGE","PRC","2013-07-19","TSC","","1685419","95981369","0 PAYLOAD A","1 39208U 13037A   14141.17536487  .00000423  00000-0  82044-4 0  9999","2 39208 098.0395 158.8453 0010242 115.4178 244.8088 14.68111715 44780"
"2.0","GENERATED VIA SPACE-TRACK.ORG API","2014-05-21T07:38:21","18 SPCS","PAYLOAD B","2013-037B","EARTH","TEME","UTC","SGP4","2014-05-21T04:29:23.085599","14.67517418","0.00063500","98.0392","158.5158","105.9412","254.2493","0","U","39209","999","4475","0.00007278100000","0.00000365","0.0000000000000","7047.146","98.124","673.486","664.536","PAYLOAD","LARGE","PRC","2013-07-19","TSC","","1685520","95983746","0 PAYLOAD B","1 39209U 13037B   14141.18707275  .00000365  00000-0  72781-4 0  9998","2 39209 098.0392 158.5158 0006350 105.9412 254.2493 14.67517418 44758"
"2.0","GENERATED VIA SPACE-TRACK.ORG API","2014-05-21T07:39:38","18 SPCS","PAYLOAD C","2013-037C","EARTH","TEME","UTC","SGP4","2014-05-21T04:34:08.923583","14.93927323","0.00375070","97.6760","157.5720","104.0615","256.4779","0","U","39210","999","4549","0.00010000000000","0.00001021","0.0000000000000","6963.845","96.390","611.829","559.591","PAYLOAD","LARGE","PRC","2013-07-19","TSC","","1685523","95983795","0 PAYLOAD C","1 39210U 13037C   14141.19038106  .00001021  00000-0  10000-3 0  9996","2 39210 097.6760 157.5720 0037507 104.0615 256.4779 14.93927323 45493"
"2.0","GENERATED VIA SPACE-TRACK.ORG API","2014-05-21T15:54:18","18 SPCS","PAYLOAD B","2013-037B","EARTH","TEME","UTC","SGP4","2014-05-21T11:02:07.215936","14.67517345","0.00063610","98.0394","158.7838","105.2630","254.9284","0","U","39209","999","4479","0.00005742000000","0.00000278","0.0000000000000","7047.146","98.124","673.494","664.528","PAYLOAD","LARGE","PRC","2013-07-19","TSC","","1685639","95985841","0 PAYLOAD B","1 39209U 13037B   14141.45980574  .00000278  00000-0  57420-4 0  9999","2 39209 098.0394 158.7838 0006361 105.2630 254.9284 14.67517345 44792"
"2.0","GENERATED VIA SPACE-TRACK.ORG API","2014-05-21T14:53:55","18 SPCS","PAYLOAD A","2013-037A","EARTH","TEME","UTC","SGP4","2014-05-21T12:23:14.772479","14.68111733","0.00102520","98.0397","159.1801","114.3876","245.8399","0","U","39208","999","4483","0.00006883900000","0.00000347","0.0000000000000","7045.244","98.085","674.331","659.886","PAYLOAD","LARGE","PRC","2013-07-19","TSC","","1685578","95984500","0 PAYLOAD A","1 39208U 13037A   14141.51614320  .00000347  00000-0  68839-4 0  9991","2 39208 098.0397 159.1801 0010252 114.3876 245.8399 14.68111733 44839"
"2.0","GENERATED VIA SPACE-TRACK.ORG API","2014-05-21T13:46:32","18 SPCS","PAYLOAD C","2013-037C","EARTH","TEME","UTC","SGP4","2014-05-21T12:36:23.791103","14.93942041","0.00370450","97.6763","157.8988","101.3706","259.2089","0","U","39210","999","4554","0.00010000000000","0.00001021","0.0000000000000","6963.799","96.389","611.462","559.867","PAYLOAD","LARGE","PRC","2013-07-19","TSC","","1685554","95984055","0 PAYLOAD C","1 39210U 13037C   14141.52527536  .00001021  00000-0  10000-3 0  9993","2 39210 097.6763 157.8988 0037045 101.3706 259.2089 14.93942041 45548"
"2.0","GENERATED VIA SPACE-TRACK.ORG API","2014-05-21T23:28:44","18 SPCS","PAYLOAD B","2013-037B","EARTH","TEME","UTC","SGP4","2014-05-21T19:13:02.431775","14.67516594","0.00063710","98.0395","159.1187","104.5407","255.6519","0","U","39209","999","4484","0.00002419200000","0.00000089","0.0000000000000","7047.148","98.124","673.503","664.524","PAYLOAD","LARGE","PRC","2013-07-19","TSC","","1685809","95989009","0 PAYLOAD B","1 39209U 13037B   14141.80072259  .00000089  00000-0  24192-4 0  9990","2 39209 098.0395 159.1187 0006371 104.5407 255.6519 14.67516594 44840"
"2.0","GENERATED VIA SPACE-TRACK.ORG API","2014-05-21T22:28:40","18 SPCS","PAYLOAD A","2013-037A","EARTH","TEME","UTC","SGP4","2014-05-21T20:33:58.064256","14.68111276","0.00102700","98.0395","159.5146","113.5457","246.6836","0","U","39208","999","4488","0.00004224500000","0.00000195","0.0000000000000","7045.245","98.085","674.346","659.875","PAYLOAD","LARGE","PRC","2013-07-19","TSC","","1685716","95986793","0 PAYLOAD A","1 39208U 13037A   14141.85692204  .00000195  00000-0  42245-4 0  9999","2 39208 098.0395 159.5146 0010270 113.5457 246.6836 14.68111276 44881"
"2.0","GENERATED VIA SPACE-TRACK.ORG API","2014-05-21T23:30:02","18 SPCS","PAYLOAD C","2013-037C","EARTH","TEME","UTC","SGP4","2014-05-21T20:38:38.770944","14.93931235","0.00373430","97.6762","158.2269","100.8247","259.7179","0","U","39210","999","4559","0.00010000000000","0.00001021","0.0000000000000","6963.833","96.389","611.703","559.693","PAYLOAD","LARGE","PRC","2013-07-19","TSC","","1685811","95989055","0 PAYLOAD C","1 39210U 13037C   14141.86017096  .00001021  00000-0  10000-3 0  9995","2 39210 097.6762 158.2269 0037343 100.8247 259.7179 14.93931235 45592"
"2.0","GENERATED VIA SPACE-TRACK.ORG API","2014-05-22T07:15:29","18 SPCS","PAYLOAD B","2013-037B","EARTH","TEME","UTC","SGP4","2014-05-22T03:23:57.504191","14.67517759","0.00063440","98.0392","159.4532","103.7386","256.4529","0","U","39209","999","4489","0.00006277300000","0.00000308","0.0000000000000","7047.145","98.124","673.480","664.539","PAYLOAD","LARGE","PRC","2013-07-19","TSC","","1685979","95991630","0 PAYLOAD B","1 39209U 13037B   14142.14163778  .00000308  00000-0  62773-4 0  9996","2 39209 098.0392 159.4532 0006344 103.7386 256.4529 14.67517759 44890"
"2.0","GENERATED VIA SPACE-TRACK.ORG API","2014-05-22T07:16:35","18 SPCS","PAYLOAD C","2013-037C","EARTH","TEME","UTC","SGP4","2014-05-22T04:40:53.671295","14.93933322","0.00374850","97.6765","158.5537","99.3658","261.1814","0","U","39210","999","4564","0.00010000000000","0.00001021","0.0000000000000","6963.827","96.389","611.795","559.588","PAYLOAD","LARGE","PRC","2013-07-19","TSC","","1685981","95991666","0 PAYLOAD C","1 39210U 13037C   14142.19506564  .00001021  00000-0  10000-3 0  9995","2 39210 097.6765 158.5537 0037485 099.3658 261.1814 14.93933322 45649"
"2.0","GENERATED VIA SPACE-TRACK.ORG API","2014-05-22T06:28:32","18 SPCS","PAYLOAD A","2013-037A","EARTH","TEME","UTC","SGP4","2014-05-22T04:44:41.270495","14.68111797","0.00102630","98.0395","159.8491","112.6353","247.5946","0","U","39208","999","4493","0.00004994300000","0.00000239","0.0000000000000","7045.243","98.085","674.339","659.878","PAYLOAD","LARGE","PRC","2013-07-19","TSC","","1685908","95989888","0 PAYLOAD A","1 39208U 13037A   14142.19769989  .00000239  00000-0  49943-4 0  9993","2 39208 098.0395 159.8491 0010263 112.6353 247.5946 14.68111797 44930"
"2.0","GENERATED VIA SPACE-TRACK.ORG API","2014-05-22T15:52:54","18 SPCS","PAYLOAD C","2013-037C","EARTH","TEME","UTC","SGP4","2014-05-22T11:06:41.557536","14.93933573","0.00369990","97.6762","158.8154","98.9121","261.6264","0","U","39210","999","4568","0.00010000000000","0.00001021","0.0000000000000","6963.826","96.389","611.456","559.925","PAYLOAD","LARGE","PRC","2013-07-19","TSC","","1686143","95994843","0 PAYLOAD C","1 39210U 13037C   14142.46298099  .00001021  00000-0  10000-3 0  9996","2 39210 097.6762 158.8154 0036999 098.9121 261.6264 14.93933573 45689"
"2.0","GENERATED VIA SPACE-TRACK.ORG API","2014-05-22T14:25:12","18 SPCS","PAYLOAD A","2013-037A","EARTH","TEME","UTC","SGP4","2014-05-22T11:17:15.833759","14.68112625","0.00102770","98.0398","160.1172","111.7187","248.5127","0","U","39208","999","4497","0.00007441300000","0.00000380","0.0000000000000","7045.241","98.085","674.346","659.865","PAYLOAD","LARGE","PRC","2013-07-19","TSC","","1686016","95992199","0 PAYLOAD A","1 39208U 13037A   14142.47032215  .00000380  00000-0  74413-4 0  9996","2 39208 098.0398 160.1172 0010277 111.7187 248.5127 14.68112625 44971"
"2.0","GENERATED VIA SPACE-TRACK.ORG API","2014-05-22T16:15:49","18 SPCS","PAYLOAD B","2013-037B","EARTH","TEME","UTC","SGP4","2014-05-22T11:34:52.612895","14.67518547","0.00063540","98.0394","159.7879","102.6584","257.5343","0","U","39209","999","4494","0.00007892300000","0.00000400","0.0000000000000","7047.142","98.124","673.485","664.529","PAYLOAD","LARGE","PRC","2013-07-19","TSC","","1686160","95995033","0 PAYLOAD B","1 39209U 13037B   14142.48255339  .00000400  00000-0  78923-4 0  9995","2 39209 098.0394 159.7879 0006354 102.6584 257.5343 14.67518547 44946"
"2.0","GENERATED VIA SPACE-TRACK.ORG API","2014-05-22T16:54:50","18 SPCS","PAYLOAD A","2013-037A","EARTH","TEME","UTC","SGP4","2014-05-22T16:11:41.742816","14.68112250","0.00103020","98.0397","160.3175","111.2567","248.9713","0","U","39208","999","4500","0.00005975000000","0.00000295","0.0000000000000","7045.242","98.085","674.365","659.849","PAYLOAD","LARGE","PRC","2013-07-19","TSC","","1686167","95995046","0 PAYLOAD A","1 39208U 13037A   14142.67478869  .00000295  00000-0  59750-4 0  9999","2 39208 098.0397 160.3175 0010302 111.2567 248.9713 14.68112250 45005"
"2.0","GENERATED VIA SPACE-TRACK.ORG API","2014-05-22T22:29:21","18 SPCS","PAYLOAD A","2013-037A","EARTH","TEME","UTC","SGP4","2014-05-22T19:27:59.076288","14.68111914","0.00102770","98.0396","160.4521","110.9291","249.3013","0","U","39208","999","4502","0.00004161000000","0.00000191","0.0000000000000","7045.243","98.085","674.348","659.868","PAYLOAD","LARGE","PRC","2013-07-19","TSC","","1686245","95995619","0 PAYLOAD A","1 39208U 13037A   14142.81110042  .00000191  00000-0  41610-4 0  9992","2 39208 098.0396 160.4521 0010277 110.9291 249.3013 14.68111914 45027"
"2.0","GENERATED VIA SPACE-TRACK.ORG API","2014-05-22T23:09:10","18 SPCS","PAYLOAD B","2013-037B","EARTH","TEME","UTC","SGP4","2014-05-22T19:45:47.773440","14.67518000","0.00063970","98.0391","160.1224","102.0154","258.1766","0","U","39209","999","4499","0.00005339700000","0.00000255","0.0000000000000","7047.144","98.124","673.517","664.501","PAYLOAD","LARGE","PRC","2013-07-19","TSC","","1686307","95997173","0 PAYLOAD B","1 39209U 13037B   14142.82346960  .00000255  00000-0  53397-4 0  9990","2 39209 098.0391 160.1224 0006397 102.0154 258.1766 14.67518000 44992"
"2.0","GENERATED VIA SPACE-TRACK.ORG API","2014-05-22T21:43:36","18 SPCS","PAYLOAD C","2013-037C","EARTH","TEME","UTC","SGP4","2014-05-22T20:45:23.616287","14.93933789","0.00373180","97.6761","159.2081","97.9175","262.6268","0","U","39210","999","4574","0.00010000000000","0.00001021","0.0000000000000","6963.825","96.389","611.678","559.702","PAYLOAD","LARGE","PRC","2013-07-19","TSC","","1686213","95995093","0 PAYLOAD C","1 39210U 13037C   14142.86485667  .00001021  00000-0  10000-3 0  9999","2 39210 097.6761 159.2081 0037318 097.9175 262.6268 14.93933789 45747"
"2.0","GENERATED VIA SPACE-TRACK.ORG API","2014-05-23T07:35:14","18 SPCS","PAYLOAD C","2013-037C","EARTH","TEME","UTC","SGP4","2014-05-23T03:11:11.639903","14.93934308","0.00374790","97.6764","159.4697","96.8283","263.7204","0","U","39210","999","4578","0.00010000000000","0.00001021","0.0000000000000","6963.823","96.389","611.788","559.589","PAYLOAD","LARGE","PRC","2013-07-19","TSC","","1686470","95999966","0 PAYLOAD C","1 39210U 13037C   14143.13277361  .00001021  00000-0  10000-3 0  9990","2 39210 097.6764 159.4697 0037479 096.8283 263.7204 14.93934308 45785"
"2.0","GENERATED VIA SPACE-TRACK.ORG API","2014-05-23T06:26:16","18 SPCS","PAYLOAD A","2013-037A","EARTH","TEME","UTC","SGP4","2014-05-23T03:38:42.311904","14.68112073","0.00102780","98.0396","160.7868","109.8572","250.3741","0","U","39208","999","4507","0.00004139800000","0.00000190","0.0000000000000","7045.243","98.085","674.349","659.866","PAYLOAD","LARGE","PRC","2013-07-19","TSC","","1686387","95997931","0 PAYLOAD A","1 39208U 13037A   14143.15187861  .00000190  00000-0  41398-4 0  9995","2 39208 098.0396 160.7868 0010278 109.8572 250.3741 14.68112073 45076"
"2.0","GENERATED VIA SPACE-TRACK.ORG API","2014-05-23T07:34:14","18 SPCS","PAYLOAD B","2013-037B","EARTH","TEME","UTC","SGP4","2014-05-23T03:56:42.864863","14.67518844","0.00063750","98.0388","160.4568","101.3621","258.8312","0","U","39209","999","4504","0.00007002300000","0.00000349","0.0000000000000","7047.141","98.124","673.499","664.513","PAYLOAD","LARGE","PRC","2013-07-19","TSC","","1686469","95999933","0 PAYLOAD B","1 39209U 13037B   14143.16438501  .00000349  00000-0  70023-4 0  9990","2 39209 098.0388 160.4568 0006375 101.3621 258.8312 14.67518844 45046"
"2.0","GENERATED VIA SPACE-TRACK.ORG API","2014-05-23T15:23:38","18 SPCS","PAYLOAD C","2013-037C","EARTH","TEME","UTC","SGP4","2014-05-23T11:13:26.611968","14.93933503","0.00374540","97.6770","159.7976","96.2776","264.2667","0","U","39210","999","4583","0.00010000000000","0.00001021","0.0000000000000","6963.826","96.389","611.773","559.609","PAYLOAD","LARGE","PRC","2013-07-19","TSC","","1686620","96002704","0 PAYLOAD C","1 39210U 13037C   14143.46766912  .00001021  00000-0  10000-3 0  9991","2 39210 097.6770 159.7976 0037454 096.2776 264.2667 14.93933503 45830"
"2.0","GENERATED VIA SPACE-TRACK.ORG API","2014-05-23T15:22:33","18 SPCS","PAYLOAD B","2013-037B","EARTH","TEME","UTC","SGP4","2014-05-23T12:07:37.937279","14.67519807","0.00063880","98.0398","160.7931","100.1784","260.0151","0","U","39209","999","4509","0.00009795700000","0.00000508","0.0000000000000","7047.138","98.124","673.505","664.501","PAYLOAD","LARGE","PRC","2013-07-19","TSC","","1686619","96002664","0 PAYLOAD B","1 39209U 13037B   14143.50530020  .00000508  00000-0  97957-4 0  9999","2 39209 098.0398 160.7931 0006388 100.1784 260.0151 14.67519807 45096"
"2.0","GENERATED VIA SPACE-TRACK.ORG API","2014-05-23T14:54:04","18 SPCS","PAYLOAD A","2013-037A","EARTH","TEME","UTC","SGP4","2014-05-23T13:27:34.191360","14.68111620","0.00102810","98.0394","161.1881","108.7490","251.4810","0","U","39208","999","4513","0.00002011300000","0.00000067","0.0000000000000","7045.244","98.085","674.352","659.866","PAYLOAD","LARGE","PRC","2013-07-19","TSC","","1686570","96001602","0 PAYLOAD A","1 39208U 13037A   14143.56081240  .00000067  00000-0  20113-4 0  9999","2 39208 098.0394 161.1881 0010281 108.7490 251.4810 14.68111620 45138"
"2.0","GENERATED VIA SPACE-TRACK.ORG API","2014-05-23T16:26:31","18 SPCS","PAYLOAD A","2013-037A","EARTH","TEME","UTC","SGP4","2014-05-23T15:05:42.873215","14.68111411","0.00103110","98.0395","161.2548","108.6452","251.5865","0","U","39208","999","4514","0.00001211700000","0.00000021","0.0000000000000","7045.245","98.085","674.374","659.845","PAYLOAD","LARGE","PRC","2013-07-19","TSC","","1686647","96002916","0 PAYLOAD A","1 39208U 13037A   14143.62896844  .00000021  00000-0  12117-4 0  9995","2 39208 098.0395 161.2548 0010311 108.6452 251.5865 14.68111411 45141"
"2.0","GENERATED VIA SPACE-TRACK.ORG API","2014-05-23T22:28:00","18 SPCS","PAYLOAD A","2013-037A","EARTH","TEME","UTC","SGP4","2014-05-23T18:22:00.182495","14.68112431","0.00103540","98.0400","161.3905","108.8394","251.4016","0","U","39208","999","4516","0.00003175200000","0.00000134","0.0000000000000","7045.241","98.085","674.401","659.812","PAYLOAD","LARGE","PRC","2013-07-19","TSC","","1686771","96003623","0 PAYLOAD A","1 39208U 13037A   14143.76527989  .00000134  00000-0  31752-4 0  9992","2 39208 098.0400 161.3905 0010354 108.8394 251.4016 14.68112431 45162"
"2.0","GENERATED VIA SPACE-TRACK.ORG API","2014-05-23T23:15:58","18 SPCS","PAYLOAD C","2013-037C","EARTH","TEME","UTC","SGP4","2014-05-23T19:15:41.894208","14.93930351","0.00372410","97.6776","160.1251","94.2374","266.3024","0","U","39210","999","4588","0.00010000000000","0.00001021","0.0000000000000","6963.836","96.390","611.635","559.767","PAYLOAD","LARGE","PRC","2013-07-19","TSC","","1686853","96005413","0 PAYLOAD C","1 39210U 13037C   14143.80256822  .00001021  00000-0  10000-3 0  9993","2 39210 097.6776 160.1251 0037241 094.2374 266.3024 14.93930351 45887"
"2.0","GENERATED VIA SPACE-TRACK.ORG API","2014-05-23T23:15:02","18 SPCS","PAYLOAD B","2013-037B","EARTH","TEME","UTC","SGP4","2014-05-23T20:18:33.039072","14.67519041","0.00064560","98.0398","161.1278","99.9540","260.2363","0","U","39209","999","4514","0.00006263700000","0.00000307","0.0000000000000","7047.140","98.124","673.555","664.456","PAYLOAD","LARGE","PRC","2013-07-19","TSC","","1686852","96005379","0 PAYLOAD B","1 39209U 13037B   14143.84621573  .00000307  00000-0  62637-4 0  9994","2 39209 098.0398 161.1278 0006456 099.9540 260.2363 14.67519041 45149"
"2.0","GENERATED VIA SPACE-TRACK.ORG API","2014-05-24T06:38:35","18 SPCS","PAYLOAD A","2013-037A","EARTH","TEME","UTC","SGP4","2014-05-24T02:32:43.208160","14.68114023","0.00103670","98.0401","161.7256","108.1304","252.1045","0","U","39208","999","4521","0.00008852200000","0.00000461","0.0000000000000","7045.236","98.085","674.405","659.797","PAYLOAD","LARGE","PRC","2013-07-19","TSC","","1686941","96006316","0 PAYLOAD A","1 39208U 13037A   14144.10605565  .00000461  00000-0  88522-4 0  9998","2 39208 098.0401 161.7256 0010367 108.1304 252.1045 14.68114023 45219"
"2.0","GENERATED VIA SPACE-TRACK.ORG API","2014-05-24T07:35:06","18 SPCS","PAYLOAD B","2013-037B","EARTH","TEME","UTC","SGP4","2014-05-24T04:29:28.171103","14.67519551","0.00064450","98.0397","161.4624","99.1329","261.0609","0","U","39209","999","4519","0.00006793600000","0.00000337","0.0000000000000","7047.139","98.124","673.546","664.462","PAYLOAD","LARGE","PRC","2013-07-19","TSC","","1687021","96008319","0 PAYLOAD B","1 39209U 13037B   14144.18713161  .00000337  00000-0  67936-4 0  9997","2 39209 098.0397 161.4624 0006445 099.1329 261.0609 14.67519551 45194"
"2.0","GENERATED VIA SPACE-TRACK.ORG API","2014-05-24T07:36:26","18 SPCS","PAYLOAD C","2013-037C","EARTH","TEME","UTC","SGP4","2014-05-24T04:54:23.967647","14.93929538","0.00367970","97.6779","160.5179","92.7774","267.7625","0","U","39210","999","4594","0.00010000000000","0.00001020","0.0000000000000","6963.838","96.390","611.328","560.078","PAYLOAD","LARGE","PRC","2013-07-19","TSC","","1687023","96008359","0 PAYLOAD C","1 39210U 13037C   14144.20444407  .00001020  00000-0  10000-3 0  9995","2 39210 097.6779 160.5179 0036797 092.7774 267.7625 14.93929538 45949"
"2.0","GENERATED VIA SPACE-TRACK.ORG API","2014-05-24T11:04:52","18 SPCS","PAYLOAD C","2013-037C","EARTH","TEME","UTC","SGP4","2014-05-24T08:07:17.802335","14.93928545","0.00365280","97.6771","160.6485","91.4837","269.0315","0","U","39210","999","4596","0.00010000000000","0.00001020","0.0000000000000","6963.841","96.390","611.144","560.269","PAYLOAD","LARGE","PRC","2013-07-19","TSC","","1687036","96008537","0 PAYLOAD C","1 39210U 13037C   14144.33840049  .00001020  00000-0  10000-3 0  9991","2 39210 097.6771 160.6485 0036528 091.4837 269.0315 14.93928545 45960"
"2.0","GENERATED VIA SPACE-TRACK.ORG API","2014-05-24T11:36:38","18 SPCS","PAYLOAD C","2013-037C","EARTH","TEME","UTC","SGP4","2014-05-24T09:43:45.208703","14.94050700","0.00362360","97.6769","160.7242","89.5480","271.1526","0","U","39210","999","4597","0.00010000000000","0.00001023","0.0000000000000","6963.462","96.382","610.560","560.094","PAYLOAD","LARGE","PRC","2013-07-19","TSC","","1687038","96008539","0 PAYLOAD C","1 39210U 13037C   14144.40538436  .00001023  00000-0  10000-3 0  9996","2 39210 097.6769 160.7242 0036236 089.5480 271.1526 14.94050700 45976"
"2.0","GENERATED VIA SPACE-TRACK.ORG API","2014-05-24T14:25:50","18 SPCS","PAYLOAD A","2013-037A","EARTH","TEME","UTC","SGP4","2014-05-24T10:43:26.368608","14.68114510","0.00103370","98.0404","162.0613","106.7920","253.4422","0","U","39208","999","4526","0.00009196600000","0.00000480","0.0000000000000","7045.235","98.084","674.382","659.817","PAYLOAD","LARGE","PRC","2013-07-19","TSC","","1687063","96009005","0 PAYLOAD A","1 39208U 13037A   14144.44683297  .00000480  00000-0  91966-4 0  9990","2 39208 098.0404 162.0613 0010337 106.7920 253.4422 14.68114510 45267"
"2.0","GENERATED VIA SPACE-TRACK.ORG API","2014-05-24T15:26:46","18 SPCS","PAYLOAD B","2013-037B","EARTH","TEME","UTC","SGP4","2014-05-24T11:02:12.242688","14.67520452","0.00063930","98.0398","161.7306","97.3887","262.8054","0","U","39209","999","4523","0.00009854800000","0.00000511","0.0000000000000","7047.136","98.124","673.506","664.496","PAYLOAD","LARGE","PRC","2013-07-19","TSC","","1687160","96011185","0 PAYLOAD B","1 39209U 13037B   14144.45986392  .00000511  00000-0  98548-4 0  9992","2 39209 098.0398 161.7306 0006393 097.3887 262.8054 14.67520452 45236"
"2.0","GENERATED VIA SPACE-TRACK.ORG API","2014-05-24T22:29:17","18 SPCS","PAYLOAD A","2013-037A","EARTH","TEME","UTC","SGP4","2014-05-24T18:54:09.658655","14.68112531","0.00104370","98.0402","162.3961","106.3506","253.8840","0","U","39208","999","4531","0.00001101400000","0.00000015","0.0000000000000","7045.241","98.085","674.459","659.753","PAYLOAD","LARGE","PRC","2013-07-19","TSC","","1687261","96012131","0 PAYLOAD A","1 39208U 13037A   14144.78761179  .00000015  00000-0  11014-4 0  9993","2 39208 098.0402 162.3961 0010437 106.3506 253.8840 14.68112531 45316"
"2.0","GENERATED VIA SPACE-TRACK.ORG API","2014-05-24T23:20:46","18 SPCS","PAYLOAD B","2013-037B","EARTH","TEME","UTC","SGP4","2014-05-24T19:13:07.430879","14.67518719","0.00064970","98.0397","162.0651","97.2411","262.9541","0","U","39209","999","4528","0.00001761600000","0.00000052","0.0000000000000","7047.141","98.124","673.585","664.428","PAYLOAD","LARGE","PRC","2013-07-19","TSC","","1687349","96014042","0 PAYLOAD B","1 39209U 13037B   14144.80078045  .00000052  00000-0  17616-4 0  9995","2 39209 098.0397 162.0651 0006497 097.2411 262.9541 14.67518719 45289"
"2.0","GENERATED VIA SPACE-TRACK.ORG API","2014-05-25T06:25:36","18 SPCS","PAYLOAD A","2013-037A","EARTH","TEME","UTC","SGP4","2014-05-25T01:26:44.244383","14.68112729","0.00104210","98.0401","162.6639","105.3467","254.8891","0","U","39208","999","4535","0.00001875300000","0.00000060","0.0000000000000","7045.240","98.085","674.447","659.764","PAYLOAD","LARGE","PRC","2013-07-19","TSC","","1687434","96014766","0 PAYLOAD A","1 39208U 13037A   14145.06023431  .00000060  00000-0  18753-4 0  9994","2 39208 098.0401 162.6639 0010421 105.3467 254.8891 14.68112729 45358"
"2.0","GENERATED VIA SPACE-TRACK.ORG API","2014-05-25T07:20:43","18 SPCS","PAYLOAD B","2013-037B","EARTH","TEME","UTC","SGP4","2014-05-25T03:24:02.486879","14.67519650","0.00064900","98.0397","162.3997","96.3047","263.8904","0","U","39209","999","4533","0.00004736300000","0.00000221","0.0000000000000","7047.138","98.124","673.577","664.430","PAYLOAD","LARGE","PRC","2013-07-19","TSC","","1687521","96016778","0 PAYLOAD B","1 39209U 13037B   14145.14169545  .00000221  00000-0  47363-4 0  9999","2 39209 098.0397 162.3997 0006490 096.3047 263.8904 14.67519650 45337"
"2.0","GENERATED VIA SPACE-TRACK.ORG API","2014-05-25T05:14:30","18 SPCS","PAYLOAD C","2013-037C","EARTH","TEME","UTC","SGP4","2014-05-25T03:24:34.317504","14.94047283","0.00362310","97.6792","161.4380","87.7278","272.7947","0","U","39210","999","4608","0.00010000000000","0.00001023","0.0000000000000","6963.472","96.382","610.567","560.108","PAYLOAD","LARGE","PRC","2013-07-19","TSC","","1687405","96014310","0 PAYLOAD C","1 39210U 13037C   14145.14206386  .00001023  00000-0  10000-3 0  9994","2 39210 097.6792 161.4380 0036231 087.7278 272.7947 14.94047283 46082"
"2.0","GENERATED VIA SPACE-TRACK.ORG API","2014-05-25T05:53:28","18 SPCS","PAYLOAD C","2013-037C","EARTH","TEME","UTC","SGP4","2014-05-25T05:01:01.085376","14.94047230","0.00362130","97.6790","161.5039","87.4922","273.0441","0","U","39210","999","4609","0.00010000000000","0.00001023","0.0000000000000","6963.473","96.382","610.554","560.121","PAYLOAD","LARGE","PRC","2013-07-19","TSC","","1687411","96014316","0 PAYLOAD C","1 39210U 13037C   14145.20904034  .00001023  00000-0  10000-3 0  9996","2 39210 097.6790 161.5039 0036213 087.4922 273.0441 14.94047230 46091"
"2.0","GENERATED VIA SPACE-TRACK.ORG API","2014-05-25T14:27:13","18 SPCS","PAYLOAD A","2013-037A","EARTH","TEME","UTC","SGP4","2014-05-25T11:15:36.065951","14.68113576","0.00104630","98.0401","163.0657","104.3128","255.9247","0","U","39208","999","4541","0.00004764700000","0.00000226","0.0000000000000","7045.238","98.085","674.474","659.731","PAYLOAD","LARGE","PRC","2013-07-19","TSC","","1687571","96017545","0 PAYLOAD A","1 39208U 13037A   14145.46916743  .00000226  00000-0  47647-4 0  9993","2 39208 098.0401 163.0657 0010463 104.3128 255.9247 14.68113576 45417"
"2.0","GENERATED VIA SPACE-TRACK.ORG API","2014-05-25T15:33:45","18 SPCS","PAYLOAD B","2013-037B","EARTH","TEME","UTC","SGP4","2014-05-25T11:34:57.516095","14.67520540","0.00065340","98.0398","162.7351","95.4559","264.7386","0","U","39209","999","4538","0.00007027000000","0.00000351","0.0000000000000","7047.136","98.124","673.605","664.396","PAYLOAD","LARGE","PRC","2013-07-19","TSC","","1687675","96019831","0 PAYLOAD B","1 39209U 13037B   14145.48261014  .00000351  00000-0  70270-4 0  9997","2 39209 098.0398 162.7351 0006534 095.4559 264.7386 14.67520540 45382"
"2.0","GENERATED VIA SPACE-TRACK.ORG API","2014-05-25T22:28:42","18 SPCS","PAYLOAD A","2013-037A","EARTH","TEME","UTC","SGP4","2014-05-25T19:26:19.256639","14.68113753","0.00104890","98.0402","163.4011","102.7656","257.4727","0","U","39208","999","4546","0.00004075600000","0.00000186","0.0000000000000","7045.237","98.085","674.492","659.712","PAYLOAD","LARGE","PRC","2013-07-19","TSC","","1687768","96020739","0 PAYLOAD A","1 39208U 13037A   14145.80994510  .00000186  00000-0  40756-4 0  9998","2 39208 098.0402 163.4011 0010489 102.7656 257.4727 14.68113753 45464"
"2.0","GENERATED VIA SPACE-TRACK.ORG API","2014-05-25T23:24:33","18 SPCS","PAYLOAD B","2013-037B","EARTH","TEME","UTC","SGP4","2014-05-25T19:45:52.634303","14.67520741","0.00065530","98.0397","163.0698","95.3752","264.8216","0","U","39209","999","4543","0.00008008900000","0.00000406","0.0000000000000","7047.135","98.124","673.618","664.382","PAYLOAD","LARGE","PRC","2013-07-19","TSC","","1687861","96022697","0 PAYLOAD B","1 39209U 13037B   14145.82352586  .00000406  00000-0  80089-4 0  9990","2 39209 098.0397 163.0698 0006553 095.3752 264.8216 14.67520741 45436"
"2.0","GENERATED VIA SPACE-TRACK.ORG API","2014-05-25T23:57:16","18 SPCS","PAYLOAD C","2013-037C","EARTH","TEME","UTC","SGP4","2014-05-25T22:41:52.959839","14.94048122","0.00362160","97.6782","162.2234","85.2528","275.2806","0","U","39210","999","4620","0.00010000000000","0.00001023","0.0000000000000","6963.470","96.382","610.554","560.116","PAYLOAD","LARGE","PRC","2013-07-19","TSC","","1687886","96022963","0 PAYLOAD C","1 39210U 13037C   14145.94575185  .00001023  00000-0  10000-3 0  9998","2 39210 097.6782 162.2234 0036216 085.2528 275.2806 14.94048122 46201"
"2.0","GENERATED VIA SPACE-TRACK.ORG API","2014-05-26T06:25:26","18 SPCS","PAYLOAD A","2013-037A","EARTH","TEME","UTC","SGP4","2014-05-26T00:20:45.086208","14.68115427","0.00104430","98.0400","163.6020","102.4142","257.8248","0","U","39208","999","4549","0.00010216000000","0.00000539","0.0000000000000","7045.232","98.084","674.454","659.739","PAYLOAD","LARGE","PRC","2013-07-19","TSC","","1687990","96023584","0 PAYLOAD A","1 39208U 13037A   14146.01441072  .00000539  00000-0  10216-3 0  9991","2 39208 098.0400 163.6020 0010443 102.4142 257.8248 14.68115427 45496"
"2.0","GENERATED VIA SPACE-TRACK.ORG API","2014-05-26T07:17:57","18 SPCS","PAYLOAD B","2013-037B","EARTH","TEME","UTC","SGP4","2014-05-26T03:56:47.629823","14.67521912","0.00065560","98.0398","163.4051","94.7104","265.4857","0","U","39209","999","4548","0.00010947000000","0.00000573","0.0000000000000","7047.131","98.124","673.616","664.376","PAYLOAD","LARGE","PRC","2013-07-19","TSC","","1688071","96025550","0 PAYLOAD B","1 39209U 13037B   14146.16444016  .00000573  00000-0  10947-3 0  9998","2 39209 098.0398 163.4051 0006556 094.7104 265.4857 14.67521912 45485"
"2.0","GENERATED VIA SPACE-TRACK.ORG API","2014-05-26T07:11:16","18 SPCS","PAYLOAD C","2013-037C","EARTH","TEME","UTC","SGP4","2014-05-26T05:07:39.120671","14.94048934","0.00361910","97.6781","162.4852","84.4230","276.1134","0","U","39210","999","4624","0.00010000000000","0.00001023","0.0000000000000","6963.467","96.382","610.534","560.131","PAYLOAD","LARGE","PRC","2013-07-19","TSC","","1688060","96025298","0 PAYLOAD C","1 39210U 13037C   14146.21364723  .00001023  00000-0  10000-3 0  9993","2 39210 097.6781 162.4852 0036191 084.4230 276.1134 14.94048934 46240"
"2.0","GENERATED VIA SPACE-TRACK.ORG API","2014-05-26T13:01:07","18 SPCS","PAYLOAD A","2013-037A","EARTH","TEME","UTC","SGP4","2014-05-26T11:47:45.474719","14.68000360","0.00107530","98.0422","164.0689","99.5122","260.5474","0","U","39208","999","4556","-0.00479640000000","-0.00027439","0.0000000000000","7045.600","98.092","675.041","659.889","PAYLOAD","LARGE","PRC","2013-07-19","TSC","","1688092","96025788","0 PAYLOAD A","1 39208U 13037A   14146.49149855 -.00027439  00000-0 -47964-2 0  9996","2 39208 098.0422 164.0689 0010753 099.5122 260.5474 14.68000360 45563"
"2.0","GENERATED VIA SPACE-TRACK.ORG API","2014-05-26T15:27:07","18 SPCS","PAYLOAD B","2013-037B","EARTH","TEME","UTC","SGP4","2014-05-26T12:07:42.682367","14.67522510","0.00065160","98.0400","163.7398","92.9933","267.2020","0","U","39209","999","4553","0.00012723000000","0.00000674","0.0000000000000","7047.129","98.124","673.586","664.402","PAYLOAD","LARGE","PRC","2013-07-19","TSC","","1688192","96028103","0 PAYLOAD B","1 39209U 13037B   14146.50535512  .00000674  00000-0  12723-3 0  9994","2 39209 098.0400 163.7398 0006516 092.9933 267.2020 14.67522510 45535"
"2.0","GENERATED VIA SPACE-TRACK.ORG API","2014-05-26T15:50:19","18 SPCS","PAYLOAD C","2013-037C","EARTH","TEME","UTC","SGP4","2014-05-26T14:46:18.255647","14.94048452","0.00360350","97.6787","162.8787","82.8500","277.6744","0","U","39210","999","4630","0.00010000000000","0.00001023","0.0000000000000","6963.469","96.382","610.427","560.241","PAYLOAD","LARGE","PRC","2013-07-19","TSC","","1688229","96028633","0 PAYLOAD C","1 39210U 13037C   14146.61548907  .00001023  00000-0  10000-3 0  9995","2 39210 097.6787 162.8787 0036035 082.8500 277.6744 14.94048452 46301"
"2.0","GENERATED VIA SPACE-TRACK.ORG API","2014-05-26T21:08:52","18 SPCS","PAYLOAD C","2013-037C","EARTH","TEME","UTC","SGP4","2014-05-26T19:35:37.960511","14.94029409","0.00375870","97.6779","163.0759","84.4294","276.0585","0","U","39210","999","4633","0.00010000000000","0.00001024","0.0000000000000","6963.528","96.383","611.567","559.219","PAYLOAD","LARGE","PRC","2013-07-19","TSC","","1688294","96028720","0 PAYLOAD C","1 39210U 13037C   14146.81641158  .00001024  00000-0  10000-3 0  9990","2 39210 097.6779 163.0759 0037587 084.4294 276.0585 14.94029409 46335"
"2.0","GENERATED VIA SPACE-TRACK.ORG API","2014-05-26T23:20:51","18 SPCS","PAYLOAD B","2013-037B","EARTH","TEME","UTC","SGP4","2014-05-26T20:18:37.734048","14.67520888","0.00065840","98.0397","164.0748","93.1064","267.0842","0","U","39209","999","4558","0.00004254500000","0.00000193","0.0000000000000","7047.135","98.124","673.639","664.360","PAYLOAD","LARGE","PRC","2013-07-19","TSC","","1688410","96031265","0 PAYLOAD B","1 39209U 13037B   14146.84627007  .00000193  00000-0  42545-4 0  9994","2 39209 098.0397 164.0748 0006584 093.1064 267.0842 14.67520888 45587"
"2.0","GENERATED VIA SPACE-TRACK.ORG API","2014-05-26T22:26:31","18 SPCS","PAYLOAD A","2013-037A","EARTH","TEME","UTC","SGP4","2014-05-26T21:36:43.284672","14.68037706","0.00105590","98.0393","164.4731","100.3167","260.0044","0","U","39208","999","4562","-0.00289380000000","-0.00016614","0.0000000000000","7045.480","98.090","674.785","659.906","PAYLOAD","LARGE","PRC","2013-07-19","TSC","","1688320","96029267","0 PAYLOAD A","1 39208U 13037A   14146.90050098 -.00016614  00000-0 -28938-2 0  9995","2 39208 098.0393 164.4731 0010559 100.3167 260.0044 14.68037706 45625"
"2.0","GENERATED VIA SPACE-TRACK.ORG API","2014-05-27T07:22:39","18 SPCS","PAYLOAD C","2013-037C","EARTH","TEME","UTC","SGP4","2014-05-26T22:48:31.299263","14.94046927","0.00363520","97.6784","163.2055","81.8211","278.7114","0","U","39210","999","4635","0.00010000000000","0.00001023","0.0000000000000","6963.474","96.382","610.652","560.025","PAYLOAD","LARGE","PRC","2013-07-19","TSC","","1688570","96033947","0 PAYLOAD C","1 39210U 13037C   14146.95036226  .00001023  00000-0  10000-3 0  9998","2 39210 097.6784 163.2055 0036352 081.8211 278.7114 14.94046927 46354"
"2.0","GENERATED VIA SPACE-TRACK.ORG API","2014-05-27T07:23:25","18 SPCS","PAYLOAD B","2013-037B","EARTH","TEME","UTC","SGP4","2014-05-27T04:29:32.872128","14.67520788","0.00065580","98.0394","164.4088","92.5776","267.6180","0","U","39209","999","4563","0.00001982600000","0.00000065","0.0000000000000","7047.135","98.124","673.621","664.378","PAYLOAD","LARGE","PRC","2013-07-19","TSC","","1688571","96033966","0 PAYLOAD B","1 39209U 13037B   14147.18718602  .00000065  00000-0  19826-4 0  9998","2 39209 098.0394 164.4088 0006558 092.5776 267.6180 14.67520788 45635"
"2.0","GENERATED VIA SPACE-TRACK.ORG API","2014-05-27T13:16:30","18 SPCS","PAYLOAD C","2013-037C","EARTH","TEME","UTC","SGP4","2014-05-27T11:40:03.590687","14.93986046","0.00360380","97.6783","163.7314","80.1851","280.1281","0","U","39210","999","4643","0.00010000000000","0.00001021","0.0000000000000","6963.663","96.386","610.623","560.432","PAYLOAD","LARGE","PRC","2013-07-19","TSC","","1688601","96034186","0 PAYLOAD C","1 39210U 13037C   14147.48615267  .00001021  00000-0  10000-3 0  9993","2 39210 097.6783 163.7314 0036038 080.1851 280.1281 14.93986046 46434"
"2.0","GENERATED VIA SPACE-TRACK.ORG API","2014-05-27T15:33:46","18 SPCS","PAYLOAD B","2013-037B","EARTH","TEME","UTC","SGP4","2014-05-27T12:40:27.940224","14.67521654","0.00065200","98.0395","164.7435","90.7241","269.4728","0","U","39209","999","4568","0.00005588700000","0.00000269","0.0000000000000","7047.132","98.124","673.592","664.402","PAYLOAD","LARGE","PRC","2013-07-19","TSC","","1688737","96037026","0 PAYLOAD B","1 39209U 13037B   14147.52810116  .00000269  00000-0  55887-4 0  9992","2 39209 098.0395 164.7435 0006520 090.7241 269.4728 14.67521654 45687"
"2.0","GENERATED VIA SPACE-TRACK.ORG API","2014-05-27T19:19:32","18 SPCS","PAYLOAD C","2013-037C","EARTH","TEME","UTC","SGP4","2014-05-27T13:16:33.824064","14.94037402","0.00355050","97.6791","163.7931","77.2270","283.4255","0","U","39210","999","4644","0.00010000000000","0.00001022","0.0000000000000","6963.503","96.383","610.092","560.644","PAYLOAD","LARGE","PRC","2013-07-19","TSC","","1688782","96037303","0 PAYLOAD C","1 39210U 13037C   14147.55316926  .00001022  00000-0  10000-3 0  9992","2 39210 097.6791 163.7931 0035505 077.2270 283.4255 14.94037402 46440"
"2.0","GENERATED VIA SPACE-TRACK.ORG API","2014-05-27T19:19:32","18 SPCS","PAYLOAD A","2013-037A","EARTH","TEME","UTC","SGP4","2014-05-27T15:36:20.875103","14.67966250","0.00104580","98.0394","165.2089","99.1431","260.9491","0","U","39208","999","4573","-0.00486270000000","-0.00027794","0.0000000000000","7045.709","98.094","674.942","660.206","PAYLOAD","LARGE","PRC","2013-07-19","TSC","","1688782","96037302","0 PAYLOAD A","1 39208U 13037A   14147.65024161 -.00027794  00000-0 -48627-2 0  9998","2 39208 098.0394 165.2089 0010458 099.1431 260.9491 14.67966250 45739"
"2.0","GENERATED VIA SPACE-TRACK.ORG API","2014-05-27T19:19:32","18 SPCS","PAYLOAD B","2013-037B","EARTH","TEME","UTC","SGP4","2014-05-27T15:56:49.934975","14.67520689","0.00065220","98.0393","164.8775","90.1719","270.0197","0","U","39209","999","4570","0.00001272900000","0.00000024","0.0000000000000","7047.135","98.124","673.596","664.404","PAYLOAD","LARGE","PRC","2013-07-19","TSC","","1688782","96037301","0 PAYLOAD B","1 39209U 13037B   14147.66446684  .00000024  00000-0  12729-4 0  9999","2 39209 098.0393 164.8775 0006522 090.1719 270.0197 14.67520689 45707"
"2.0","GENERATED VIA SPACE-TRACK.ORG API","2014-05-27T22:24:22","18 SPCS","PAYLOAD A","2013-037A","EARTH","TEME","UTC","SGP4","2014-05-27T18:52:41.764800","14.67957794","0.00105570","98.0394","165.3432","95.7116","264.5273","0","U","39208","999","4575","-0.00498630000000","-0.00028491","0.0000000000000","7045.736","98.095","675.039","660.163","PAYLOAD","LARGE","PRC","2013-07-19","TSC","","1688816","96037789","0 PAYLOAD A","1 39208U 13037A   14147.78659450 -.00028491  00000-0 -49863-2 0  9995","2 39208 098.0394 165.3432 0010557 095.7116 264.5273 14.67957794 45757"
"2.0","GENERATED VIA SPACE-TRACK.ORG API","2014-05-27T23:14:31","18 SPCS","PAYLOAD B","2013-037B","EARTH","TEME","UTC","SGP4","2014-05-27T19:13:12.023904","14.67520200","0.00065540","98.0392","165.0114","90.3791","269.8160","0","U","39209","999","4572","-0.00001667500000","-0.00000142","0.0000000000000","7047.137","98.124","673.620","664.383","PAYLOAD","LARGE","PRC","2013-07-19","TSC","","1688889","96039611","0 PAYLOAD B","1 39209U 13037B   14147.80083361 -.00000142  00000-0 -16675-4 0  9991","2 39209 098.0392 165.0114 0006554 090.3791 269.8160 14.67520200 45720"
"2.0","GENERATED VIA SPACE-TRACK.ORG API","2014-05-28T01:12:15","18 SPCS","PAYLOAD C","2013-037C","EARTH","TEME","UTC","SGP4","2014-05-27T22:55:14.982527","14.93939266","0.00346480","97.6804","164.1979","81.8505","278.6643","0","U","39210","999","4650","0.00007126700000","0.00000710","0.0000000000000","6963.808","96.389","609.801","561.545","PAYLOAD","LARGE","PRC","2013-07-19","TSC","","1688909","96039834","0 PAYLOAD C","1 39210U 13037C   14147.95503452  .00000710  00000-0  71267-4 0  9994","2 39210 097.6804 164.1979 0034648 081.8505 278.6643 14.93939266 46503"
"2.0","GENERATED VIA SPACE-TRACK.ORG API","2014-05-28T06:24:37","18 SPCS","PAYLOAD A","2013-037A","EARTH","TEME","UTC","SGP4","2014-05-28T03:03:28.217951","14.67938828","0.00104120","98.0393","165.6776","96.0444","264.1994","0","U","39208","999","4580","-0.00500450000000","-0.00028581","0.0000000000000","7045.797","98.096","674.998","660.326","PAYLOAD","LARGE","PRC","2013-07-19","TSC","","1688958","96040341","0 PAYLOAD A","1 39208U 13037A   14148.12740993 -.00028581  00000-0 -50045-2 0  9991","2 39208 098.0393 165.6776 0010412 096.0444 264.1994 14.67938828 45807"
"2.0","GENERATED VIA SPACE-TRACK.ORG API","2014-05-28T07:25:54","18 SPCS","PAYLOAD B","2013-037B","EARTH","TEME","UTC","SGP4","2014-05-28T03:24:07.020288","14.67521502","0.00065240","98.0391","165.3456","90.0295","270.1661","0","U","39209","999","4577","0.00003060700000","0.00000126","0.0000000000000","7047.133","98.124","673.595","664.400","PAYLOAD","LARGE","PRC","2013-07-19","TSC","","1689028","96042052","0 PAYLOAD B","1 39209U 13037B   14148.14174792  .00000126  00000-0  30607-4 0  9999","2 39209 098.0391 165.3456 0006524 090.0295 270.1661 14.67521502 45776"
"2.0","GENERATED VIA SPACE-TRACK.ORG API","2014-05-28T14:39:37","18 SPCS","PAYLOAD A","2013-037A","EARTH","TEME","UTC","SGP4","2014-05-28T11:14:15.085823","14.67916578","0.00102620","98.0392","166.0127","95.7023","264.5359","0","U","39208","999","4585","-0.00514360000000","-0.00029356","0.0000000000000","7045.868","98.098","674.964","660.503","PAYLOAD","LARGE","PRC","2013-07-19","TSC","","1689091","96042994","0 PAYLOAD A","1 39208U 13037A   14148.46823016 -.00029356  00000-0 -51436-2 0  9992","2 39208 098.0392 166.0127 0010262 095.7023 264.5359 14.67916578 45855"
"2.0","GENERATED VIA SPACE-TRACK.ORG API","2014-05-28T15:42:51","18 SPCS","PAYLOAD B","2013-037B","EARTH","TEME","UTC","SGP4","2014-05-28T11:35:02.079743","14.67521473","0.00064970","98.0390","165.6800","89.2169","270.9792","0","U","39209","999","4582","0.00001961500000","0.00000063","0.0000000000000","7047.133","98.124","673.576","664.419","PAYLOAD","LARGE","PRC","2013-07-19","TSC","","1689198","96045354","0 PAYLOAD B","1 39209U 13037B   14148.48266296  .00000063  00000-0  19615-4 0  9993","2 39209 098.0390 165.6800 0006497 089.2169 270.9792 14.67521473 45826"
"2.0","GENERATED VIA SPACE-TRACK.ORG API","2014-05-28T21:09:51","18 SPCS","PAYLOAD A","2013-037A","EARTH","TEME","UTC","SGP4","2014-05-28T19:25:02.415935","14.67991568","0.00107580","98.0374","166.3450","95.8378","264.6788","0","U","39208","999","4590","-0.00105310000000","-0.00006080","0.0000000000000","7045.628","98.093","675.073","659.913","PAYLOAD","LARGE","PRC","2013-07-19","TSC","","1689237","96045652","0 PAYLOAD A","1 39208U 13037A   14148.80905574 -.00006080  00000-0 -10531-2 0  9990","2 39208 098.0374 166.3450 0010758 095.8378 264.6788 14.67991568 45906"
"2.0","GENERATED VIA SPACE-TRACK.ORG API","2014-05-28T23:12:48","18 SPCS","PAYLOAD B","2013-037B","EARTH","TEME","UTC","SGP4","2014-05-28T19:45:57.203135","14.67521156","0.00064350","98.0389","166.0143","87.5220","272.6734","0","U","39209","999","4587","0.00002452500000","0.00000091","0.0000000000000","7047.134","98.124","673.533","664.464","PAYLOAD","LARGE","PRC","2013-07-19","TSC","","1689346","96047878","0 PAYLOAD B","1 39209U 13037B   14148.82357874  .00000091  00000-0  24525-4 0  9991","2 39209 098.0389 166.0143 0006435 087.5220 272.6734 14.67521156 45878"
"2.0","GENERATED VIA SPACE-TRACK.ORG API","2014-05-28T21:43:43","18 SPCS","PAYLOAD C","2013-037C","EARTH","TEME","UTC","SGP4","2014-05-28T19:49:05.276063","14.93938956","0.00346550","97.6810","165.0501","78.9980","281.5135","0","U","39210","999","4663","0.00006807800000","0.00000675","0.0000000000000","6963.809","96.389","609.807","561.541","PAYLOAD","LARGE","PRC","2013-07-19","TSC","","1689250","96045665","0 PAYLOAD C","1 39210U 13037C   14148.82575551  .00000675  00000-0  68078-4 0  9996","2 39210 097.6810 165.0501 0034655 078.9980 281.5135 14.93938956 46631"
"2.0","GENERATED VIA SPACE-TRACK.ORG API","2014-05-29T06:57:40","18 SPCS","PAYLOAD B","2013-037B","EARTH","TEME","UTC","SGP4","2014-05-29T03:56:52.208159","14.67522009","0.00064110","98.0388","166.3489","86.2950","273.8999","0","U","39209","999","4592","0.00004781400000","0.00000223","0.0000000000000","7047.131","98.124","673.514","664.478","PAYLOAD","LARGE","PRC","2013-07-19","TSC","","1689467","96049148","0 PAYLOAD B","1 39209U 13037B   14149.16449315  .00000223  00000-0  47814-4 0  9994","2 39209 098.0388 166.3489 0006411 086.2950 273.8999 14.67522009 45923"
"2.0","GENERATED VIA SPACE-TRACK.ORG API","2014-05-29T06:12:37","18 SPCS","PAYLOAD A","2013-037A","EARTH","TEME","UTC","SGP4","2014-05-29T05:13:53.224895","14.67985541","0.00109430","98.0371","166.7467","95.5297","264.7656","0","U","39208","999","4596","-0.00648740000000","-0.00037032","0.0000000000000","7045.647","98.093","675.222","659.802","PAYLOAD","LARGE","PRC","2013-07-19","TSC","","1689427","96048190","0 PAYLOAD A","1 39208U 13037A   14149.21797714 -.00037032  00000-0 -64874-2 0  9991","2 39208 098.0371 166.7467 0010943 095.5297 264.7656 14.67985541 45963"
"2.0","GENERATED VIA SPACE-TRACK.ORG API","2014-05-29T09:33:33","18 SPCS","PAYLOAD B","2013-037B","EARTH","TEME","UTC","SGP4","2014-05-29T07:13:14.208096","14.67522227","0.00064080","98.0387","166.4828","85.9842","274.2103","0","U","39209","999","4594","0.00005220000000","0.00000248","0.0000000000000","7047.130","98.124","673.511","664.479","PAYLOAD","LARGE","PRC","2013-07-19","TSC","","1689498","96049567","0 PAYLOAD B","1 39209U 13037B   14149.30085889  .00000248  00000-0  52200-4 0  9994","2 39209 098.0387 166.4828 0006408 085.9842 274.2103 14.67522227 45948"
"2.0","GENERATED VIA SPACE-TRACK.ORG API","2014-05-29T12:33:38","18 SPCS","PAYLOAD A","2013-037A","EARTH","TEME","UTC","SGP4","2014-05-29T11:46:29.851391","14.67988513","0.00108690","98.0376","167.0149","94.5911","265.7181","0","U","39208","999","4600","-0.00304120000000","-0.00017437","0.0000000000000","7045.638","98.093","675.161","659.845","PAYLOAD","LARGE","PRC","2013-07-19","TSC","","1689520","96049870","0 PAYLOAD A","1 39208U 13037A   14149.49062328 -.00017437  00000-0 -30412-2 0  9995","2 39208 098.0376 167.0149 0010869 094.5911 265.7181 14.67988513 46000"
"2.0","GENERATED VIA SPACE-TRACK.ORG API","2014-05-29T13:23:37","18 SPCS","PAYLOAD C","2013-037C","EARTH","TEME","UTC","SGP4","2014-05-29T11:53:38.334911","14.93910165","0.00357050","97.6810","165.7005","75.6418","284.9229","0","U","39210","999","4673","0.00000000000000","-0.00000676","0.0000000000000","6963.899","96.391","610.628","560.899","PAYLOAD","LARGE","PRC","2013-07-19","TSC","","1689530","96049929","0 PAYLOAD C","1 39210U 13037C   14149.49558258 -.00000676  00000-0  00000+0 0  9993","2 39210 097.6810 165.7005 0035705 075.6418 284.9229 14.93910165 46738"
"2.0","GENERATED VIA SPACE-TRACK.ORG API","2014-05-29T15:00:25","18 SPCS","PAYLOAD A","2013-037A","EARTH","TEME","UTC","SGP4","2014-05-29T13:24:37.473120","14.68014575","0.00118120","98.0413","167.0880","66.4049","293.8888","0","U","39208","999","4601","0.00000000000000","-0.00006233","0.0000000000000","7045.554","98.091","675.742","659.097","PAYLOAD","LARGE","PRC","2013-07-19","TSC","","1689575","96050473","0 PAYLOAD A","1 39208U 13037A   14149.55876705 -.00006233  00000-0  00000+0 0  9992","2 39208 098.0413 167.0880 0011812 066.4049 293.8888 14.68014575 46019"
"2.0","GENERATED VIA SPACE-TRACK.ORG API","2014-05-29T20:41:24","18 SPCS","PAYLOAD A","2013-037A","EARTH","TEME","UTC","SGP4","2014-05-29T15:02:47.094144","14.67973405","0.00109020","98.0380","167.1488","93.9821","266.2139","0","U","39208","999","4602","-0.00130630000000","-0.00007526","0.0000000000000","7045.686","98.094","675.232","659.870","PAYLOAD","LARGE","PRC","2013-07-19","TSC","","1689644","96051574","0 PAYLOAD A","1 39208U 13037A   14149.62693396 -.00007526  00000-0 -13063-2 0  9996","2 39208 098.0380 167.1488 0010902 093.9821 266.2139 14.67973405 46028"
"2.0","GENERATED VIA SPACE-TRACK.ORG API","2014-05-29T16:48:26","18 SPCS","PAYLOAD C","2013-037C","EARTH","TEME","UTC","SGP4","2014-05-29T15:06:28.673855","14.93941395","0.00348260","97.6789","165.8354","76.1142","284.3918","0","U","39210","999","4675","0.00006807800000","0.00000675","0.0000000000000","6963.801","96.389","609.919","561.414","PAYLOAD","LARGE","PRC","2013-07-19","TSC","","1689600","96050818","0 PAYLOAD C","1 39210U 13037C   14149.62949854  .00000675  00000-0  68078-4 0  9996","2 39210 097.6789 165.8354 0034826 076.1142 284.3918 14.93941395 46754"
"2.0","GENERATED VIA SPACE-TRACK.ORG API","2014-05-29T21:04:10","18 SPCS","PAYLOAD B","2013-037B","EARTH","TEME","UTC","SGP4","2014-05-29T15:24:09.208799","14.67521449","0.00064360","98.0383","166.8173","85.5886","274.5998","0","U","39209","999","4599","0.00002090200000","0.00000071","0.0000000000000","7047.133","98.124","673.533","664.462","PAYLOAD","LARGE","PRC","2013-07-19","TSC","","1689682","96052388","0 PAYLOAD B","1 39209U 13037B   14149.64177325  .00000071  00000-0  20902-4 0  9996","2 39209 098.0383 166.8173 0006436 085.5886 274.5998 14.67521449 45991"
"2.0","GENERATED VIA SPACE-TRACK.ORG API","2014-05-29T17:43:09","18 SPCS","PAYLOAD B","2013-037B","EARTH","TEME","UTC","SGP4","2014-05-29T17:02:21.126335","14.67519846","0.00064290","98.0411","166.8831","84.6128","275.6301","0","U","39209","999","4494","0.00000000000000","-0.00000651","0.0000000000000","7047.138","98.124","673.533","664.472","PAYLOAD","LARGE","PRC","2013-07-19","TSC","","1689611","96051043","0 PAYLOAD B","1 39209U 13037B   14149.70996674 -.00000651  00000-0  00000+0 0  9996","2 39209 098.0411 166.8831 0006429 084.6128 275.6301 14.67519846 44947"
"2.0","GENERATED VIA SPACE-TRACK.ORG API","2014-05-29T23:45:39","18 SPCS","PAYLOAD B","2013-037B","EARTH","TEME","UTC","SGP4","2014-05-29T20:18:42.335711","14.67521335","0.00064060","98.0379","167.0178","85.4948","274.6999","0","U","39209","999","4602","0.00000786930000","-0.00000003","0.0000000000000","7047.133","98.124","673.512","664.484","PAYLOAD","LARGE","PRC","2013-07-19","TSC","","1689871","96056096","0 PAYLOAD B","1 39209U 13037B   14149.84632333 -.00000003  00000-0  78693-5 0  9990","2 39209 098.0379 167.0178 0006406 085.4948 274.6999 14.67521335 46020"
"2.0","GENERATED VIA SPACE-TRACK.ORG API","2014-05-30T03:24:32","18 SPCS","PAYLOAD C","2013-037C","EARTH","TEME","UTC","SGP4","2014-05-30T02:21:37.305215","14.93942252","0.00347880","97.6786","166.2932","74.3297","286.1758","0","U","39210","999","4682","0.00006807800000","0.00000675","0.0000000000000","6963.799","96.389","609.889","561.438","PAYLOAD","LARGE","PRC","2013-07-19","TSC","","1690003","96056543","0 PAYLOAD C","1 39210U 13037C   14150.09834844  .00000675  00000-0  68078-4 0  9991","2 39210 097.6786 166.2932 0034788 074.3297 286.1758 14.93942252 46829"
"2.0","GENERATED VIA SPACE-TRACK.ORG API","2014-05-30T03:23:31","18 SPCS","PAYLOAD B","2013-037B","EARTH","TEME","UTC","SGP4","2014-05-30T02:51:26.350271","14.67522017","0.00064480","98.0379","167.2853","84.5479","275.6470","0","U","39209","999","4606","0.00003239800000","0.00000136","0.0000000000000","7047.131","98.124","673.540","664.452","PAYLOAD","LARGE","PRC","2013-07-19","TSC","","1689997","96056537","0 PAYLOAD B","1 39209U 13037B   14150.11905498  .00000136  00000-0  32398-4 0  9994","2 39209 098.0379 167.2853 0006448 084.5479 275.6470 14.67522017 46064"
"2.0","GENERATED VIA SPACE-TRACK.ORG API","2014-05-30T15:14:53","18 SPCS","PAYLOAD B","2013-037B","EARTH","TEME","UTC","SGP4","2014-05-30T09:24:10.333728","14.67523388","0.00064640","98.0383","167.5538","83.6332","276.5626","0","U","39209","999","4610","0.00008025900000","0.00000407","0.0000000000000","7047.126","98.124","673.547","664.436","PAYLOAD","LARGE","PRC","2013-07-19","TSC","","1690259","96061967","0 PAYLOAD B","1 39209U 13037B   14150.39178627  .00000407  00000-0  80259-4 0  9990","2 39209 098.0383 167.5538 0006464 083.6332 276.5626 14.67523388 46108"
"2.0","GENERATED VIA SPACE-TRACK.ORG API","2014-05-30T11:39:35","18 SPCS","PAYLOAD A","2013-037A","EARTH","TEME","UTC","SGP4","2014-05-30T10:40:36.346368","14.68001163","0.00107560","98.0394","167.9537","91.0238","269.2347","0","U","39208","999","4614","0.00014553000000","0.00000786","0.0000000000000","7045.597","98.092","675.041","659.884","PAYLOAD","LARGE","PRC","2013-07-19","TSC","","1690160","96059796","0 PAYLOAD A","1 39208U 13037A   14150.44486512  .00000786  00000-0  14553-3 0  9993","2 39208 098.0394 167.9537 0010756 091.0238 269.2347 14.68001163 46145"
"2.0","GENERATED VIA SPACE-TRACK.ORG API","2014-05-30T22:27:13","18 SPCS","PAYLOAD A","2013-037A","EARTH","TEME","UTC","SGP4","2014-05-30T17:13:12.600480","14.67999093","0.00108630","98.0399","168.2218","89.4127","270.8328","0","U","39208","999","4618","0.00001595700000","0.00000043","0.0000000000000","7045.604","98.092","675.123","659.815","PAYLOAD","LARGE","PRC","2013-07-19","TSC","","1690348","96062802","0 PAYLOAD A","1 39208U 13037A   14150.71750695  .00000043  00000-0  15957-4 0  9995","2 39208 098.0399 168.2218 0010863 089.4127 270.8328 14.67999093 46185"
"2.0","GENERATED VIA SPACE-TRACK.ORG API","2014-05-30T23:28:57","18 SPCS","PAYLOAD B","2013-037B","EARTH","TEME","UTC","SGP4","2014-05-30T17:35:05.324928","14.67522804","0.00065350","98.0385","167.8884","83.4768","276.7155","0","U","39209","999","4615","0.00004770600000","0.00000223","0.0000000000000","7047.128","98.124","673.599","664.388","PAYLOAD","LARGE","PRC","2013-07-19","TSC","","1690451","96065037","0 PAYLOAD B","1 39209U 13037B   14150.73270052  .00000223  00000-0  47706-4 0  9999","2 39209 098.0385 167.8884 0006535 083.4768 276.7155 14.67522804 46153"
"2.0","GENERATED VIA SPACE-TRACK.ORG API","2014-05-31T06:24:34","18 SPCS","PAYLOAD A","2013-037A","EARTH","TEME","UTC","SGP4","2014-05-31T01:23:58.065216","14.67999617","0.00108210","98.0395","168.5563","88.8004","271.4465","0","U","39208","999","4623","0.00003060300000","0.00000127","0.0000000000000","7045.602","98.092","675.091","659.843","PAYLOAD","LARGE","PRC","2013-07-19","TSC","","1690550","96065855","0 PAYLOAD A","1 39208U 13037A   14151.05831094  .00000127  00000-0  30603-4 0  9994","2 39208 098.0395 168.5563 0010821 088.8004 271.4465 14.67999617 46235"
"2.0","GENERATED VIA SPACE-TRACK.ORG API","2014-05-31T07:22:24","18 SPCS","PAYLOAD B","2013-037B","EARTH","TEME","UTC","SGP4","2014-05-31T01:46:00.366240","14.67523455","0.00064730","98.0383","168.2222","83.1348","277.0612","0","U","39209","999","4620","0.00005888500000","0.00000286","0.0000000000000","7047.126","98.124","673.553","664.430","PAYLOAD","LARGE","PRC","2013-07-19","TSC","","1690637","96067968","0 PAYLOAD B","1 39209U 13037B   14151.07361535  .00000286  00000-0  58885-4 0  9993","2 39209 098.0383 168.2222 0006473 083.1348 277.0612 14.67523455 46205"
"2.0","GENERATED VIA SPACE-TRACK.ORG API","2014-05-31T14:23:00","18 SPCS","PAYLOAD A","2013-037A","EARTH","TEME","UTC","SGP4","2014-05-31T09:34:43.505760","14.67999813","0.00108080","98.0397","168.8915","88.0231","272.2213","0","U","39208","999","4628","0.00004068100000","0.00000185","0.0000000000000","7045.602","98.092","675.082","659.852","PAYLOAD","LARGE","PRC","2013-07-19","TSC","","1690681","96068665","0 PAYLOAD A","1 39208U 13037A   14151.39911465  .00000185  00000-0  40681-4 0  9993","2 39208 098.0397 168.8915 0010808 088.0231 272.2213 14.67999813 46283"
"2.0","GENERATED VIA SPACE-TRACK.ORG API","2014-05-31T15:18:07","18 SPCS","PAYLOAD B","2013-037B","EARTH","TEME","UTC","SGP4","2014-05-31T09:56:55.341024","14.67524531","0.00064460","98.0389","168.5573","81.8030","278.3921","0","U","39209","999","4625","0.00009763200000","0.00000506","0.0000000000000","7047.123","98.124","673.530","664.445","PAYLOAD","LARGE","PRC","2013-07-19","TSC","","1690763","96070485","0 PAYLOAD B","1 39209U 13037B   14151.41452941  .00000506  00000-0  97632-4 0  9991","2 39209 098.0389 168.5573 0006446 081.8030 278.3921 14.67524531 46254"
"2.0","GENERATED VIA SPACE-TRACK.ORG API","2014-05-31T22:24:51","18 SPCS","PAYLOAD A","2013-037A","EARTH","TEME","UTC","SGP4","2014-05-31T17:45:28.983455","14.67999085","0.00108090","98.0397","169.2265","87.3041","272.9372","0","U","39208","999","4633","0.00001688900000","0.00000049","0.0000000000000","7045.604","98.092","675.085","659.853","PAYLOAD","LARGE","PRC","2013-07-19","TSC","","1690872","96071312","0 PAYLOAD A","1 39208U 13037A   14151.73991879  .00000049  00000-0  16889-4 0  9990","2 39208 098.0397 169.2265 0010809 087.3041 272.9372 14.67999085 46338"
"2.0","GENERATED VIA SPACE-TRACK.ORG API","2014-05-31T23:19:09","18 SPCS","PAYLOAD B","2013-037B","EARTH","TEME","UTC","SGP4","2014-05-31T18:07:50.302848","14.67522874","0.00064560","98.0385","168.8914","81.2286","278.9576","0","U","39209","999","4630","0.00002465000000","0.00000092","0.0000000000000","7047.128","98.124","673.543","664.444","PAYLOAD","LARGE","PRC","2013-07-19","TSC","","1690964","96073190","0 PAYLOAD B","1 39209U 13037B   14151.75544332  .00000092  00000-0  24650-4 0  9994","2 39209 098.0385 168.8914 0006456 081.2286 278.9576 14.67522874 46306"
"2.0","GENERATED VIA SPACE-TRACK.ORG API","2014-06-01T07:23:14","18 SPCS","PAYLOAD B","2013-037B","EARTH","TEME","UTC","SGP4","2014-06-01T02:18:45.429696","14.67523791","0.00064640","98.0384","169.2260","80.3760","279.8190","0","U","39209","999","4635","0.00005596600000","0.00000270","0.0000000000000","7047.125","98.124","673.545","664.435","PAYLOAD","LARGE","PRC","2013-07-19","TSC","","1691130","96076201","0 PAYLOAD B","1 39209U 13037B   14152.09635914  .00000270  00000-0  55966-4 0  9991","2 39209 098.0384 169.2260 0006464 080.3760 279.8190 14.67523791 46356"
"2.0","GENERATED VIA SPACE-TRACK.ORG API","2014-06-01T06:27:10","18 SPCS","PAYLOAD A","2013-037A","EARTH","TEME","UTC","SGP4","2014-06-01T05:12:32.729471","14.67998323","0.00107450","98.0394","169.6947","86.5604","273.6830","0","U","39208","999","4640","-0.00001869800000","-0.00000155","0.0000000000000","7045.606","98.092","675.042","659.901","PAYLOAD","LARGE","PRC","2013-07-19","TSC","","1691043","96074059","0 PAYLOAD A","1 39208U 13037A   14152.21704548 -.00000155  00000-0 -18698-4 0  9999","2 39208 098.0394 169.6947 0010745 086.5604 273.6830 14.67998323 46400"
"2.0","GENERATED VIA SPACE-TRACK.ORG API","2014-06-01T15:38:37","18 SPCS","PAYLOAD B","2013-037B","EARTH","TEME","UTC","SGP4","2014-06-01T08:51:29.396735","14.67523974","0.00065030","98.0387","169.4946","78.4295","281.7627","0","U","39209","999","4639","0.00004975200000","0.00000234","0.0000000000000","7047.125","98.124","673.572","664.407","PAYLOAD","LARGE","PRC","2013-07-19","TSC","","1691323","96079581","0 PAYLOAD B","1 39209U 13037B   14152.36909024  .00000234  00000-0  49752-4 0  9993","2 39209 098.0387 169.4946 0006503 078.4295 281.7627 14.67523974 46391"
"2.0","GENERATED VIA SPACE-TRACK.ORG API","2014-06-01T14:27:04","18 SPCS","PAYLOAD A","2013-037A","EARTH","TEME","UTC","SGP4","2014-06-01T11:45:09.127872","14.67999150","0.00107960","98.0395","169.9625","85.8841","274.3632","0","U","39208","999","4644","0.00000925260000","0.00000005","0.0000000000000","7045.604","98.092","675.075","659.862","PAYLOAD","LARGE","PRC","2013-07-19","TSC","","1691215","96077096","0 PAYLOAD A","1 39208U 13037A   14152.48968898  .00000005  00000-0  92526-5 0  9993","2 39208 098.0395 169.9625 0010796 085.8841 274.3632 14.67999150 46449"
"2.0","GENERATED VIA SPACE-TRACK.ORG API","2014-06-01T18:37:56","18 SPCS","PAYLOAD B","2013-037B","EARTH","TEME","UTC","SGP4","2014-06-01T13:46:02.419103","14.67523936","0.00065070","98.0389","169.6953","77.9383","282.2547","0","U","39209","999","4642","0.00004297600000","0.00000196","0.0000000000000","7047.125","98.124","673.575","664.404","PAYLOAD","LARGE","PRC","2013-07-19","TSC","","1691345","96079878","0 PAYLOAD B","1 39209U 13037B   14152.57363911  .00000196  00000-0  42976-4 0  9993","2 39209 098.0389 169.6953 0006507 077.9383 282.2547 14.67523936 46428"
"2.0","GENERATED VIA SPACE-TRACK.ORG API","2014-06-01T18:37:56","18 SPCS","PAYLOAD A","2013-037A","EARTH","TEME","UTC","SGP4","2014-06-01T16:39:36.358848","14.67999007","0.00107790","98.0394","170.1632","85.3881","274.8543","0","U","39208","999","4647","0.00001042100000","0.00000012","0.0000000000000","7045.604","98.092","675.064","659.875","PAYLOAD","LARGE","PRC","2013-07-19","TSC","","1691345","96079877","0 PAYLOAD A","1 39208U 13037A   14152.69417082  .00000012  00000-0  10421-4 0  9991","2 39208 098.0394 170.1632 0010779 085.3881 274.8543 14.67999007 46470"
"2.0","GENERATED VIA SPACE-TRACK.ORG API","2014-06-01T18:52:27","18 SPCS","PAYLOAD A","2013-037A","EARTH","TEME","UTC","SGP4","2014-06-01T18:17:45.476159","14.67998880","0.00108180","98.0396","170.2299","85.1807","275.0628","0","U","39208","999","4648","0.00000200580000","-0.00000037","0.0000000000000","7045.605","98.092","675.092","659.848","PAYLOAD","LARGE","PRC","2013-07-19","TSC","","1691347","96079880","0 PAYLOAD A","1 39208U 13037A   14152.76233190 -.00000037  00000-0  20058-5 0  9991","2 39208 098.0396 170.2299 0010818 085.1807 275.0628 14.67998880 46488"
"2.0","GENERATED VIA SPACE-TRACK.ORG API","2014-06-01T23:33:44","18 SPCS","PAYLOAD B","2013-037B","EARTH","TEME","UTC","SGP4","2014-06-01T18:40:35.427647","14.67522964","0.00065480","98.0390","169.8967","78.7391","281.4512","0","U","39209","999","4645","0.00000992880000","0.00000008","0.0000000000000","7047.128","98.124","673.607","664.378","PAYLOAD","LARGE","PRC","2013-07-19","TSC","","1691535","96082894","0 PAYLOAD B","1 39209U 13037B   14152.77818782  .00000008  00000-0  99288-5 0  9997","2 39209 098.0390 169.8967 0006548 078.7391 281.4512 14.67522964 46456"
"2.0","GENERATED VIA SPACE-TRACK.ORG API","2014-06-01T22:27:30","18 SPCS","PAYLOAD A","2013-037A","EARTH","TEME","UTC","SGP4","2014-06-01T21:34:03.677087","14.67999731","0.00108430","98.0398","170.3646","85.1973","275.0506","0","U","39208","999","4650","0.00003778300000","0.00000168","0.0000000000000","7045.602","98.092","675.107","659.827","PAYLOAD","LARGE","PRC","2013-07-19","TSC","","1691414","96080571","0 PAYLOAD A","1 39208U 13037A   14152.89865367  .00000168  00000-0  37783-4 0  9998","2 39208 098.0398 170.3646 0010843 085.1973 275.0506 14.67999731 46503"
"2.0","GENERATED VIA SPACE-TRACK.ORG API","2014-06-01T22:37:00","18 SPCS","PAYLOAD C","2013-037C","EARTH","TEME","UTC","SGP4","2014-06-01T21:53:11.426784","14.93645407","0.00358120","97.6802","169.0440","63.2332","297.2487","0","U","39210","999","4724","0.00006807800000","0.00000670","0.0000000000000","6964.721","96.408","611.528","561.644","PAYLOAD","LARGE","PRC","2013-07-19","TSC","","1691431","96080905","0 PAYLOAD C","1 39210U 13037C   14152.91193781  .00000670  00000-0  68078-4 0  9997","2 39210 097.6802 169.0440 0035812 063.2332 297.2487 14.93645407 47240"
"2.0","GENERATED VIA SPACE-TRACK.ORG API","2014-06-01T22:34:10","18 SPCS","PAYLOAD B","2013-037B","EARTH","TEME","UTC","SGP4","2014-06-01T21:56:57.497567","14.67523230","0.00065390","98.0389","170.0305","78.1973","281.9971","0","U","39209","999","4647","0.00002281600000","0.00000082","0.0000000000000","7047.127","98.124","673.600","664.384","PAYLOAD","LARGE","PRC","2013-07-19","TSC","","1691424","96080802","0 PAYLOAD B","1 39209U 13037B   14152.91455437  .00000082  00000-0  22816-4 0  9991","2 39209 098.0389 170.0305 0006539 078.1973 281.9971 14.67523230 46477"
"2.0","GENERATED VIA SPACE-TRACK.ORG API","2014-06-02T07:36:52","18 SPCS","PAYLOAD C","2013-037C","EARTH","TEME","UTC","SGP4","2014-06-02T04:19:03.808415","14.93646038","0.00357650","97.6804","169.3058","62.3701","298.1142","0","U","39210","999","4728","0.00006807800000","0.00000670","0.0000000000000","6964.719","96.408","611.494","561.675","PAYLOAD","LARGE","PRC","2013-07-19","TSC","","1691732","96085870","0 PAYLOAD C","1 39210U 13037C   14153.17990519  .00000670  00000-0  68078-4 0  9990","2 39210 097.6804 169.3058 0035765 062.3701 298.1142 14.93646038 47280"
"2.0","GENERATED VIA SPACE-TRACK.ORG API","2014-06-02T07:35:47","18 SPCS","PAYLOAD B","2013-037B","EARTH","TEME","UTC","SGP4","2014-06-02T04:29:41.490527","14.67522704","0.00065410","98.0388","170.2981","77.0124","283.1795","0","U","39209","999","4651","-0.00001424300000","-0.00000129","0.0000000000000","7047.129","98.124","673.603","664.384","PAYLOAD","LARGE","PRC","2013-07-19","TSC","","1691731","96085843","0 PAYLOAD B","1 39209U 13037B   14153.18728577 -.00000129  00000-0 -14243-4 0  9998","2 39209 098.0388 170.2981 0006541 077.0124 283.1795 14.67522704 46515"
"2.0","GENERATED VIA SPACE-TRACK.ORG API","2014-06-02T06:46:51","18 SPCS","PAYLOAD A","2013-037A","EARTH","TEME","UTC","SGP4","2014-06-02T05:44:49.037280","14.68000842","0.00107850","98.0398","170.6997","84.2414","276.0032","0","U","39208","999","4655","0.00007719000000","0.00000394","0.0000000000000","7045.598","98.092","675.062","659.865","PAYLOAD","LARGE","PRC","2013-07-19","TSC","","1691651","96083855","0 PAYLOAD A","1 39208U 13037A   14153.23945645  .00000394  00000-0  77190-4 0  9992","2 39208 098.0398 170.6997 0010785 084.2414 276.0032 14.68000842 46557"
"2.0","GENERATED VIA SPACE-TRACK.ORG API","2014-06-02T14:25:46","18 SPCS","PAYLOAD A","2013-037A","EARTH","TEME","UTC","SGP4","2014-06-02T12:17:25.354463","14.68001288","0.00107970","98.0402","170.9683","83.3996","276.8439","0","U","39208","999","4659","0.00008114700000","0.00000417","0.0000000000000","7045.597","98.092","675.069","659.855","PAYLOAD","LARGE","PRC","2013-07-19","TSC","","1691774","96086529","0 PAYLOAD A","1 39208U 13037A   14153.51209901  .00000417  00000-0  81147-4 0  9994","2 39208 098.0402 170.9683 0010797 083.3996 276.8439 14.68001288 46594"
"2.0","GENERATED VIA SPACE-TRACK.ORG API","2014-06-02T15:29:45","18 SPCS","PAYLOAD C","2013-037C","EARTH","TEME","UTC","SGP4","2014-06-02T12:21:24.195168","14.93646586","0.00357770","97.6807","169.6333","61.2230","299.2575","0","U","39210","999","4733","0.00006807800000","0.00000670","0.0000000000000","6964.718","96.408","611.500","561.665","PAYLOAD","LARGE","PRC","2013-07-19","TSC","","1691873","96088687","0 PAYLOAD C","1 39210U 13037C   14153.51486337  .00000670  00000-0  68078-4 0  9996","2 39210 097.6807 169.6333 0035777 061.2230 299.2575 14.93646586 47336"
"2.0","GENERATED VIA SPACE-TRACK.ORG API","2014-06-02T15:26:48","18 SPCS","PAYLOAD B","2013-037B","EARTH","TEME","UTC","SGP4","2014-06-02T12:40:36.495551","14.67524483","0.00065130","98.0393","170.6332","75.8399","284.3549","0","U","39209","999","4656","0.00007633700000","0.00000385","0.0000000000000","7047.123","98.124","673.578","664.398","PAYLOAD","LARGE","PRC","2013-07-19","TSC","","1691872","96088641","0 PAYLOAD B","1 39209U 13037B   14153.52820018  .00000385  00000-0  76337-4 0  9993","2 39209 098.0393 170.6332 0006513 075.8399 284.3549 14.67524483 46565"
"2.0","GENERATED VIA SPACE-TRACK.ORG API","2014-06-02T23:08:38","18 SPCS","PAYLOAD C","2013-037C","EARTH","TEME","UTC","SGP4","2014-06-02T20:23:44.613024","14.93646746","0.00357850","97.6805","169.9606","60.2714","300.2055","0","U","39210","999","4738","0.00006807800000","0.00000670","0.0000000000000","6964.717","96.408","611.505","561.659","PAYLOAD","LARGE","PRC","2013-07-19","TSC","","1692053","96091033","0 PAYLOAD C","1 39210U 13037C   14153.84982191  .00000670  00000-0  68078-4 0  9991","2 39210 097.6805 169.9606 0035785 060.2714 300.2055 14.93646746 47384"
"2.0","GENERATED VIA SPACE-TRACK.ORG API","2014-06-02T22:22:12","18 SPCS","PAYLOAD A","2013-037A","EARTH","TEME","UTC","SGP4","2014-06-02T20:28:10.877087","14.67999406","0.00108600","98.0399","171.3032","82.6436","277.5983","0","U","39208","999","4664","-0.00000535230000","-0.00000079","0.0000000000000","7045.603","98.092","675.120","659.816","PAYLOAD","LARGE","PRC","2013-07-19","TSC","","1691981","96089384","0 PAYLOAD A","1 39208U 13037A   14153.85290367 -.00000079  00000-0 -53523-5 0  9991","2 39208 098.0399 171.3032 0010860 082.6436 277.5983 14.67999406 46649"
"2.0","GENERATED VIA SPACE-TRACK.ORG API","2014-06-02T23:09:06","18 SPCS","PAYLOAD B","2013-037B","EARTH","TEME","UTC","SGP4","2014-06-02T20:51:31.535136","14.67523609","0.00065560","98.0388","170.9680","75.2530","284.9408","0","U","39209","999","4661","0.00003171000000","0.00000132","0.0000000000000","7047.126","98.124","673.611","664.371","PAYLOAD","LARGE","PRC","2013-07-19","TSC","","1692054","96091049","0 PAYLOAD B","1 39209U 13037B   14153.86911499  .00000132  00000-0  31710-4 0  9990","2 39209 098.0388 170.9680 0006556 075.2530 284.9408 14.67523609 46611"
"2.0","GENERATED VIA SPACE-TRACK.ORG API","2014-06-03T05:00:53","18 SPCS","PAYLOAD C","2013-037C","EARTH","TEME","UTC","SGP4","2014-06-03T04:26:04.972128","14.93647266","0.00357500","97.6804","170.2880","59.2240","301.2490","0","U","39210","999","4743","0.00006807800000","0.00000670","0.0000000000000","6964.716","96.408","611.479","561.682","PAYLOAD","LARGE","PRC","2013-07-19","TSC","","1692110","96091271","0 PAYLOAD C","1 39210U 13037C   14154.18477977  .00000670  00000-0  68078-4 0  9990","2 39210 097.6804 170.2880 0035750 059.2240 301.2490 14.93647266 47434"
"2.0","GENERATED VIA SPACE-TRACK.ORG API","2014-06-03T06:31:26","18 SPCS","PAYLOAD A","2013-037A","EARTH","TEME","UTC","SGP4","2014-06-03T04:38:56.378111","14.67999370","0.00108560","98.0399","171.6379","81.6313","278.6123","0","U","39208","999","4669","-0.00000721560000","-0.00000090","0.0000000000000","7045.603","98.092","675.117","659.819","PAYLOAD","LARGE","PRC","2013-07-19","TSC","","1692151","96091937","0 PAYLOAD A","1 39208U 13037A   14154.19370808 -.00000090  00000-0 -72156-5 0  9994","2 39208 098.0399 171.6379 0010856 081.6313 278.6123 14.67999370 46697"
"2.0","GENERATED VIA SPACE-TRACK.ORG API","2014-06-03T07:43:28","18 SPCS","PAYLOAD B","2013-037B","EARTH","TEME","UTC","SGP4","2014-06-03T05:02:26.450303","14.67524139","0.00064590","98.0386","171.3024","75.1625","285.0292","0","U","39209","999","4666","0.00003208800000","0.00000134","0.0000000000000","7047.124","98.124","673.541","664.437","PAYLOAD","LARGE","PRC","2013-07-19","TSC","","1692239","96094125","0 PAYLOAD B","1 39209U 13037B   14154.21002836  .00000134  00000-0  32088-4 0  9997","2 39209 098.0386 171.3024 0006459 075.1625 285.0292 14.67524139 46669"
"2.0","GENERATED VIA SPACE-TRACK.ORG API","2014-06-03T15:29:39","18 SPCS","PAYLOAD C","2013-037C","EARTH","TEME","UTC","SGP4","2014-06-03T12:28:25.339007","14.93647626","0.00357660","97.6807","170.6156","58.1329","302.3359","0","U","39210","999","4748","0.00006807800000","0.00000670","0.0000000000000","6964.715","96.408","611.490","561.670","PAYLOAD","LARGE","PRC","2013-07-19","TSC","","1692384","96097123","0 PAYLOAD C","1 39210U 13037C   14154.51973772  .00000670  00000-0  68078-4 0  9991","2 39210 097.6807 170.6156 0035766 058.1329 302.3359 14.93647626 47481"
"2.0","GENERATED VIA SPACE-TRACK.ORG API","2014-06-03T14:29:13","18 SPCS","PAYLOAD A","2013-037A","EARTH","TEME","UTC","SGP4","2014-06-03T12:49:41.837663","14.67999223","0.00108510","98.0397","171.9722","80.8872","279.3561","0","U","39208","999","4674","-0.00001861000000","-0.00000155","0.0000000000000","7045.604","98.092","675.114","659.823","PAYLOAD","LARGE","PRC","2013-07-19","TSC","","1692291","96095068","0 PAYLOAD A","1 39208U 13037A   14154.53451201 -.00000155  00000-0 -18610-4 0  9995","2 39208 098.0397 171.9722 0010851 080.8872 279.3561 14.67999223 46743"
"2.0","GENERATED VIA SPACE-TRACK.ORG API","2014-06-03T15:33:43","18 SPCS","PAYLOAD B","2013-037B","EARTH","TEME","UTC","SGP4","2014-06-03T13:13:21.421632","14.67525717","0.00064490","98.0390","171.6373","73.4169","286.7754","0","U","39209","999","4671","0.00010937000000","0.00000572","0.0000000000000","7047.119","98.124","673.529","664.439","PAYLOAD","LARGE","PRC","2013-07-19","TSC","","1692387","96097185","0 PAYLOAD B","1 39209U 13037B   14154.55094238  .00000572  00000-0  10937-3 0  9995","2 39209 098.0390 171.6373 0006449 073.4169 286.7754 14.67525717 46717"
"2.0","GENERATED VIA SPACE-TRACK.ORG API","2014-06-03T23:24:08","18 SPCS","PAYLOAD C","2013-037C","EARTH","TEME","UTC","SGP4","2014-06-03T20:30:45.744767","14.93647908","0.00357850","97.6807","170.9429","57.2332","303.2335","0","U","39210","999","4753","0.00006807800000","0.00000670","0.0000000000000","6964.714","96.408","611.502","561.655","PAYLOAD","LARGE","PRC","2013-07-19","TSC","","1692592","96100058","0 PAYLOAD C","1 39210U 13037C   14154.85469612  .00000670  00000-0  68078-4 0  9991","2 39210 097.6807 170.9429 0035785 057.2332 303.2335 14.93647908 47535"
"2.0","GENERATED VIA SPACE-TRACK.ORG API","2014-06-03T22:23:00","18 SPCS","PAYLOAD A","2013-037A","EARTH","TEME","UTC","SGP4","2014-06-03T21:00:27.317087","14.67999956","0.00108680","98.0397","172.3070","79.8596","280.3855","0","U","39208","999","4679","0.00002035600000","0.00000069","0.0000000000000","7045.601","98.092","675.123","659.809","PAYLOAD","LARGE","PRC","2013-07-19","TSC","","1692492","96097867","0 PAYLOAD A","1 39208U 13037A   14154.87531617  .00000069  00000-0  20356-4 0  9994","2 39208 098.0397 172.3070 0010868 079.8596 280.3855 14.67999956 46799"
"2.0","GENERATED VIA SPACE-TRACK.ORG API","2014-06-03T23:22:40","18 SPCS","PAYLOAD B","2013-037B","EARTH","TEME","UTC","SGP4","2014-06-03T21:24:16.483680","14.67523797","0.00065150","98.0382","171.9727","73.0147","287.1762","0","U","39209","999","4676","0.00000997850000","0.00000009","0.0000000000000","7047.125","98.124","673.581","664.399","PAYLOAD","LARGE","PRC","2013-07-19","TSC","","1692589","96100014","0 PAYLOAD B","1 39209U 13037B   14154.89185745  .00000009  00000-0  99785-5 0  9991","2 39209 098.0382 171.9727 0006515 073.0147 287.1762 14.67523797 46765"
"2.0","GENERATED VIA SPACE-TRACK.ORG API","2014-06-04T07:36:04","18 SPCS","PAYLOAD C","2013-037C","EARTH","TEME","UTC","SGP4","2014-06-04T04:33:06.053759","14.93648606","0.00357370","97.6805","171.2700","56.1677","304.2943","0","U","39210","999","4758","0.00006807800000","0.00000670","0.0000000000000","6964.711","96.408","611.466","561.687","PAYLOAD","LARGE","PRC","2013-07-19","TSC","","1692791","96102928","0 PAYLOAD C","1 39210U 13037C   14155.18965340  .00000670  00000-0  68078-4 0  9997","2 39210 097.6805 171.2700 0035737 056.1677 304.2943 14.93648606 47583"
"2.0","GENERATED VIA SPACE-TRACK.ORG API","2014-06-04T06:24:46","18 SPCS","PAYLOAD A","2013-037A","EARTH","TEME","UTC","SGP4","2014-06-04T05:11:12.741215","14.68000067","0.00108660","98.0398","172.6417","78.7380","281.5047","0","U","39208","999","4684","0.00002116200000","0.00000073","0.0000000000000","7045.601","98.092","675.122","659.810","PAYLOAD","LARGE","PRC","2013-07-19","TSC","","1692706","96100859","0 PAYLOAD A","1 39208U 13037A   14155.21611969  .00000073  00000-0  21162-4 0  9993","2 39208 098.0398 172.6417 0010866 078.7380 281.5047 14.68000067 46844"
"2.0","GENERATED VIA SPACE-TRACK.ORG API","2014-06-04T07:35:46","18 SPCS","PAYLOAD B","2013-037B","EARTH","TEME","UTC","SGP4","2014-06-04T05:35:11.479200","14.67523902","0.00064700","98.0381","172.3070","72.3490","287.8424","0","U","39209","999","4681","0.00000400620000","-0.00000025","0.0000000000000","7047.125","98.124","673.549","664.430","PAYLOAD","LARGE","PRC","2013-07-19","TSC","","1692790","96102898","0 PAYLOAD B","1 39209U 13037B   14155.23277175 -.00000025  00000-0  40062-5 0  9992","2 39209 098.0381 172.3070 0006470 072.3490 287.8424 14.67523902 46819"
"2.0","GENERATED VIA SPACE-TRACK.ORG API","2014-06-04T15:27:10","18 SPCS","PAYLOAD B","2013-037B","EARTH","TEME","UTC","SGP4","2014-06-04T12:07:55.419456","14.67524872","0.00065120","98.0385","172.5758","72.3373","287.8540","0","U","39209","999","4685","0.00004579600000","0.00000212","0.0000000000000","7047.122","98.124","673.576","664.398","PAYLOAD","LARGE","PRC","2013-07-19","TSC","","1692925","96105789","0 PAYLOAD B","1 39209U 13037B   14155.50550254  .00000212  00000-0  45796-4 0  9999","2 39209 098.0385 172.5758 0006512 072.3373 287.8540 14.67524872 46855"
"2.0","GENERATED VIA SPACE-TRACK.ORG API","2014-06-04T15:28:19","18 SPCS","PAYLOAD C","2013-037C","EARTH","TEME","UTC","SGP4","2014-06-04T12:35:26.371391","14.93648996","0.00357610","97.6806","171.5976","55.1606","305.2963","0","U","39210","999","4763","0.00006807800000","0.00000670","0.0000000000000","6964.710","96.408","611.482","561.669","PAYLOAD","LARGE","PRC","2013-07-19","TSC","","1692927","96105829","0 PAYLOAD C","1 39210U 13037C   14155.52461078  .00000670  00000-0  68078-4 0  9994","2 39210 097.6806 171.5976 0035761 055.1606 305.2963 14.93648996 47631"
"2.0","GENERATED VIA SPACE-TRACK.ORG API","2014-06-04T14:29:19","18 SPCS","PAYLOAD A","2013-037A","EARTH","TEME","UTC","SGP4","2014-06-04T13:21:58.197311","14.67999969","0.00108750","98.0397","172.9764","77.5278","282.7136","0","U","39208","999","4689","0.00001432400000","0.00000034","0.0000000000000","7045.601","98.092","675.128","659.804","PAYLOAD","LARGE","PRC","2013-07-19","TSC","","1692832","96103674","0 PAYLOAD A","1 39208U 13037A   14155.55692358  .00000034  00000-0  14324-4 0  9990","2 39208 098.0397 172.9764 0010875 077.5278 282.7136 14.67999969 46898"
"2.0","GENERATED VIA SPACE-TRACK.ORG API","2014-06-04T16:53:31","18 SPCS","PAYLOAD A","2013-037A","EARTH","TEME","UTC","SGP4","2014-06-04T15:00:07.299936","14.67999576","0.00108900","98.0399","173.0432","77.1023","283.1373","0","U","39208","999","4690","0.00000180760000","-0.00000038","0.0000000000000","7045.602","98.092","675.140","659.795","PAYLOAD","LARGE","PRC","2013-07-19","TSC","","1692961","96106052","0 PAYLOAD A","1 39208U 13037A   14155.62508449 -.00000038  00000-0  18076-5 0  9999","2 39208 098.0399 173.0432 0010890 077.1023 283.1373 14.67999576 46909"
"2.0","GENERATED VIA SPACE-TRACK.ORG API","2014-06-04T22:23:10","18 SPCS","PAYLOAD A","2013-037A","EARTH","TEME","UTC","SGP4","2014-06-04T18:16:25.525055","14.68000250","0.00108710","98.0401","173.1783","77.8191","282.4320","0","U","39208","999","4692","0.00000518890000","-0.00000018","0.0000000000000","7045.600","98.092","675.125","659.806","PAYLOAD","LARGE","PRC","2013-07-19","TSC","","1693018","96106710","0 PAYLOAD A","1 39208U 13037A   14155.76140654 -.00000018  00000-0  51889-5 0  9991","2 39208 098.0401 173.1783 0010871 077.8191 282.4320 14.68000250 46924"
"2.0","GENERATED VIA SPACE-TRACK.ORG API","2014-06-04T22:32:24","18 SPCS","PAYLOAD B","2013-037B","EARTH","TEME","UTC","SGP4","2014-06-04T20:18:50.466816","14.67523912","0.00065260","98.0385","172.9104","72.5901","287.6012","0","U","39209","999","4690","0.00000732350000","-0.00000006","0.0000000000000","7047.125","98.124","673.589","664.391","PAYLOAD","LARGE","PRC","2013-07-19","TSC","","1693030","96106990","0 PAYLOAD B","1 39209U 13037B   14155.84641744 -.00000006  00000-0  73235-5 0  9993","2 39209 098.0385 172.9104 0006526 072.5901 287.6012 14.67523912 46900"
"2.0","GENERATED VIA SPACE-TRACK.ORG API","2014-06-04T23:11:35","18 SPCS","PAYLOAD C","2013-037C","EARTH","TEME","UTC","SGP4","2014-06-04T20:37:46.720128","14.93649319","0.00357390","97.6806","171.9250","54.1208","306.3323","0","U","39210","999","4768","0.00006807800000","0.00000670","0.0000000000000","6964.709","96.408","611.465","561.683","PAYLOAD","LARGE","PRC","2013-07-19","TSC","","1693089","96108426","0 PAYLOAD C","1 39210U 13037C   14155.85956852  .00000670  00000-0  68078-4 0  9999","2 39210 097.6806 171.9250 0035739 054.1208 306.3323 14.93649319 47689"
"2.0","GENERATED VIA SPACE-TRACK.ORG API","2014-06-05T06:22:40","18 SPCS","PAYLOAD A","2013-037A","EARTH","TEME","UTC","SGP4","2014-06-05T02:27:10.777247","14.68000849","0.00108030","98.0399","173.5131","77.1207","283.1215","0","U","39208","999","4697","0.00001502100000","0.00000038","0.0000000000000","7045.598","98.092","675.075","659.852","PAYLOAD","LARGE","PRC","2013-07-19","TSC","","1693203","96109063","0 PAYLOAD A","1 39208U 13037A   14156.10220807  .00000038  00000-0  15021-4 0  9997","2 39208 098.0399 173.5131 0010803 077.1207 283.1215 14.68000849 46977"
"2.0","GENERATED VIA SPACE-TRACK.ORG API","2014-06-05T06:36:58","18 SPCS","PAYLOAD B","2013-037B","EARTH","TEME","UTC","SGP4","2014-06-05T04:29:45.444191","14.67523987","0.00064790","98.0384","173.2447","71.6159","288.5747","0","U","39209","999","4695","-0.00000023479000","-0.00000049","0.0000000000000","7047.125","98.124","673.555","664.424","PAYLOAD","LARGE","PRC","2013-07-19","TSC","","1693224","96109586","0 PAYLOAD B","1 39209U 13037B   14156.18733153 -.00000049  00000-0 -23479-6 0  9991","2 39209 098.0384 173.2447 0006479 071.6159 288.5747 14.67523987 46957"
"2.0","GENERATED VIA SPACE-TRACK.ORG API","2014-06-05T07:32:56","18 SPCS","PAYLOAD C","2013-037C","EARTH","TEME","UTC","SGP4","2014-06-05T04:40:06.985920","14.93650079","0.00356680","97.6804","172.2523","53.0375","307.4108","0","U","39210","999","4773","0.00006807800000","0.00000670","0.0000000000000","6964.707","96.408","611.414","561.730","PAYLOAD","LARGE","PRC","2013-07-19","TSC","","1693284","96111074","0 PAYLOAD C","1 39210U 13037C   14156.19452530  .00000670  00000-0  68078-4 0  9991","2 39210 097.6804 172.2523 0035668 053.0375 307.4108 14.93650079 47732"
"2.0","GENERATED VIA SPACE-TRACK.ORG API","2014-06-05T11:13:49","18 SPCS","PAYLOAD A","2013-037A","EARTH","TEME","UTC","SGP4","2014-06-05T07:21:38.022912","14.68001335","0.00108160","98.0401","173.7146","76.2608","283.9808","0","U","39208","999","4700","0.00003780100000","0.00000169","0.0000000000000","7045.597","98.092","675.082","659.841","PAYLOAD","LARGE","PRC","2013-07-19","TSC","","1693297","96111364","0 PAYLOAD A","1 39208U 13037A   14156.30669008  .00000169  00000-0  37801-4 0  9994","2 39208 098.0401 173.7146 0010816 076.2608 283.9808 14.68001335 47000"
"2.0","GENERATED VIA SPACE-TRACK.ORG API","2014-06-05T11:31:16","18 SPCS","PAYLOAD C","2013-037C","EARTH","TEME","UTC","SGP4","2014-06-05T09:29:31.134335","14.93650587","0.00356520","97.6806","172.4489","52.3731","308.0722","0","U","39210","999","4776","0.00006807800000","0.00000670","0.0000000000000","6964.705","96.408","611.401","561.740","PAYLOAD","LARGE","PRC","2013-07-19","TSC","","1693320","96111903","0 PAYLOAD C","1 39210U 13037C   14156.39549924  .00000670  00000-0  68078-4 0  9997","2 39210 097.6806 172.4489 0035652 052.3731 308.0722 14.93650587 47764"
"2.0","GENERATED VIA SPACE-TRACK.ORG API","2014-06-05T20:21:47","18 SPCS","PAYLOAD A","2013-037A","EARTH","TEME","UTC","SGP4","2014-06-05T18:48:41.667839","14.67999731","0.00108530","98.0404","174.1833","74.7878","285.4493","0","U","39208","999","4707","-0.00003020000000","-0.00000221","0.0000000000000","7045.602","98.092","675.114","659.820","PAYLOAD","LARGE","PRC","2013-07-19","TSC","","1693475","96113856","0 PAYLOAD A","1 39208U 13037A   14156.78381560 -.00000221  00000-0 -30200-4 0  9997","2 39208 098.0404 174.1833 0010853 074.7878 285.4493 14.67999731 47073"
"2.0","GENERATED VIA SPACE-TRACK.ORG API","2014-06-05T21:28:02","18 SPCS","PAYLOAD C","2013-037C","EARTH","TEME","UTC","SGP4","2014-06-05T19:08:19.500287","14.93650993","0.00356830","97.6804","172.8416","51.1034","309.3360","0","U","39210","999","4782","0.00006807800000","0.00000670","0.0000000000000","6964.704","96.408","611.421","561.717","PAYLOAD","LARGE","PRC","2013-07-19","TSC","","1693580","96116188","0 PAYLOAD C","1 39210U 13037C   14156.79744792  .00000670  00000-0  68078-4 0  9991","2 39210 097.6804 172.8416 0035683 051.1034 309.3360 14.93650993 47823"
"2.0","GENERATED VIA SPACE-TRACK.ORG API","2014-06-05T22:54:26","18 SPCS","PAYLOAD C","2013-037C","EARTH","TEME","UTC","SGP4","2014-06-05T20:44:47.554656","14.93651158","0.00357030","97.6804","172.9070","50.8629","309.5756","0","U","39210","999","4783","0.00006807800000","0.00000670","0.0000000000000","6964.704","96.408","611.435","561.702","PAYLOAD","LARGE","PRC","2013-07-19","TSC","","1693673","96118063","0 PAYLOAD C","1 39210U 13037C   14156.86443929  .00000670  00000-0  68078-4 0  9997","2 39210 097.6804 172.9070 0035703 050.8629 309.5756 14.93651158 47835"
"2.0","GENERATED VIA SPACE-TRACK.ORG API","2014-06-05T21:37:11","18 SPCS","PAYLOAD B","2013-037B","EARTH","TEME","UTC","SGP4","2014-06-05T20:51:35.451647","14.67524268","0.00064820","98.0386","173.9137","70.0540","290.1376","0","U","39209","999","4705","0.00000918380000","0.00000004","0.0000000000000","7047.124","98.124","673.557","664.421","PAYLOAD","LARGE","PRC","2013-07-19","TSC","","1693600","96116444","0 PAYLOAD B","1 39209U 13037B   14156.86916032  .00000004  00000-0  91838-5 0  9997","2 39209 098.0386 173.9137 0006482 070.0540 290.1376 14.67524268 47055"
"2.0","GENERATED VIA SPACE-TRACK.ORG API","2014-06-06T02:12:33","18 SPCS","PAYLOAD C","2013-037C","EARTH","TEME","UTC","SGP4","2014-06-06T01:34:11.696160","14.93651680","0.00357310","97.6807","173.1039","50.3742","310.0629","0","U","39210","999","4786","0.00006807800000","0.00000670","0.0000000000000","6964.702","96.408","611.452","561.681","PAYLOAD","LARGE","PRC","2013-07-19","TSC","","1693716","96118216","0 PAYLOAD C","1 39210U 13037C   14157.06541315  .00000670  00000-0  68078-4 0  9998","2 39210 097.6807 173.1039 0035731 050.3742 310.0629 14.93651680 47867"
"2.0","GENERATED VIA SPACE-TRACK.ORG API","2014-06-06T07:27:03","18 SPCS","PAYLOAD B","2013-037B","EARTH","TEME","UTC","SGP4","2014-06-06T03:24:19.386719","14.67524719","0.00064640","98.0383","174.1813","68.7828","291.4061","0","U","39209","999","4709","0.00002419100000","0.00000089","0.0000000000000","7047.122","98.124","673.542","664.432","PAYLOAD","LARGE","PRC","2013-07-19","TSC","","1693835","96120315","0 PAYLOAD B","1 39209U 13037B   14157.14189105  .00000089  00000-0  24191-4 0  9992","2 39209 098.0383 174.1813 0006464 068.7828 291.4061 14.67524719 47099"
"2.0","GENERATED VIA SPACE-TRACK.ORG API","2014-06-06T06:24:56","18 SPCS","PAYLOAD A","2013-037A","EARTH","TEME","UTC","SGP4","2014-06-06T04:37:36.263712","14.67999750","0.00108440","98.0404","174.5849","73.5603","286.6794","0","U","39208","999","4713","-0.00002429600000","-0.00000188","0.0000000000000","7045.602","98.092","675.107","659.827","PAYLOAD","LARGE","PRC","2013-07-19","TSC","","1693768","96118633","0 PAYLOAD A","1 39208U 13037A   14157.19278083 -.00000188  00000-0 -24296-4 0  9998","2 39208 098.0404 174.5849 0010844 073.5603 286.6794 14.67999750 47132"
"2.0","GENERATED VIA SPACE-TRACK.ORG API","2014-06-06T07:27:11","18 SPCS","PAYLOAD C","2013-037C","EARTH","TEME","UTC","SGP4","2014-06-06T04:47:07.798848","14.93651863","0.00356780","97.6804","173.2345","49.8687","310.5657","0","U","39210","999","4788","0.00006807800000","0.00000670","0.0000000000000","6964.701","96.408","611.415","561.718","PAYLOAD","LARGE","PRC","2013-07-19","TSC","","1693836","96120335","0 PAYLOAD C","1 39210U 13037C   14157.19939582  .00000670  00000-0  68078-4 0  9999","2 39210 097.6804 173.2345 0035678 049.8687 310.5657 14.93651863 47887"
"2.0","GENERATED VIA SPACE-TRACK.ORG API","2014-06-06T14:22:58","18 SPCS","PAYLOAD A","2013-037A","EARTH","TEME","UTC","SGP4","2014-06-06T11:10:12.573119","14.68000575","0.00108390","98.0405","174.8528","73.2542","286.9869","0","U","39208","999","4717","-0.00000386590000","-0.00000070","0.0000000000000","7045.599","98.092","675.101","659.828","PAYLOAD","LARGE","PRC","2013-07-19","TSC","","1693875","96120878","0 PAYLOAD A","1 39208U 13037A   14157.46542330 -.00000070  00000-0 -38659-5 0  9996","2 39208 098.0405 174.8528 0010839 073.2542 286.9869 14.68000575 47172"
"2.0","GENERATED VIA SPACE-TRACK.ORG API","2014-06-06T15:06:53","18 SPCS","PAYLOAD B","2013-037B","EARTH","TEME","UTC","SGP4","2014-06-06T11:35:14.321759","14.67525853","0.00064840","98.0386","174.5161","67.9753","292.2145","0","U","39209","999","4714","0.00005814800000","0.00000282","0.0000000000000","7047.119","98.124","673.553","664.414","PAYLOAD","LARGE","PRC","2013-07-19","TSC","","1693959","96122460","0 PAYLOAD B","1 39209U 13037B   14157.48280465  .00000282  00000-0  58148-4 0  9994","2 39209 098.0386 174.5161 0006484 067.9753 292.2145 14.67525853 47140"
"2.0","GENERATED VIA SPACE-TRACK.ORG API","2014-06-06T15:07:49","18 SPCS","PAYLOAD C","2013-037C","EARTH","TEME","UTC","SGP4","2014-06-06T12:49:27.981696","14.93652769","0.00356680","97.6807","173.5621","48.8296","311.5991","0","U","39210","999","4793","0.00006807800000","0.00000670","0.0000000000000","6964.699","96.407","611.405","561.722","PAYLOAD","LARGE","PRC","2013-07-19","TSC","","1693960","96122494","0 PAYLOAD C","1 39210U 13037C   14157.53435164  .00000670  00000-0  68078-4 0  9994","2 39210 097.6807 173.5621 0035668 048.8296 311.5991 14.93652769 47938"
"2.0","GENERATED VIA SPACE-TRACK.ORG API","2014-06-06T16:34:57","18 SPCS","PAYLOAD C","2013-037C","EARTH","TEME","UTC","SGP4","2014-06-06T16:02:24.080928","14.93652946","0.00357120","97.6810","173.6932","48.5182","311.9092","0","U","39210","999","4795","0.00006807800000","0.00000670","0.0000000000000","6964.698","96.407","611.435","561.691","PAYLOAD","LARGE","PRC","2013-07-19","TSC","","1693990","96122880","0 PAYLOAD C","1 39210U 13037C   14157.66833427  .00000670  00000-0  68078-4 0  9992","2 39210 097.6810 173.6932 0035712 048.5182 311.9092 14.93652946 47954"
"2.0","GENERATED VIA SPACE-TRACK.ORG API","2014-06-06T22:29:40","18 SPCS","PAYLOAD A","2013-037A","EARTH","TEME","UTC","SGP4","2014-06-06T19:20:58.003296","14.68000288","0.00108350","98.0404","175.1877","72.1328","288.1057","0","U","39208","999","4722","-0.00001052300000","-0.00000109","0.0000000000000","7045.600","98.092","675.099","659.831","PAYLOAD","LARGE","PRC","2013-07-19","TSC","","1694089","96123605","0 PAYLOAD A","1 39208U 13037A   14157.80622689 -.00000109  00000-0 -10523-4 0  9992","2 39208 098.0404 175.1877 0010835 072.1328 288.1057 14.68000288 47228"
"2.0","GENERATED VIA SPACE-TRACK.ORG API","2014-06-06T23:46:56","18 SPCS","PAYLOAD B","2013-037B","EARTH","TEME","UTC","SGP4","2014-06-06T19:46:09.293952","14.67525563","0.00064980","98.0389","174.8506","67.0956","293.0914","0","U","39209","999","4719","0.00004972900000","0.00000234","0.0000000000000","7047.120","98.124","673.564","664.405","PAYLOAD","LARGE","PRC","2013-07-19","TSC","","1694258","96126440","0 PAYLOAD B","1 39209U 13037B   14157.82371868  .00000234  00000-0  49729-4 0  9992","2 39209 098.0389 174.8506 0006498 067.0956 293.0914 14.67525563 47196"
"2.0","GENERATED VIA SPACE-TRACK.ORG API","2014-06-06T23:48:30","18 SPCS","PAYLOAD C","2013-037C","EARTH","TEME","UTC","SGP4","2014-06-06T20:51:48.205151","14.93653547","0.00357220","97.6806","173.8895","47.6993","312.7247","0","U","39210","999","4798","0.00006807800000","0.00000670","0.0000000000000","6964.696","96.407","611.440","561.682","PAYLOAD","LARGE","PRC","2013-07-19","TSC","","1694262","96126487","0 PAYLOAD C","1 39210U 13037C   14157.86930793  .00000670  00000-0  68078-4 0  9998","2 39210 097.6806 173.8895 0035722 047.6993 312.7247 14.93653547 47982"
"2.0","GENERATED VIA SPACE-TRACK.ORG API","2014-06-07T07:07:40","18 SPCS","PAYLOAD C","2013-037C","EARTH","TEME","UTC","SGP4","2014-06-07T03:17:40.292160","14.93654341","0.00355970","97.6808","174.1507","46.8776","313.5413","0","U","39210","999","4802","0.00006807800000","0.00000670","0.0000000000000","6964.694","96.407","611.351","561.766","PAYLOAD","LARGE","PRC","2013-07-19","TSC","","1694550","96128966","0 PAYLOAD C","1 39210U 13037C   14158.13727190  .00000670  00000-0  68078-4 0  9994","2 39210 097.6808 174.1507 0035597 046.8776 313.5413 14.93654341 48021"
"2.0","GENERATED VIA SPACE-TRACK.ORG API","2014-06-07T06:20:41","18 SPCS","PAYLOAD A","2013-037A","EARTH","TEME","UTC","SGP4","2014-06-07T03:31:43.452479","14.68000221","0.00108350","98.0403","175.5225","71.0676","289.1702","0","U","39208","999","4727","-0.00001167700000","-0.00000115","0.0000000000000","7045.600","98.092","675.099","659.831","PAYLOAD","LARGE","PRC","2013-07-19","TSC","","1694476","96127284","0 PAYLOAD A","1 39208U 13037A   14158.14703070 -.00000115  00000-0 -11677-4 0  9992","2 39208 098.0403 175.5225 0010835 071.0676 289.1702 14.68000221 47272"
"2.0","GENERATED VIA SPACE-TRACK.ORG API","2014-06-07T07:08:59","18 SPCS","PAYLOAD B","2013-037B","EARTH","TEME","UTC","SGP4","2014-06-07T03:57:04.272192","14.67526795","0.00064670","98.0387","175.1853","66.6385","293.5533","0","U","39209","999","4724","0.00008581600000","0.00000439","0.0000000000000","7047.116","98.124","673.538","664.423","PAYLOAD","LARGE","PRC","2013-07-19","TSC","","1694551","96128985","0 PAYLOAD B","1 39209U 13037B   14158.16463278  .00000439  00000-0  85816-4 0  9991","2 39209 098.0387 175.1853 0006467 066.6385 293.5533 14.67526795 47246"
"2.0","GENERATED VIA SPACE-TRACK.ORG API","2014-06-07T06:59:04","18 SPCS","PAYLOAD C","2013-037C","EARTH","TEME","UTC","SGP4","2014-06-07T06:30:36.373247","14.93654778","0.00356080","97.6810","174.2821","46.4795","313.9390","0","U","39210","999","4804","0.00006807800000","0.00000670","0.0000000000000","6964.692","96.407","611.357","561.757","PAYLOAD","LARGE","PRC","2013-07-19","TSC","","1694539","96128721","0 PAYLOAD C","1 39210U 13037C   14158.27125432  .00000670  00000-0  68078-4 0  9990","2 39210 097.6810 174.2821 0035608 046.4795 313.9390 14.93654778 48048"
"2.0","GENERATED VIA SPACE-TRACK.ORG API","2014-06-07T08:56:48","18 SPCS","PAYLOAD C","2013-037C","EARTH","TEME","UTC","SGP4","2014-06-07T08:07:04.355039","14.93655169","0.00356160","97.6815","174.3482","46.4010","314.0160","0","U","39210","999","4805","0.00006807800000","0.00000670","0.0000000000000","6964.691","96.407","611.362","561.751","PAYLOAD","LARGE","PRC","2013-07-19","TSC","","1694558","96129134","0 PAYLOAD C","1 39210U 13037C   14158.33824485  .00000670  00000-0  68078-4 0  9991","2 39210 097.6815 174.3482 0035616 046.4010 314.0160 14.93655169 48059"
"2.0","GENERATED VIA SPACE-TRACK.ORG API","2014-06-07T10:36:59","18 SPCS","PAYLOAD C","2013-037C","EARTH","TEME","UTC","SGP4","2014-06-07T09:43:32.386943","14.93655418","0.00356470","97.6816","174.4138","46.2299","314.1868","0","U","39210","999","4806","0.00006807800000","0.00000670","0.0000000000000","6964.690","96.407","611.382","561.728","PAYLOAD","LARGE","PRC","2013-07-19","TSC","","1694560","96129136","0 PAYLOAD C","1 39210U 13037C   14158.40523596  .00000670  00000-0  68078-4 0  9998","2 39210 097.6816 174.4138 0035647 046.2299 314.1868 14.93655418 48064"
"2.0","GENERATED VIA SPACE-TRACK.ORG API","2014-06-07T15:23:00","18 SPCS","PAYLOAD B","2013-037B","EARTH","TEME","UTC","SGP4","2014-06-07T12:07:59.168352","14.67526890","0.00064470","98.0389","175.5201","65.7480","294.4404","0","U","39209","999","4729","0.00007308200000","0.00000367","0.0000000000000","7047.115","98.124","673.524","664.437","PAYLOAD","LARGE","PRC","2013-07-19","TSC","","1694687","96131656","0 PAYLOAD B","1 39209U 13037B   14158.50554593  .00000367  00000-0  73082-4 0  9992","2 39209 098.0389 175.5201 0006447 065.7480 294.4404 14.67526890 47291"
"2.0","GENERATED VIA SPACE-TRACK.ORG API","2014-06-07T13:48:54","18 SPCS","PAYLOAD C","2013-037C","EARTH","TEME","UTC","SGP4","2014-06-07T12:56:28.434335","14.93655830","0.00356990","97.6817","174.5445","45.8079","314.6051","0","U","39210","999","4808","0.00006807800000","0.00000670","0.0000000000000","6964.689","96.407","611.417","561.691","PAYLOAD","LARGE","PRC","2013-07-19","TSC","","1694574","96129150","0 PAYLOAD C","1 39210U 13037C   14158.53921799  .00000670  00000-0  68078-4 0  9999","2 39210 097.6817 174.5445 0035699 045.8079 314.6051 14.93655830 48084"
"2.0","GENERATED VIA SPACE-TRACK.ORG API","2014-06-07T14:23:37","18 SPCS","PAYLOAD A","2013-037A","EARTH","TEME","UTC","SGP4","2014-06-07T13:20:37.996512","14.67999699","0.00108210","98.0401","175.9239","69.9928","290.2433","0","U","39208","999","4733","-0.00003103700000","-0.00000226","0.0000000000000","7045.602","98.092","675.091","659.843","PAYLOAD","LARGE","PRC","2013-07-19","TSC","","1694592","96129560","0 PAYLOAD A","1 39208U 13037A   14158.55599533 -.00000226  00000-0 -31037-4 0  9999","2 39208 098.0401 175.9239 0010821 069.9928 290.2433 14.67999699 47336"
"2.0","GENERATED VIA SPACE-TRACK.ORG API","2014-06-07T23:20:43","18 SPCS","PAYLOAD C","2013-037C","EARTH","TEME","UTC","SGP4","2014-06-07T19:22:20.558496","14.93656453","0.00355180","97.6817","174.8061","44.8805","315.5280","0","U","39210","999","4812","0.00006807800000","0.00000670","0.0000000000000","6964.687","96.407","611.289","561.815","PAYLOAD","LARGE","PRC","2013-07-19","TSC","","1694851","96134461","0 PAYLOAD C","1 39210U 13037C   14158.80718239  .00000670  00000-0  68078-4 0  9992","2 39210 097.6817 174.8061 0035518 044.8805 315.5280 14.93656453 48128"
"2.0","GENERATED VIA SPACE-TRACK.ORG API","2014-06-07T23:20:20","18 SPCS","PAYLOAD B","2013-037B","EARTH","TEME","UTC","SGP4","2014-06-07T20:18:54.111167","14.67526196","0.00064530","98.0391","175.8548","64.8353","295.3485","0","U","39209","999","4734","0.00004604100000","0.00000213","0.0000000000000","7047.118","98.124","673.530","664.435","PAYLOAD","LARGE","PRC","2013-07-19","TSC","","1694850","96134423","0 PAYLOAD B","1 39209U 13037B   14158.84645962  .00000213  00000-0  46041-4 0  9995","2 39209 098.0391 175.8548 0006453 064.8353 295.3485 14.67526196 47341"
"2.0","GENERATED VIA SPACE-TRACK.ORG API","2014-06-07T22:23:56","18 SPCS","PAYLOAD A","2013-037A","EARTH","TEME","UTC","SGP4","2014-06-07T21:31:23.418047","14.68001967","0.00108020","98.0402","176.2596","69.4223","290.8227","0","U","39208","999","4738","0.00004779700000","0.00000226","0.0000000000000","7045.595","98.092","675.070","659.849","PAYLOAD","LARGE","PRC","2013-07-19","TSC","","1694758","96132367","0 PAYLOAD A","1 39208U 13037A   14158.89679882  .00000226  00000-0  47797-4 0  9990","2 39208 098.0402 176.2596 0010802 069.4223 290.8227 14.68001967 47384"
"2.0","GENERATED VIA SPACE-TRACK.ORG API","2014-06-08T07:31:38","18 SPCS","PAYLOAD C","2013-037C","EARTH","TEME","UTC","SGP4","2014-06-08T03:24:40.690367","14.93657077","0.00355060","97.6817","175.1335","43.7178","316.6845","0","U","39210","999","4817","0.00006807800000","0.00000670","0.0000000000000","6964.685","96.407","611.279","561.821","PAYLOAD","LARGE","PRC","2013-07-19","TSC","","1695012","96137058","0 PAYLOAD C","1 39210U 13037C   14159.14213762  .00000670  00000-0  68078-4 0  9991","2 39210 097.6817 175.1335 0035506 043.7178 316.6845 14.93657077 48171"
"2.0","GENERATED VIA SPACE-TRACK.ORG API","2014-06-08T07:30:21","18 SPCS","PAYLOAD B","2013-037B","EARTH","TEME","UTC","SGP4","2014-06-08T04:29:49.089408","14.67526860","0.00064420","98.0392","176.1893","64.0424","296.1447","0","U","39209","999","4739","0.00006144000000","0.00000301","0.0000000000000","7047.115","98.124","673.520","664.441","PAYLOAD","LARGE","PRC","2013-07-19","TSC","","1695010","96137026","0 PAYLOAD B","1 39209U 13037B   14159.18737372  .00000301  00000-0  61440-4 0  9998","2 39209 098.0392 176.1893 0006442 064.0424 296.1447 14.67526860 47398"
"2.0","GENERATED VIA SPACE-TRACK.ORG API","2014-06-08T06:23:09","18 SPCS","PAYLOAD A","2013-037A","EARTH","TEME","UTC","SGP4","2014-06-08T05:42:08.659007","14.68002613","0.00107820","98.0403","176.5944","68.4978","291.7385","0","U","39208","999","4743","0.00006032900000","0.00000298","0.0000000000000","7045.593","98.092","675.054","659.861","PAYLOAD","LARGE","PRC","2013-07-19","TSC","","1694934","96135180","0 PAYLOAD A","1 39208U 13037A   14159.23760022  .00000298  00000-0  60329-4 0  9991","2 39208 098.0403 176.5944 0010782 068.4978 291.7385 14.68002613 47438"
"2.0","GENERATED VIA SPACE-TRACK.ORG API","2014-06-08T15:34:19","18 SPCS","PAYLOAD B","2013-037B","EARTH","TEME","UTC","SGP4","2014-06-08T11:02:33.095328","14.67526450","0.00063930","98.0394","176.4568","62.8467","297.3411","0","U","39209","999","4743","0.00003710200000","0.00000163","0.0000000000000","7047.117","98.124","673.487","664.476","PAYLOAD","LARGE","PRC","2013-07-19","TSC","","1695171","96140210","0 PAYLOAD B","1 39209U 13037B   14159.46010527  .00000163  00000-0  37102-4 0  9999","2 39209 098.0394 176.4568 0006393 062.8467 297.3411 14.67526450 47434"
"2.0","GENERATED VIA SPACE-TRACK.ORG API","2014-06-08T15:35:53","18 SPCS","PAYLOAD C","2013-037C","EARTH","TEME","UTC","SGP4","2014-06-08T11:27:00.819647","14.93658094","0.00356260","97.6820","175.4609","42.6008","317.7968","0","U","39210","999","4822","0.00006807800000","0.00000670","0.0000000000000","6964.682","96.407","611.359","561.735","PAYLOAD","LARGE","PRC","2013-07-19","TSC","","1695173","96140255","0 PAYLOAD C","1 39210U 13037C   14159.47709282  .00000670  00000-0  68078-4 0  9994","2 39210 097.6820 175.4609 0035626 042.6008 317.7968 14.93658094 48229"
"2.0","GENERATED VIA SPACE-TRACK.ORG API","2014-06-08T14:43:59","18 SPCS","PAYLOAD A","2013-037A","EARTH","TEME","UTC","SGP4","2014-06-08T12:14:44.953727","14.68003224","0.00107960","98.0403","176.8623","67.2779","292.9569","0","U","39208","999","4747","0.00007919500000","0.00000406","0.0000000000000","7045.591","98.092","675.062","659.849","PAYLOAD","LARGE","PRC","2013-07-19","TSC","","1695074","96138080","0 PAYLOAD A","1 39208U 13037A   14159.51024252  .00000406  00000-0  79195-4 0  9992","2 39208 098.0403 176.8623 0010796 067.2779 292.9569 14.68003224 47476"
"2.0","GENERATED VIA SPACE-TRACK.ORG API","2014-06-08T23:20:18","18 SPCS","PAYLOAD B","2013-037B","EARTH","TEME","UTC","SGP4","2014-06-08T19:13:28.049376","14.67525298","0.00064370","98.0395","176.7914","61.8109","298.3721","0","U","39209","999","4748","-0.00001358800000","-0.00000125","0.0000000000000","7047.120","98.124","673.522","664.449","PAYLOAD","LARGE","PRC","2013-07-19","TSC","","1695360","96142944","0 PAYLOAD B","1 39209U 13037B   14159.80101909 -.00000125  00000-0 -13588-4 0  9994","2 39209 098.0395 176.7914 0006437 061.8109 298.3721 14.67525298 47483"
"2.0","GENERATED VIA SPACE-TRACK.ORG API","2014-06-08T23:20:34","18 SPCS","PAYLOAD C","2013-037C","EARTH","TEME","UTC","SGP4","2014-06-08T19:29:20.911775","14.93658617","0.00355050","97.6821","175.7885","41.4544","318.9358","0","U","39210","999","4827","0.00006807800000","0.00000670","0.0000000000000","6964.680","96.407","611.273","561.817","PAYLOAD","LARGE","PRC","2013-07-19","TSC","","1695361","96142972","0 PAYLOAD C","1 39210U 13037C   14159.81204759  .00000670  00000-0  68078-4 0  9991","2 39210 097.6821 175.7885 0035505 041.4544 318.9358 14.93658617 48279"
"2.0","GENERATED VIA SPACE-TRACK.ORG API","2014-06-08T22:25:24","18 SPCS","PAYLOAD A","2013-037A","EARTH","TEME","UTC","SGP4","2014-06-08T20:25:30.443520","14.68001603","0.00108460","98.0403","177.1973","66.2184","294.0151","0","U","39208","999","4752","0.00000519640000","-0.00000018","0.0000000000000","7045.596","98.092","675.103","659.819","PAYLOAD","LARGE","PRC","2013-07-19","TSC","","1695248","96141029","0 PAYLOAD A","1 39208U 13037A   14159.85104680 -.00000018  00000-0  51964-5 0  9998","2 39208 098.0403 177.1973 0010846 066.2184 294.0151 14.68001603 47528"
"2.0","GENERATED VIA SPACE-TRACK.ORG API","2014-06-09T07:16:58","18 SPCS","PAYLOAD B","2013-037B","EARTH","TEME","UTC","SGP4","2014-06-09T03:24:23.001695","14.67526336","0.00064110","98.0393","177.1258","61.0470","299.1386","0","U","39209","999","4753","0.00002535900000","0.00000096","0.0000000000000","7047.117","98.124","673.500","664.464","PAYLOAD","LARGE","PRC","2013-07-19","TSC","","1695554","96145677","0 PAYLOAD B","1 39209U 13037B   14160.14193289  .00000096  00000-0  25359-4 0  9999","2 39209 098.0393 177.1258 0006411 061.0470 299.1386 14.67526336 47538"
"2.0","GENERATED VIA SPACE-TRACK.ORG API","2014-06-09T07:22:15","18 SPCS","PAYLOAD C","2013-037C","EARTH","TEME","UTC","SGP4","2014-06-09T03:31:41.010815","14.93659103","0.00355160","97.6820","176.1158","40.2947","320.0893","0","U","39210","999","4832","0.00006807800000","0.00000670","0.0000000000000","6964.679","96.407","611.280","561.808","PAYLOAD","LARGE","PRC","2013-07-19","TSC","","1695556","96145707","0 PAYLOAD C","1 39210U 13037C   14160.14700244  .00000670  00000-0  68078-4 0  9999","2 39210 097.6820 176.1158 0035516 040.2947 320.0893 14.93659103 48327"
"2.0","GENERATED VIA SPACE-TRACK.ORG API","2014-06-09T06:22:29","18 SPCS","PAYLOAD A","2013-037A","EARTH","TEME","UTC","SGP4","2014-06-09T04:36:15.872832","14.68001291","0.00108390","98.0404","177.5322","65.2456","294.9872","0","U","39208","999","4757","-0.00001183600000","-0.00000116","0.0000000000000","7045.597","98.092","675.099","659.825","PAYLOAD","LARGE","PRC","2013-07-19","TSC","","1695472","96143682","0 PAYLOAD A","1 39208U 13037A   14160.19185038 -.00000116  00000-0 -11836-4 0  9996","2 39208 098.0404 177.5322 0010839 065.2456 294.9872 14.68001291 47571"
"2.0","GENERATED VIA SPACE-TRACK.ORG API","2014-06-09T13:03:04","18 SPCS","PAYLOAD C","2013-037C","EARTH","TEME","UTC","SGP4","2014-06-09T11:34:01.086528","14.93931657","0.00350230","97.6859","176.4242","40.6075","319.8315","0","U","39210","999","4837","0.00006807800000","0.00000675","0.0000000000000","6963.832","96.389","610.086","561.307","PAYLOAD","LARGE","PRC","2013-07-19","TSC","","1695585","96145916","0 PAYLOAD C","1 39210U 13037C   14160.48195702  .00000675  00000-0  68078-4 0  9998","2 39210 097.6859 176.4242 0035023 040.6075 319.8315 14.93931657 48372"
"2.0","GENERATED VIA SPACE-TRACK.ORG API","2014-06-09T15:27:09","18 SPCS","PAYLOAD B","2013-037B","EARTH","TEME","UTC","SGP4","2014-06-09T11:35:17.914272","14.67526974","0.00064070","98.0397","177.4608","60.2247","299.9604","0","U","39209","999","4758","0.00004583000000","0.00000212","0.0000000000000","7047.115","98.124","673.495","664.465","PAYLOAD","LARGE","PRC","2013-07-19","TSC","","1695706","96148582","0 PAYLOAD B","1 39209U 13037B   14160.48284623  .00000212  00000-0  45830-4 0  9995","2 39209 098.0397 177.4608 0006407 060.2247 299.9604 14.67526974 47586"
"2.0","GENERATED VIA SPACE-TRACK.ORG API","2014-06-09T14:24:27","18 SPCS","PAYLOAD A","2013-037A","EARTH","TEME","UTC","SGP4","2014-06-09T12:47:01.290048","14.68000943","0.00108020","98.0403","177.8664","64.2621","295.9695","0","U","39208","999","4762","-0.00003176700000","-0.00000230","0.0000000000000","7045.598","98.092","675.074","659.852","PAYLOAD","LARGE","PRC","2013-07-19","TSC","","1695608","96146382","0 PAYLOAD A","1 39208U 13037A   14160.53265382 -.00000230  00000-0 -31767-4 0  9997","2 39208 098.0403 177.8664 0010802 064.2621 295.9695 14.68000943 47628"
"2.0","GENERATED VIA SPACE-TRACK.ORG API","2014-06-09T15:48:46","18 SPCS","PAYLOAD C","2013-037C","EARTH","TEME","UTC","SGP4","2014-06-09T14:46:57.127008","14.93916791","0.00348430","97.6792","176.5713","39.3583","321.2041","0","U","39210","999","4839","0.00006807800000","0.00000675","0.0000000000000","6963.878","96.390","610.007","561.479","PAYLOAD","LARGE","PRC","2013-07-19","TSC","","1695722","96148819","0 PAYLOAD C","1 39210U 13037C   14160.61593897  .00000675  00000-0  68078-4 0  9990","2 39210 097.6792 176.5713 0034843 039.3583 321.2041 14.93916791 48397"
"2.0","GENERATED VIA SPACE-TRACK.ORG API","2014-06-09T23:19:53","18 SPCS","PAYLOAD B","2013-037B","EARTH","TEME","UTC","SGP4","2014-06-09T19:46:12.852768","14.67526557","0.00063620","98.0397","177.7958","59.9251","300.2575","0","U","39209","999","4763","0.00003079700000","0.00000127","0.0000000000000","7047.116","98.124","673.465","664.498","PAYLOAD","LARGE","PRC","2013-07-19","TSC","","1695890","96151381","0 PAYLOAD B","1 39209U 13037B   14160.82375987  .00000127  00000-0  30797-4 0  9998","2 39209 098.0397 177.7958 0006362 059.9251 300.2575 14.67526557 47633"
"2.0","GENERATED VIA SPACE-TRACK.ORG API","2014-06-09T22:24:56","18 SPCS","PAYLOAD A","2013-037A","EARTH","TEME","UTC","SGP4","2014-06-09T20:57:46.649375","14.68002077","0.00108150","98.0401","178.2011","63.4685","296.7633","0","U","39208","999","4767","0.00001203600000","0.00000021","0.0000000000000","7045.594","98.092","675.079","659.840","PAYLOAD","LARGE","PRC","2013-07-19","TSC","","1695799","96149349","0 PAYLOAD A","1 39208U 13037A   14160.87345659  .00000021  00000-0  12036-4 0  9994","2 39208 098.0401 178.2011 0010815 063.4685 296.7633 14.68002077 47678"
"2.0","GENERATED VIA SPACE-TRACK.ORG API","2014-06-10T04:47:52","18 SPCS","PAYLOAD C","2013-037C","EARTH","TEME","UTC","SGP4","2014-06-10T03:38:30.281568","14.93954256","0.00337750","97.6804","177.0983","38.0930","322.3566","0","U","39210","999","4847","0.00006807800000","0.00000675","0.0000000000000","6963.761","96.388","609.147","562.106","PAYLOAD","LARGE","PRC","2013-07-19","TSC","","1695967","96151657","0 PAYLOAD C","1 39210U 13037C   14161.15173937  .00000675  00000-0  68078-4 0  9999","2 39210 097.6804 177.0983 0033775 038.0930 322.3566 14.93954256 48472"
"2.0","GENERATED VIA SPACE-TRACK.ORG API","2014-06-10T07:11:55","18 SPCS","PAYLOAD B","2013-037B","EARTH","TEME","UTC","SGP4","2014-06-10T03:57:07.746336","14.67527699","0.00062430","98.0394","178.1307","59.7853","300.3995","0","U","39209","999","4768","0.00005769300000","0.00000279","0.0000000000000","7047.113","98.124","673.377","664.578","PAYLOAD","LARGE","PRC","2013-07-19","TSC","","1696077","96153968","0 PAYLOAD B","1 39209U 13037B   14161.16467299  .00000279  00000-0  57693-4 0  9996","2 39209 098.0394 178.1307 0006243 059.7853 300.3995 14.67527699 47687"
"2.0","GENERATED VIA SPACE-TRACK.ORG API","2014-06-10T06:21:43","18 SPCS","PAYLOAD A","2013-037A","EARTH","TEME","UTC","SGP4","2014-06-10T05:08:31.932672","14.68003019","0.00106970","98.0401","178.5359","62.8255","297.4036","0","U","39208","999","4772","0.00002978700000","0.00000123","0.0000000000000","7045.591","98.092","674.993","659.920","PAYLOAD","LARGE","PRC","2013-07-19","TSC","","1695999","96152069","0 PAYLOAD A","1 39208U 13037A   14161.21425848  .00000123  00000-0  29787-4 0  9996","2 39208 098.0401 178.5359 0010697 062.8255 297.4036 14.68003019 47728"
"2.0","GENERATED VIA SPACE-TRACK.ORG API","2014-06-10T14:20:54","18 SPCS","PAYLOAD A","2013-037A","EARTH","TEME","UTC","SGP4","2014-06-10T08:24:50.092127","14.68004342","0.00107440","98.0404","178.6700","62.0462","298.1851","0","U","39208","999","4774","0.00009637400000","0.00000504","0.0000000000000","7045.587","98.092","675.022","659.882","PAYLOAD","LARGE","PRC","2013-07-19","TSC","","1696122","96154517","0 PAYLOAD A","1 39208U 13037A   14161.35057977  .00000504  00000-0  96374-4 0  9994","2 39208 098.0404 178.6700 0010744 062.0462 298.1851 14.68004342 47742"
"2.0","GENERATED VIA SPACE-TRACK.ORG API","2014-06-10T15:09:41","18 SPCS","PAYLOAD B","2013-037B","EARTH","TEME","UTC","SGP4","2014-06-10T12:08:02.612255","14.67529170","0.00062690","98.0398","178.4660","58.1214","302.0614","0","U","39209","999","4773","0.00012620000000","0.00000668","0.0000000000000","7047.108","98.124","673.391","664.555","PAYLOAD","LARGE","PRC","2013-07-19","TSC","","1696194","96156113","0 PAYLOAD B","1 39209U 13037B   14161.50558579  .00000668  00000-0  12620-3 0  9998","2 39209 098.0398 178.4660 0006269 058.1214 302.0614 14.67529170 47737"
"2.0","GENERATED VIA SPACE-TRACK.ORG API","2014-06-10T23:22:02","18 SPCS","PAYLOAD B","2013-037B","EARTH","TEME","UTC","SGP4","2014-06-10T20:18:57.522239","14.67527711","0.00062890","98.0393","178.8005","57.6828","302.4942","0","U","39209","999","4778","0.00005099900000","0.00000241","0.0000000000000","7047.113","98.124","673.410","664.546","PAYLOAD","LARGE","PRC","2013-07-19","TSC","","1696397","96159000","0 PAYLOAD B","1 39209U 13037B   14161.84649910  .00000241  00000-0  50999-4 0  9994","2 39209 098.0393 178.8005 0006289 057.6828 302.4942 14.67527711 47788"
"2.0","GENERATED VIA SPACE-TRACK.ORG API","2014-06-10T22:46:35","18 SPCS","PAYLOAD C","2013-037C","EARTH","TEME","UTC","SGP4","2014-06-10T21:19:24.483647","14.93946462","0.00338490","97.6802","177.8203","35.4309","324.8804","0","U","39210","999","4858","0.00006807800000","0.00000675","0.0000000000000","6963.786","96.388","609.222","562.079","PAYLOAD","LARGE","PRC","2013-07-19","TSC","","1696347","96157797","0 PAYLOAD C","1 39210U 13037C   14161.88847782  .00000675  00000-0  68078-4 0  9995","2 39210 097.6802 177.8203 0033849 035.4309 324.8804 14.93946462 48580"
"2.0","GENERATED VIA SPACE-TRACK.ORG API","2014-06-10T22:24:13","18 SPCS","PAYLOAD A","2013-037A","EARTH","TEME","UTC","SGP4","2014-06-10T21:30:02.696255","14.68003483","0.00107170","98.0403","179.2055","61.3068","298.9205","0","U","39208","999","4782","0.00004807900000","0.00000227","0.0000000000000","7045.590","98.092","675.006","659.904","PAYLOAD","LARGE","PRC","2013-07-19","TSC","","1696307","96156913","0 PAYLOAD A","1 39208U 13037A   14161.89586454  .00000227  00000-0  48079-4 0  9991","2 39208 098.0403 179.2055 0010717 061.3068 298.9205 14.68003483 47820"
"2.0","GENERATED VIA SPACE-TRACK.ORG API","2014-06-11T06:22:36","18 SPCS","PAYLOAD A","2013-037A","EARTH","TEME","UTC","SGP4","2014-06-11T02:24:29.935008","14.68003595","0.00107150","98.0403","179.4064","60.6711","299.5563","0","U","39208","999","4785","0.00004816600000","0.00000228","0.0000000000000","7045.590","98.092","675.004","659.905","PAYLOAD","LARGE","PRC","2013-07-19","TSC","","1696469","96159773","0 PAYLOAD A","1 39208U 13037A   14162.10034647  .00000228  00000-0  48166-4 0  9996","2 39208 098.0403 179.4064 0010715 060.6711 299.5563 14.68003595 47858"
"2.0","GENERATED VIA SPACE-TRACK.ORG API","2014-06-11T07:14:45","18 SPCS","PAYLOAD B","2013-037B","EARTH","TEME","UTC","SGP4","2014-06-11T04:29:52.461599","14.67528575","0.00062420","98.0392","179.1350","57.4552","302.7258","0","U","39209","999","4783","0.00007433800000","0.00000374","0.0000000000000","7047.110","98.124","673.374","664.576","PAYLOAD","LARGE","PRC","2013-07-19","TSC","","1696548","96161708","0 PAYLOAD B","1 39209U 13037B   14162.18741275  .00000374  00000-0  74338-4 0  9999","2 39209 098.0392 179.1350 0006242 057.4552 302.7258 14.67528575 47833"
"2.0","GENERATED VIA SPACE-TRACK.ORG API","2014-06-11T14:28:54","18 SPCS","PAYLOAD A","2013-037A","EARTH","TEME","UTC","SGP4","2014-06-11T08:57:06.239232","14.68003658","0.00106980","98.0402","179.6741","59.8851","300.3425","0","U","39208","999","4789","0.00003672900000","0.00000162","0.0000000000000","7045.589","98.092","674.992","659.917","PAYLOAD","LARGE","PRC","2013-07-19","TSC","","1696598","96162523","0 PAYLOAD A","1 39208U 13037A   14162.37298888  .00000162  00000-0  36729-4 0  9993","2 39208 098.0402 179.6741 0010698 059.8851 300.3425 14.68003658 47898"
"2.0","GENERATED VIA SPACE-TRACK.ORG API","2014-06-11T15:33:47","18 SPCS","PAYLOAD B","2013-037B","EARTH","TEME","UTC","SGP4","2014-06-11T11:02:36.405311","14.67528422","0.00062280","98.0393","179.4025","56.2493","303.9316","0","U","39209","999","4787","0.00005118700000","0.00000242","0.0000000000000","7047.110","98.124","673.364","664.586","PAYLOAD","LARGE","PRC","2013-07-19","TSC","","1696702","96164897","0 PAYLOAD B","1 39209U 13037B   14162.46014358  .00000242  00000-0  51187-4 0  9996","2 39209 098.0393 179.4025 0006228 056.2493 303.9316 14.67528422 47874"
"2.0","GENERATED VIA SPACE-TRACK.ORG API","2014-06-11T13:18:31","18 SPCS","PAYLOAD C","2013-037C","EARTH","TEME","UTC","SGP4","2014-06-11T11:47:27.200256","14.93947866","0.00338570","97.6807","178.4101","33.1632","327.1731","0","U","39210","999","4867","0.00006807800000","0.00000675","0.0000000000000","6963.781","96.388","609.224","562.069","PAYLOAD","LARGE","PRC","2013-07-19","TSC","","1696567","96161896","0 PAYLOAD C","1 39210U 13037C   14162.49128704  .00000675  00000-0  68078-4 0  9999","2 39210 097.6807 178.4101 0033857 033.1632 327.1731 14.93947866 48676"
"2.0","GENERATED VIA SPACE-TRACK.ORG API","2014-06-11T17:56:12","18 SPCS","PAYLOAD C","2013-037C","EARTH","TEME","UTC","SGP4","2014-06-11T16:36:47.859840","14.93947937","0.00338690","97.6807","178.6064","32.6821","327.6442","0","U","39210","999","4870","0.00010000000000","0.00001018","0.0000000000000","6963.781","96.388","609.232","562.060","PAYLOAD","LARGE","PRC","2013-07-19","TSC","","1696723","96165139","0 PAYLOAD C","1 39210U 13037C   14162.69222060  .00001018  00000-0  10000-3 0  9994","2 39210 097.6807 178.6064 0033869 032.6821 327.6442 14.93947937 48700"
"2.0","GENERATED VIA SPACE-TRACK.ORG API","2014-06-11T22:23:04","18 SPCS","PAYLOAD A","2013-037A","EARTH","TEME","UTC","SGP4","2014-06-11T18:46:00.668351","14.68004107","0.00106430","98.0398","180.0762","58.9821","301.2446","0","U","39208","999","4795","0.00005303300000","0.00000256","0.0000000000000","7045.588","98.092","674.952","659.954","PAYLOAD","LARGE","PRC","2013-07-19","TSC","","1696766","96165595","0 PAYLOAD A","1 39208U 13037A   14162.78195218  .00000256  00000-0  53033-4 0  9992","2 39208 098.0398 180.0762 0010643 058.9821 301.2446 14.68004107 47958"
"2.0","GENERATED VIA SPACE-TRACK.ORG API","2014-06-11T23:13:37","18 SPCS","PAYLOAD B","2013-037B","EARTH","TEME","UTC","SGP4","2014-06-11T19:13:31.343807","14.67527548","0.00062260","98.0386","179.7374","55.3283","304.8499","0","U","39209","999","4792","0.00001256100000","0.00000023","0.0000000000000","7047.113","98.124","673.366","664.591","PAYLOAD","LARGE","PRC","2013-07-19","TSC","","1696843","96167473","0 PAYLOAD B","1 39209U 13037B   14162.80105722  .00000023  00000-0  12561-4 0  9990","2 39209 098.0386 179.7374 0006226 055.3283 304.8499 14.67527548 47927"
"2.0","GENERATED VIA SPACE-TRACK.ORG API","2014-06-11T23:14:38","18 SPCS","PAYLOAD C","2013-037C","EARTH","TEME","UTC","SGP4","2014-06-11T19:49:41.732543","14.93944243","0.00337840","97.6804","178.7372","32.1383","328.1851","0","U","39210","999","4872","-0.00007025800000","-0.00000814","0.0000000000000","6963.793","96.389","609.184","562.131","PAYLOAD","LARGE","PRC","2013-07-19","TSC","","1696844","96167506","0 PAYLOAD C","1 39210U 13037C   14162.82617746 -.00000814  00000-0 -70258-4 0  9995","2 39210 097.6804 178.7372 0033784 032.1383 328.1851 14.93944243 48723"
"2.0","GENERATED VIA SPACE-TRACK.ORG API","2014-06-12T06:21:08","18 SPCS","PAYLOAD A","2013-037A","EARTH","TEME","UTC","SGP4","2014-06-12T01:18:36.927648","14.68004663","0.00106150","98.0396","180.3442","58.3027","301.9237","0","U","39208","999","4799","0.00006177100000","0.00000306","0.0000000000000","7045.586","98.092","674.930","659.972","PAYLOAD","LARGE","PRC","2013-07-19","TSC","","1696915","96168094","0 PAYLOAD A","1 39208U 13037A   14163.05459407  .00000306  00000-0  61771-4 0  9990","2 39208 098.0396 180.3442 0010615 058.3027 301.9237 14.68004663 47991"
"2.0","GENERATED VIA SPACE-TRACK.ORG API","2014-06-12T07:03:48","18 SPCS","PAYLOAD B","2013-037B","EARTH","TEME","UTC","SGP4","2014-06-12T03:24:26.264159","14.67528078","0.00062090","98.0386","180.0721","54.4856","305.6937","0","U","39209","999","4797","0.00002877700000","0.00000115","0.0000000000000","7047.111","98.124","673.352","664.601","PAYLOAD","LARGE","PRC","2013-07-19","TSC","","1696981","96169654","0 PAYLOAD B","1 39209U 13037B   14163.14197065  .00000115  00000-0  28777-4 0  9997","2 39209 098.0386 180.0721 0006209 054.4856 305.6937 14.67528078 47975"
"2.0","GENERATED VIA SPACE-TRACK.ORG API","2014-06-12T07:04:05","18 SPCS","PAYLOAD C","2013-037C","EARTH","TEME","UTC","SGP4","2014-06-12T03:51:56.333951","14.93945662","0.00337410","97.6803","179.0646","31.1129","329.2104","0","U","39210","999","4877","-0.00001471200000","-0.00000216","0.0000000000000","6963.788","96.389","609.150","562.157","PAYLOAD","LARGE","PRC","2013-07-19","TSC","","1696982","96169681","0 PAYLOAD C","1 39210U 13037C   14163.16106868 -.00000216  00000-0 -14712-4 0  9990","2 39210 097.6803 179.0646 0033741 031.1129 329.2104 14.93945662 48774"
"2.0","GENERATED VIA SPACE-TRACK.ORG API","2014-06-12T11:05:16","18 SPCS","PAYLOAD A","2013-037A","EARTH","TEME","UTC","SGP4","2014-06-12T06:13:04.096416","14.68004880","0.00106170","98.0397","180.5450","57.7151","302.5083","0","U","39208","999","4802","0.00006460100000","0.00000322","0.0000000000000","7045.585","98.092","674.931","659.970","PAYLOAD","LARGE","PRC","2013-07-19","TSC","","1696999","96169919","0 PAYLOAD A","1 39208U 13037A   14163.25907519  .00000322  00000-0  64601-4 0  9997","2 39208 098.0397 180.5450 0010617 057.7151 302.5083 14.68004880 48028"
"2.0","GENERATED VIA SPACE-TRACK.ORG API","2014-06-12T11:21:32","18 SPCS","PAYLOAD C","2013-037C","EARTH","TEME","UTC","SGP4","2014-06-12T07:04:50.117663","14.93946461","0.00338170","97.6805","179.1959","30.5452","329.7744","0","U","39210","999","4879","0.00000839440000","0.00000032","0.0000000000000","6963.786","96.388","609.200","562.101","PAYLOAD","LARGE","PRC","2013-07-19","TSC","","1697019","96170409","0 PAYLOAD C","1 39210U 13037C   14163.29502451  .00000032  00000-0  83944-5 0  9990","2 39210 097.6805 179.1959 0033817 030.5452 329.7744 14.93946461 48795"
"2.0","GENERATED VIA SPACE-TRACK.ORG API","2014-06-12T11:21:32","18 SPCS","PAYLOAD B","2013-037B","EARTH","TEME","UTC","SGP4","2014-06-12T08:18:59.196671","14.67528929","0.00062150","98.0386","180.2729","54.0748","306.1066","0","U","39209","999","4800","0.00005254700000","0.00000250","0.0000000000000","7047.109","98.124","673.354","664.594","PAYLOAD","LARGE","PRC","2013-07-19","TSC","","1697019","96170397","0 PAYLOAD B","1 39209U 13037B   14163.34651848  .00000250  00000-0  52547-4 0  9995","2 39209 098.0386 180.2729 0006215 054.0748 306.1066 14.67528929 48007"
"2.0","GENERATED VIA SPACE-TRACK.ORG API","2014-06-12T21:40:32","18 SPCS","PAYLOAD B","2013-037B","EARTH","TEME","UTC","SGP4","2014-06-12T16:29:53.998656","14.67529416","0.00061650","98.0383","180.6074","54.2470","305.9294","0","U","39209","999","4805","0.00007468900000","0.00000376","0.0000000000000","7047.107","98.124","673.317","664.628","PAYLOAD","LARGE","PRC","2013-07-19","TSC","","1697287","96174840","0 PAYLOAD B","1 39209U 13037B   14163.68743054  .00000376  00000-0  74689-4 0  9993","2 39209 098.0383 180.6074 0006165 054.2470 305.9294 14.67529416 48056"
"2.0","GENERATED VIA SPACE-TRACK.ORG API","2014-06-12T21:42:08","18 SPCS","PAYLOAD C","2013-037C","EARTH","TEME","UTC","SGP4","2014-06-12T16:43:31.509407","14.93946508","0.00338040","97.6805","179.5888","29.2768","331.0321","0","U","39210","999","4885","0.00000745620000","0.00000022","0.0000000000000","6963.786","96.388","609.191","562.110","PAYLOAD","LARGE","PRC","2013-07-19","TSC","","1697290","96174892","0 PAYLOAD C","1 39210U 13037C   14163.69689247  .00000022  00000-0  74562-5 0  9998","2 39210 097.6805 179.5888 0033804 029.2768 331.0321 14.93946508 48857"
"2.0","GENERATED VIA SPACE-TRACK.ORG API","2014-06-12T20:34:33","18 SPCS","PAYLOAD A","2013-037A","EARTH","TEME","UTC","SGP4","2014-06-12T17:40:07.557312","14.68003681","0.00106230","98.0392","181.0132","56.7085","303.5074","0","U","39208","999","4809","0.00000218630000","-0.00000036","0.0000000000000","7045.589","98.092","674.939","659.970","PAYLOAD","LARGE","PRC","2013-07-19","TSC","","1697178","96172508","0 PAYLOAD A","1 39208U 13037A   14163.73619858 -.00000036  00000-0  21863-5 0  9993","2 39208 098.0392 181.0132 0010623 056.7085 303.5074 14.68003681 48094"
"2.0","GENERATED VIA SPACE-TRACK.ORG API","2014-06-12T22:51:34","18 SPCS","PAYLOAD B","2013-037B","EARTH","TEME","UTC","SGP4","2014-06-12T19:46:15.975263","14.67529499","0.00061780","98.0383","180.7415","53.7594","306.4178","0","U","39209","999","4807","0.00007338100000","0.00000368","0.0000000000000","7047.107","98.124","673.326","664.618","PAYLOAD","LARGE","PRC","2013-07-19","TSC","","1697383","96176617","0 PAYLOAD B","1 39209U 13037B   14163.82379601  .00000368  00000-0  73381-4 0  9991","2 39209 098.0383 180.7415 0006178 053.7594 306.4178 14.67529499 48071"
"2.0","GENERATED VIA SPACE-TRACK.ORG API","2014-06-12T22:51:43","18 SPCS","PAYLOAD C","2013-037C","EARTH","TEME","UTC","SGP4","2014-06-12T19:56:25.349279","14.93946448","0.00337740","97.6804","179.7198","28.8557","331.4523","0","U","39210","999","4887","0.00000542270000","0.00000000","0.0000000000000","6963.786","96.388","609.170","562.131","PAYLOAD","LARGE","PRC","2013-07-19","TSC","","1697384","96176637","0 PAYLOAD C","1 39210U 13037C   14163.83084895  .00000000  00000-0  54227-5 0  9994","2 39210 097.6804 179.7198 0033774 028.8557 331.4523 14.93946448 48872"
"2.0","GENERATED VIA SPACE-TRACK.ORG API","2014-06-13T06:23:27","18 SPCS","PAYLOAD A","2013-037A","EARTH","TEME","UTC","SGP4","2014-06-13T01:50:53.024639","14.68003758","0.00106200","98.0390","181.3479","55.6893","304.5315","0","U","39208","999","4814","0.00000433380000","-0.00000023","0.0000000000000","7045.589","98.092","674.936","659.972","PAYLOAD","LARGE","PRC","2013-07-19","TSC","","1697448","96177259","0 PAYLOAD A","1 39208U 13037A   14164.07700260 -.00000023  00000-0  43338-5 0  9996","2 39208 098.0390 181.3479 0010620 055.6893 304.5315 14.68003758 48141"
"2.0","GENERATED VIA SPACE-TRACK.ORG API","2014-06-13T07:30:45","18 SPCS","PAYLOAD B","2013-037B","EARTH","TEME","UTC","SGP4","2014-06-13T03:57:10.836863","14.67530838","0.00061370","98.0380","181.0763","52.9397","307.2397","0","U","39209","999","4812","0.00011212000000","0.00000588","0.0000000000000","7047.103","98.124","673.292","664.643","PAYLOAD","LARGE","PRC","2013-07-19","TSC","","1697528","96179086","0 PAYLOAD B","1 39209U 13037B   14164.16470876  .00000588  00000-0  11212-3 0  9993","2 39209 098.0380 181.0763 0006137 052.9397 307.2397 14.67530838 48122"
"2.0","GENERATED VIA SPACE-TRACK.ORG API","2014-06-13T07:31:47","18 SPCS","PAYLOAD C","2013-037C","EARTH","TEME","UTC","SGP4","2014-06-13T03:58:39.852191","14.93948155","0.00336970","97.6803","180.0474","27.7782","332.5274","0","U","39210","999","4892","0.00004030600000","0.00000376","0.0000000000000","6963.780","96.388","609.111","562.180","PAYLOAD","LARGE","PRC","2013-07-19","TSC","","1697529","96179117","0 PAYLOAD C","1 39210U 13037C   14164.16573903  .00000376  00000-0  40306-4 0  9992","2 39210 097.6803 180.0474 0033697 027.7782 332.5274 14.93948155 48923"
"2.0","GENERATED VIA SPACE-TRACK.ORG API","2014-06-13T14:26:08","18 SPCS","PAYLOAD A","2013-037A","EARTH","TEME","UTC","SGP4","2014-06-13T08:23:29.315904","14.68003636","0.00105890","98.0389","181.6156","54.8534","305.3660","0","U","39208","999","4818","-0.00000314140000","-0.00000066","0.0000000000000","7045.589","98.092","674.915","659.994","PAYLOAD","LARGE","PRC","2013-07-19","TSC","","1697562","96179735","0 PAYLOAD A","1 39208U 13037A   14164.34964486 -.00000066  00000-0 -31414-5 0  9998","2 39208 098.0389 181.6156 0010589 054.8534 305.3660 14.68003636 48182"
"2.0","GENERATED VIA SPACE-TRACK.ORG API","2014-06-13T15:52:16","18 SPCS","PAYLOAD C","2013-037C","EARTH","TEME","UTC","SGP4","2014-06-13T12:00:54.268704","14.93948941","0.00337750","97.6802","180.3747","26.5524","333.7422","0","U","39210","999","4897","0.00004970200000","0.00000477","0.0000000000000","6963.778","96.388","609.163","562.123","PAYLOAD","LARGE","PRC","2013-07-19","TSC","","1697678","96182086","0 PAYLOAD C","1 39210U 13037C   14164.50062811  .00000477  00000-0  49702-4 0  9992","2 39210 097.6802 180.3747 0033775 026.5524 333.7422 14.93948941 48972"
"2.0","GENERATED VIA SPACE-TRACK.ORG API","2014-06-13T15:51:05","18 SPCS","PAYLOAD B","2013-037B","EARTH","TEME","UTC","SGP4","2014-06-13T12:08:05.652672","14.67531327","0.00061290","98.0382","181.4112","51.6636","308.5128","0","U","39209","999","4817","0.00011447000000","0.00000601","0.0000000000000","7047.101","98.123","673.285","664.647","PAYLOAD","LARGE","PRC","2013-07-19","TSC","","1697675","96182023","0 PAYLOAD B","1 39209U 13037B   14164.50562098  .00000601  00000-0  11447-3 0  9995","2 39209 098.0382 181.4112 0006129 051.6636 308.5128 14.67531327 48174"
"2.0","GENERATED VIA SPACE-TRACK.ORG API","2014-06-13T23:14:14","18 SPCS","PAYLOAD C","2013-037C","EARTH","TEME","UTC","SGP4","2014-06-13T20:03:08.751744","14.93949302","0.00337130","97.6797","180.7025","25.4906","334.7966","0","U","39210","999","4902","0.00005672900000","0.00000553","0.0000000000000","6963.777","96.388","609.119","562.165","PAYLOAD","LARGE","PRC","2013-07-19","TSC","","1697842","96184609","0 PAYLOAD C","1 39210U 13037C   14164.83551796  .00000553  00000-0  56729-4 0  9995","2 39210 097.6797 180.7025 0033713 025.4906 334.7966 14.93949302 49025"
"2.0","GENERATED VIA SPACE-TRACK.ORG API","2014-06-13T23:13:52","18 SPCS","PAYLOAD B","2013-037B","EARTH","TEME","UTC","SGP4","2014-06-13T20:19:00.513407","14.67530878","0.00061410","98.0381","181.7458","51.1663","309.0061","0","U","39209","999","4822","0.00009309900000","0.00000480","0.0000000000000","7047.103","98.124","673.295","664.640","PAYLOAD","LARGE","PRC","2013-07-19","TSC","","1697840","96184572","0 PAYLOAD B","1 39209U 13037B   14164.84653372  .00000480  00000-0  93099-4 0  9997","2 39209 098.0381 181.7458 0006141 051.1663 309.0061 14.67530878 48226"
"2.0","GENERATED VIA SPACE-TRACK.ORG API","2014-06-13T22:23:54","18 SPCS","PAYLOAD A","2013-037A","EARTH","TEME","UTC","SGP4","2014-06-13T21:28:41.910528","14.68005059","0.00105180","98.0384","182.1520","53.2526","306.9731","0","U","39208","999","4826","0.00003412500000","0.00000147","0.0000000000000","7045.585","98.092","674.860","660.039","PAYLOAD","LARGE","PRC","2013-07-19","TSC","","1697754","96182773","0 PAYLOAD A","1 39208U 13037A   14164.89492952  .00000147  00000-0  34125-4 0  9991","2 39208 098.0384 182.1520 0010518 053.2526 306.9731 14.68005059 48260"
"2.0","GENERATED VIA SPACE-TRACK.ORG API","2014-06-14T07:25:00","18 SPCS","PAYLOAD C","2013-037C","EARTH","TEME","UTC","SGP4","2014-06-14T04:05:23.198496","14.93950346","0.00336600","97.6796","181.0300","24.3839","335.8978","0","U","39210","999","4907","0.00006776000000","0.00000671","0.0000000000000","6963.774","96.388","609.079","562.199","PAYLOAD","LARGE","PRC","2013-07-19","TSC","","1698031","96187660","0 PAYLOAD C","1 39210U 13037C   14165.17040739  .00000671  00000-0  67760-4 0  9991","2 39210 097.6796 181.0300 0033660 024.3839 335.8978 14.93950346 49078"
"2.0","GENERATED VIA SPACE-TRACK.ORG API","2014-06-14T07:23:41","18 SPCS","PAYLOAD B","2013-037B","EARTH","TEME","UTC","SGP4","2014-06-14T04:29:55.400928","14.67531354","0.00061340","98.0380","182.0802","50.3503","309.8248","0","U","39209","999","4827","0.00009012600000","0.00000463","0.0000000000000","7047.101","98.123","673.289","664.643","PAYLOAD","LARGE","PRC","2013-07-19","TSC","","1698029","96187615","0 PAYLOAD B","1 39209U 13037B   14165.18744677  .00000463  00000-0  90126-4 0  9993","2 39209 098.0380 182.0802 0006134 050.3503 309.8248 14.67531354 48278"
"2.0","GENERATED VIA SPACE-TRACK.ORG API","2014-06-14T06:24:13","18 SPCS","PAYLOAD A","2013-037A","EARTH","TEME","UTC","SGP4","2014-06-14T05:39:27.081503","14.68005596","0.00104460","98.0382","182.4868","52.2569","307.9601","0","U","39208","999","4831","0.00003888400000","0.00000175","0.0000000000000","7045.583","98.092","674.808","660.088","PAYLOAD","LARGE","PRC","2013-07-19","TSC","","1697937","96185338","0 PAYLOAD A","1 39208U 13037A   14165.23573011  .00000175  00000-0  38884-4 0  9993","2 39208 098.0382 182.4868 0010446 052.2569 307.9601 14.68005596 48311"
"2.0","GENERATED VIA SPACE-TRACK.ORG API","2014-06-14T15:24:25","18 SPCS","PAYLOAD B","2013-037B","EARTH","TEME","UTC","SGP4","2014-06-14T11:02:39.307488","14.67530768","0.00061110","98.0380","182.3476","49.0244","311.1491","0","U","39209","999","4831","0.00005099400000","0.00000241","0.0000000000000","7047.103","98.124","673.274","664.661","PAYLOAD","LARGE","PRC","2013-07-19","TSC","","1698160","96190399","0 PAYLOAD B","1 39209U 13037B   14165.46017717  .00000241  00000-0  50994-4 0  9995","2 39209 098.0380 182.3476 0006111 049.0244 311.1491 14.67530768 48319"
"2.0","GENERATED VIA SPACE-TRACK.ORG API","2014-06-14T15:24:40","18 SPCS","PAYLOAD C","2013-037C","EARTH","TEME","UTC","SGP4","2014-06-14T12:07:37.628832","14.93950610","0.00336410","97.6795","181.3573","23.2651","337.0082","0","U","39210","999","4912","0.00006075600000","0.00000596","0.0000000000000","6963.773","96.388","609.065","562.211","PAYLOAD","LARGE","PRC","2013-07-19","TSC","","1698161","96190434","0 PAYLOAD C","1 39210U 13037C   14165.50529663  .00000596  00000-0  60756-4 0  9990","2 39210 097.6795 181.3573 0033641 023.2651 337.0082 14.93950610 49121"
"2.0","GENERATED VIA SPACE-TRACK.ORG API","2014-06-14T14:22:45","18 SPCS","PAYLOAD A","2013-037A","EARTH","TEME","UTC","SGP4","2014-06-14T12:12:03.271679","14.68006873","0.00104670","98.0385","182.7551","51.2818","308.9318","0","U","39208","999","4835","0.00010061000000","0.00000529","0.0000000000000","7045.579","98.092","674.819","660.069","PAYLOAD","LARGE","PRC","2013-07-19","TSC","","1698065","96188261","0 PAYLOAD A","1 39208U 13037A   14165.50837120  .00000529  00000-0  10061-3 0  9996","2 39208 098.0385 182.7551 0010467 051.2818 308.9318 14.68006873 48354"
"2.0","GENERATED VIA SPACE-TRACK.ORG API","2014-06-14T22:27:15","18 SPCS","PAYLOAD A","2013-037A","EARTH","TEME","UTC","SGP4","2014-06-14T17:06:30.456864","14.68004812","0.00104560","98.0385","182.9558","51.0848","309.1221","0","U","39208","999","4838","-0.00000046815000","-0.00000051","0.0000000000000","7045.586","98.092","674.818","660.084","PAYLOAD","LARGE","PRC","2013-07-19","TSC","","1698239","96191227","0 PAYLOAD A","1 39208U 13037A   14165.71285251 -.00000051  00000-0 -46815-6 0  9992","2 39208 098.0385 182.9558 0010456 051.0848 309.1221 14.68004812 48382"
"2.0","GENERATED VIA SPACE-TRACK.ORG API","2014-06-14T23:23:21","18 SPCS","PAYLOAD B","2013-037B","EARTH","TEME","UTC","SGP4","2014-06-14T19:13:34.224384","14.67529707","0.00061330","98.0379","182.6824","48.1050","312.0667","0","U","39209","999","4836","0.00000280980000","-0.00000032","0.0000000000000","7047.106","98.124","673.293","664.649","PAYLOAD","LARGE","PRC","2013-07-19","TSC","","1698332","96193251","0 PAYLOAD B","1 39209U 13037B   14165.80109056 -.00000032  00000-0  28098-5 0  9991","2 39209 098.0379 182.6824 0006133 048.1050 312.0667 14.67529707 48367"
"2.0","GENERATED VIA SPACE-TRACK.ORG API","2014-06-14T23:24:36","18 SPCS","PAYLOAD C","2013-037C","EARTH","TEME","UTC","SGP4","2014-06-14T20:09:52.129151","14.93950772","0.00335840","97.6791","181.6850","22.2307","338.0376","0","U","39210","999","4917","0.00005951500000","0.00000582","0.0000000000000","6963.772","96.388","609.024","562.250","PAYLOAD","LARGE","PRC","2013-07-19","TSC","","1698334","96193297","0 PAYLOAD C","1 39210U 13037C   14165.84018668  .00000582  00000-0  59515-4 0  9991","2 39210 097.6791 181.6850 0033584 022.2307 338.0376 14.93950772 49172"
"2.0","GENERATED VIA SPACE-TRACK.ORG API","2014-06-15T07:30:42","18 SPCS","PAYLOAD B","2013-037B","EARTH","TEME","UTC","SGP4","2014-06-15T03:24:29.046240","14.67530755","0.00060610","98.0377","183.0170","47.5568","312.6152","0","U","39209","999","4841","0.00003943100000","0.00000176","0.0000000000000","7047.103","98.124","673.239","664.697","PAYLOAD","LARGE","PRC","2013-07-19","TSC","","1698515","96195957","0 PAYLOAD B","1 39209U 13037B   14166.14200285  .00000176  00000-0  39431-4 0  9995","2 39209 098.0377 183.0170 0006061 047.5568 312.6152 14.67530755 48417"
"2.0","GENERATED VIA SPACE-TRACK.ORG API","2014-06-15T07:31:46","18 SPCS","PAYLOAD C","2013-037C","EARTH","TEME","UTC","SGP4","2014-06-15T04:12:06.518016","14.93951633","0.00335090","97.6789","182.0118","21.1522","339.1085","0","U","39210","999","4922","0.00006510800000","0.00000643","0.0000000000000","6963.770","96.388","608.970","562.300","PAYLOAD","LARGE","PRC","2013-07-19","TSC","","1698516","96195998","0 PAYLOAD C","1 39210U 13037C   14166.17507544  .00000643  00000-0  65108-4 0  9997","2 39210 097.6789 182.0118 0033509 021.1522 339.1085 14.93951633 49227"
"2.0","GENERATED VIA SPACE-TRACK.ORG API","2014-06-15T15:40:49","18 SPCS","PAYLOAD B","2013-037B","EARTH","TEME","UTC","SGP4","2014-06-15T11:35:23.862911","14.67531785","0.00060780","98.0379","183.3516","46.7235","313.4486","0","U","39209","999","4846","0.00007175100000","0.00000359","0.0000000000000","7047.100","98.123","673.248","664.681","PAYLOAD","LARGE","PRC","2013-07-19","TSC","","1698672","96199460","0 PAYLOAD B","1 39209U 13037B   14166.48291508  .00000359  00000-0  71751-4 0  9994","2 39209 098.0379 183.3516 0006078 046.7235 313.4486 14.67531785 48464"
"2.0","GENERATED VIA SPACE-TRACK.ORG API","2014-06-15T15:40:45","18 SPCS","PAYLOAD C","2013-037C","EARTH","TEME","UTC","SGP4","2014-06-15T12:14:20.904287","14.93953025","0.00335220","97.6789","182.3393","20.0451","340.2092","0","U","39210","999","4927","0.00008493900000","0.00000856","0.0000000000000","6963.765","96.388","608.974","562.286","PAYLOAD","LARGE","PRC","2013-07-19","TSC","","1698671","96199442","0 PAYLOAD C","1 39210U 13037C   14166.50996417  .00000856  00000-0  84939-4 0  9994","2 39210 097.6789 182.3393 0033522 020.0451 340.2092 14.93953025 49272"
"2.0","GENERATED VIA SPACE-TRACK.ORG API","2014-06-15T14:27:49","18 SPCS","PAYLOAD A","2013-037A","EARTH","TEME","UTC","SGP4","2014-06-15T12:44:19.396320","14.68004834","0.00104240","98.0383","183.7587","48.4908","311.7200","0","U","39208","999","4850","-0.00000292940000","-0.00000065","0.0000000000000","7045.586","98.092","674.795","660.106","PAYLOAD","LARGE","PRC","2013-07-19","TSC","","1698560","96196753","0 PAYLOAD A","1 39208U 13037A   14166.53078005 -.00000065  00000-0 -29294-5 0  9996","2 39208 098.0383 183.7587 0010424 048.4908 311.7200 14.68004834 48507"
"2.0","GENERATED VIA SPACE-TRACK.ORG API","2014-06-15T23:06:09","18 SPCS","PAYLOAD B","2013-037B","EARTH","TEME","UTC","SGP4","2014-06-15T19:46:18.697728","14.67531692","0.00059640","98.0380","183.6860","46.5353","313.6349","0","U","39209","999","4851","0.00006660900000","0.00000330","0.0000000000000","7047.100","98.123","673.168","664.762","PAYLOAD","LARGE","PRC","2013-07-19","TSC","","1698826","96201961","0 PAYLOAD B","1 39209U 13037B   14166.82382752  .00000330  00000-0  66609-4 0  9999","2 39209 098.0380 183.6860 0005964 046.5353 313.6349 14.67531692 48516"
"2.0","GENERATED VIA SPACE-TRACK.ORG API","2014-06-15T23:06:18","18 SPCS","PAYLOAD C","2013-037C","EARTH","TEME","UTC","SGP4","2014-06-15T20:16:35.286239","14.93953107","0.00334430","97.6789","182.6664","18.9964","341.2485","0","U","39210","999","4932","0.00007616700000","0.00000762","0.0000000000000","6963.765","96.388","608.919","562.341","PAYLOAD","LARGE","PRC","2013-07-19","TSC","","1698827","96201987","0 PAYLOAD C","1 39210U 13037C   14166.84485285  .00000762  00000-0  76167-4 0  9997","2 39210 097.6789 182.6664 0033443 018.9964 341.2485 14.93953107 49327"
"2.0","GENERATED VIA SPACE-TRACK.ORG API","2014-06-15T22:21:58","18 SPCS","PAYLOAD A","2013-037A","EARTH","TEME","UTC","SGP4","2014-06-15T20:55:04.726272","14.68005233","0.00104330","98.0387","184.0937","47.3018","312.9080","0","U","39208","999","4855","0.00001179300000","0.00000019","0.0000000000000","7045.584","98.092","674.800","660.099","PAYLOAD","LARGE","PRC","2013-07-19","TSC","","1698761","96200376","0 PAYLOAD A","1 39208U 13037A   14166.87158248  .00000019  00000-0  11793-4 0  9992","2 39208 098.0387 184.0937 0010433 047.3018 312.9080 14.68005233 48552"
"2.0","GENERATED VIA SPACE-TRACK.ORG API","2014-06-16T07:28:15","18 SPCS","PAYLOAD B","2013-037B","EARTH","TEME","UTC","SGP4","2014-06-16T03:57:13.497983","14.67532583","0.00059100","98.0378","184.0203","45.4733","314.6968","0","U","39209","999","4856","0.00008350300000","0.00000426","0.0000000000000","7047.097","98.123","673.127","664.797","PAYLOAD","LARGE","PRC","2013-07-19","TSC","","1699021","96204506","0 PAYLOAD B","1 39209U 13037B   14167.16473956  .00000426  00000-0  83503-4 0  9992","2 39209 098.0378 184.0203 0005910 045.4733 314.6968 14.67532583 48563"
"2.0","GENERATED VIA SPACE-TRACK.ORG API","2014-06-16T07:29:26","18 SPCS","PAYLOAD C","2013-037C","EARTH","TEME","UTC","SGP4","2014-06-16T04:18:49.669919","14.93953996","0.00333870","97.6786","182.9935","17.8659","342.3734","0","U","39210","999","4937","0.00007918500000","0.00000794","0.0000000000000","6963.762","96.388","608.877","562.377","PAYLOAD","LARGE","PRC","2013-07-19","TSC","","1699023","96204551","0 PAYLOAD C","1 39210U 13037C   14167.17974155  .00000794  00000-0  79185-4 0  9991","2 39210 097.6786 182.9935 0033387 017.8659 342.3734 14.93953996 49374"
"2.0","GENERATED VIA SPACE-TRACK.ORG API","2014-06-16T06:22:41","18 SPCS","PAYLOAD A","2013-037A","EARTH","TEME","UTC","SGP4","2014-06-16T05:05:50.033759","14.68005238","0.00104240","98.0385","184.4282","46.2731","313.9336","0","U","39208","999","4860","0.00000830490000","-0.00000001","0.0000000000000","7045.584","98.092","674.794","660.105","PAYLOAD","LARGE","PRC","2013-07-19","TSC","","1698944","96202678","0 PAYLOAD A","1 39208U 13037A   14167.21238465 -.00000001  00000-0  83049-5 0  9997","2 39208 098.0385 184.4282 0010424 046.2731 313.9336 14.68005238 48603"
"2.0","GENERATED VIA SPACE-TRACK.ORG API","2014-06-16T12:30:22","18 SPCS","PAYLOAD B","2013-037B","EARTH","TEME","UTC","SGP4","2014-06-16T10:29:57.331968","14.67532320","0.00058200","98.0378","184.2879","44.5278","315.6416","0","U","39209","999","4860","-0.00003836000000","-0.00000265","0.0000000000000","7047.098","98.123","673.064","664.861","PAYLOAD","LARGE","PRC","2013-07-19","TSC","","1699045","96204746","0 PAYLOAD B","1 39209U 13037B   14167.43746912 -.00000265  00000-0 -38360-4 0  9991","2 39209 098.0378 184.2879 0005820 044.5278 315.6416 14.67532320 48601"
"2.0","GENERATED VIA SPACE-TRACK.ORG API","2014-06-16T14:27:36","18 SPCS","PAYLOAD A","2013-037A","EARTH","TEME","UTC","SGP4","2014-06-16T11:38:26.300831","14.68005482","0.00104100","98.0385","184.6958","45.5604","314.6462","0","U","39208","999","4864","0.00001441000000","0.00000034","0.0000000000000","7045.584","98.092","674.783","660.114","PAYLOAD","LARGE","PRC","2013-07-19","TSC","","1699071","96205264","0 PAYLOAD A","1 39208U 13037A   14167.48502663  .00000034  00000-0  14410-4 0  9990","2 39208 098.0385 184.6958 0010410 045.5604 314.6462 14.68005482 48644"
"2.0","GENERATED VIA SPACE-TRACK.ORG API","2014-06-16T15:33:35","18 SPCS","PAYLOAD C","2013-037C","EARTH","TEME","UTC","SGP4","2014-06-16T12:21:04.019904","14.93955308","0.00334190","97.6789","183.3211","16.7296","343.5019","0","U","39210","999","4942","0.00010234000000","0.00001043","0.0000000000000","6963.758","96.388","608.895","562.351","PAYLOAD","LARGE","PRC","2013-07-19","TSC","","1699177","96207693","0 PAYLOAD C","1 39210U 13037C   14167.51462986  .00001043  00000-0  10234-3 0  9990","2 39210 097.6789 183.3211 0033419 016.7296 343.5019 14.93955308 49424"
"2.0","GENERATED VIA SPACE-TRACK.ORG API","2014-06-16T23:21:07","18 SPCS","PAYLOAD B","2013-037B","EARTH","TEME","UTC","SGP4","2014-06-16T18:40:52.186655","14.67532791","0.00058810","98.0378","184.6227","43.6439","316.5231","0","U","39209","999","4865","0.00008479400000","0.00000433","0.0000000000000","7047.096","98.123","673.106","664.817","PAYLOAD","LARGE","PRC","2013-07-19","TSC","","1699383","96210628","0 PAYLOAD B","1 39209U 13037B   14167.77838179  .00000433  00000-0  84794-4 0  9992","2 39209 098.0378 184.6227 0005881 043.6439 316.5231 14.67532791 48650"
"2.0","GENERATED VIA SPACE-TRACK.ORG API","2014-06-16T22:24:20","18 SPCS","PAYLOAD A","2013-037A","EARTH","TEME","UTC","SGP4","2014-06-16T19:49:11.470079","14.68006940","0.00103400","98.0386","185.0319","44.8043","315.3998","0","U","39208","999","4869","0.00005553500000","0.00000270","0.0000000000000","7045.579","98.092","674.729","660.159","PAYLOAD","LARGE","PRC","2013-07-19","TSC","","1699285","96208612","0 PAYLOAD A","1 39208U 13037A   14167.82582720  .00000270  00000-0  55535-4 0  9995","2 39208 098.0386 185.0319 0010340 044.8043 315.3998 14.68006940 48699"
"2.0","GENERATED VIA SPACE-TRACK.ORG API","2014-06-16T23:22:19","18 SPCS","PAYLOAD C","2013-037C","EARTH","TEME","UTC","SGP4","2014-06-16T20:23:18.399263","14.93955448","0.00333770","97.6787","183.6488","15.6423","344.5819","0","U","39210","999","4947","0.00009125900000","0.00000924","0.0000000000000","6963.758","96.388","608.866","562.380","PAYLOAD","LARGE","PRC","2013-07-19","TSC","","1699384","96210662","0 PAYLOAD C","1 39210U 13037C   14167.84951851  .00000924  00000-0  91259-4 0  9994","2 39210 097.6787 183.6488 0033377 015.6423 344.5819 14.93955448 49473"
"2.0","GENERATED VIA SPACE-TRACK.ORG API","2014-06-17T07:06:48","18 SPCS","PAYLOAD B","2013-037B","EARTH","TEME","UTC","SGP4","2014-06-17T02:51:46.965312","14.67533748","0.00058860","98.0377","184.9572","42.4667","317.6995","0","U","39209","999","4870","0.00010733000000","0.00000561","0.0000000000000","7047.093","98.123","673.106","664.810","PAYLOAD","LARGE","PRC","2013-07-19","TSC","","1699529","96212679","0 PAYLOAD B","1 39209U 13037B   14168.11929358  .00000561  00000-0  10733-3 0  9994","2 39209 098.0377 184.9572 0005886 042.4667 317.6995 14.67533748 48708"
"2.0","GENERATED VIA SPACE-TRACK.ORG API","2014-06-17T06:20:53","18 SPCS","PAYLOAD A","2013-037A","EARTH","TEME","UTC","SGP4","2014-06-17T03:59:56.679071","14.68008430","0.00102870","98.0384","185.3667","43.9409","316.2620","0","U","39208","999","4874","0.00009829000000","0.00000515","0.0000000000000","7045.574","98.092","674.687","660.191","PAYLOAD","LARGE","PRC","2013-07-19","TSC","","1699468","96211220","0 PAYLOAD A","1 39208U 13037A   14168.16662823  .00000515  00000-0  98290-4 0  9993","2 39208 098.0384 185.3667 0010287 043.9409 316.2620 14.68008430 48746"
"2.0","GENERATED VIA SPACE-TRACK.ORG API","2014-06-17T07:07:33","18 SPCS","PAYLOAD C","2013-037C","EARTH","TEME","UTC","SGP4","2014-06-17T04:25:32.723328","14.93956457","0.00333570","97.6787","183.9759","14.5475","345.6702","0","U","39210","999","4952","0.00009509600000","0.00000965","0.0000000000000","6963.755","96.388","608.849","562.391","PAYLOAD","LARGE","PRC","2013-07-19","TSC","","1699530","96212701","0 PAYLOAD C","1 39210U 13037C   14168.18440652  .00000965  00000-0  95096-4 0  9992","2 39210 097.6787 183.9759 0033357 014.5475 345.6702 14.93956457 49520"
"2.0","GENERATED VIA SPACE-TRACK.ORG API","2014-06-17T16:14:57","18 SPCS","PAYLOAD B","2013-037B","EARTH","TEME","UTC","SGP4","2014-06-17T11:02:41.804447","14.67533419","0.00058770","98.0377","185.2916","41.6148","318.5507","0","U","39209","999","4875","0.00007969900000","0.00000404","0.0000000000000","7047.094","98.123","673.101","664.818","PAYLOAD","LARGE","PRC","2013-07-19","TSC","","1699672","96215540","0 PAYLOAD B","1 39209U 13037B   14168.46020607  .00000404  00000-0  79699-4 0  9994","2 39209 098.0377 185.2916 0005877 041.6148 318.5507 14.67533419 48758"
"2.0","GENERATED VIA SPACE-TRACK.ORG API","2014-06-17T14:27:05","18 SPCS","PAYLOAD A","2013-037A","EARTH","TEME","UTC","SGP4","2014-06-17T12:10:41.964095","14.68007726","0.00102460","98.0384","185.7013","42.4847","317.7139","0","U","39208","999","4879","0.00005302700000","0.00000256","0.0000000000000","7045.576","98.092","674.660","660.222","PAYLOAD","LARGE","PRC","2013-07-19","TSC","","1699568","96213193","0 PAYLOAD A","1 39208U 13037A   14168.50743014  .00000256  00000-0  53027-4 0  9994","2 39208 098.0384 185.7013 0010246 042.4847 317.7139 14.68007726 48793"
"2.0","GENERATED VIA SPACE-TRACK.ORG API","2014-06-17T16:16:20","18 SPCS","PAYLOAD C","2013-037C","EARTH","TEME","UTC","SGP4","2014-06-17T12:27:47.039616","14.93957171","0.00332320","97.6786","184.3027","13.5652","346.6467","0","U","39210","999","4957","0.00009278700000","0.00000940","0.0000000000000","6963.752","96.388","608.759","562.475","PAYLOAD","LARGE","PRC","2013-07-19","TSC","","1699675","96215588","0 PAYLOAD C","1 39210U 13037C   14168.51929444  .00000940  00000-0  92787-4 0  9997","2 39210 097.6786 184.3027 0033232 013.5652 346.6467 14.93957171 49578"
"2.0","GENERATED VIA SPACE-TRACK.ORG API","2014-06-18T00:20:30","18 SPCS","PAYLOAD A","2013-037A","EARTH","TEME","UTC","SGP4","2014-06-17T20:21:27.290591","14.68007478","0.00101970","98.0382","186.0364","41.7147","318.4819","0","U","39208","999","4884","0.00005330200000","0.00000257","0.0000000000000","7045.577","98.092","674.627","660.258","PAYLOAD","LARGE","PRC","2013-07-19","TSC","","1699771","96217202","0 PAYLOAD A","1 39208U 13037A   14168.84823253  .00000257  00000-0  53302-4 0  9992","2 39208 098.0382 186.0364 0010197 041.7147 318.4819 14.68007478 48847"
"2.0","GENERATED VIA SPACE-TRACK.ORG API","2014-06-18T01:12:52","18 SPCS","PAYLOAD C","2013-037C","EARTH","TEME","UTC","SGP4","2014-06-17T20:30:01.369727","14.93957017","0.00331730","97.6785","184.6302","12.5056","347.6976","0","U","39210","999","4962","0.00007752900000","0.00000776","0.0000000000000","6963.753","96.388","608.719","562.517","PAYLOAD","LARGE","PRC","2013-07-19","TSC","","1699851","96219144","0 PAYLOAD C","1 39210U 13037C   14168.85418252  .00000776  00000-0  77529-4 0  9998","2 39210 097.6785 184.6302 0033173 012.5056 347.6976 14.93957017 49628"
"2.0","GENERATED VIA SPACE-TRACK.ORG API","2014-06-17T22:53:08","18 SPCS","PAYLOAD B","2013-037B","EARTH","TEME","UTC","SGP4","2014-06-17T20:51:48.417696","14.67533193","0.00060670","98.0403","185.6950","39.0316","321.1810","0","U","39209","999","4775","0.00006255800000","0.00000355","0.0000000000000","7047.095","98.123","673.236","664.685","PAYLOAD","LARGE","PRC","2013-07-19","TSC","","1699742","96216647","0 PAYLOAD B","1 39209U 13037B   14168.86931039  .00000355  00000-0  62558-4 0  9999","2 39209 098.0403 185.6950 0006067 039.0316 321.1810 14.67533193 47755"
"2.0","GENERATED VIA SPACE-TRACK.ORG API","2014-06-17T22:53:08","18 SPCS","PAYLOAD A","2013-037A","EARTH","TEME","UTC","SGP4","2014-06-17T21:59:37.226112","14.68007406","0.00105030","98.0408","186.1046","40.7481","319.4992","0","U","39208","999","4885","0.00004584000000","0.00000263","0.0000000000000","7045.577","98.092","674.842","660.042","PAYLOAD","LARGE","PRC","2013-07-19","TSC","","1699742","96216646","0 PAYLOAD A","1 39208U 13037A   14168.91640308  .00000263  00000-0  45840-4 0  9993","2 39208 098.0408 186.1046 0010503 040.7481 319.4992 14.68007406 48850"
"2.0","GENERATED VIA SPACE-TRACK.ORG API","2014-06-17T23:36:49","18 SPCS","PAYLOAD C","2013-037C","EARTH","TEME","UTC","SGP4","2014-06-17T22:06:28.984320","14.93958851","0.00330450","97.6812","184.6965","12.6122","347.6405","0","U","39210","999","4509","0.00016502000000","0.00001775","0.0000000000000","6963.747","96.388","608.624","562.601","PAYLOAD","LARGE","PRC","2013-07-19","TSC","","1699746","96216715","0 PAYLOAD C","1 39210U 13037C   14168.92116880  .00001775  00000-0  16502-3 0  9991","2 39210 097.6812 184.6965 0033045 012.6122 347.6405 14.93958851 45098"
"2.0","GENERATED VIA SPACE-TRACK.ORG API","2014-06-17T22:53:08","18 SPCS","PAYLOAD C","2013-037C","EARTH","TEME","UTC","SGP4","2014-06-17T22:06:28.985184","14.93959108","0.00330870","97.6811","184.6964","12.5577","347.6948","0","U","39210","999","4509","0.00018359000000","0.00001974","0.0000000000000","6963.746","96.388","608.652","562.570","PAYLOAD","LARGE","PRC","2013-07-19","TSC","","1699742","96216648","0 PAYLOAD C","1 39210U 13037C   14168.92116881  .00001974  00000-0  18359-3 0  9995","2 39210 097.6811 184.6964 0033087 012.5577 347.6948 14.93959108 45093"
"2.0","GENERATED VIA SPACE-TRACK.ORG API","2014-06-18T01:11:50","18 SPCS","PAYLOAD B","2013-037B","EARTH","TEME","UTC","SGP4","2014-06-17T22:29:58.583903","14.67532920","0.00057280","98.0373","185.7594","41.0943","319.0719","0","U","39209","999","4882","0.00004206600000","0.00000191","0.0000000000000","7047.096","98.123","672.998","664.924","PAYLOAD","LARGE","PRC","2013-07-19","TSC","","1699850","96219116","0 PAYLOAD B","1 39209U 13037B   14168.93748361  .00000191  00000-0  42066-4 0  9991","2 39209 098.0373 185.7594 0005728 041.0943 319.0719 14.67532920 48828"
"2.0","GENERATED VIA SPACE-TRACK.ORG API","2014-06-18T06:24:37","18 SPCS","PAYLOAD A","2013-037A","EARTH","TEME","UTC","SGP4","2014-06-18T02:54:03.542976","14.68007653","0.00101910","98.0382","186.3042","40.8724","319.3244","0","U","39208","999","4888","0.00005349800000","0.00000259","0.0000000000000","7045.577","98.092","674.622","660.261","PAYLOAD","LARGE","PRC","2013-07-19","TSC","","1699938","96219913","0 PAYLOAD A","1 39208U 13037A   14169.12087434  .00000259  00000-0  53498-4 0  9995","2 39208 098.0382 186.3042 0010191 040.8724 319.3244 14.68007653 48889"
"2.0","GENERATED VIA SPACE-TRACK.ORG API","2014-06-18T07:38:42","18 SPCS","PAYLOAD B","2013-037B","EARTH","TEME","UTC","SGP4","2014-06-18T03:24:31.428287","14.67533398","0.00057560","98.0374","185.9600","40.1209","320.0430","0","U","39209","999","4885","0.00005603900000","0.00000270","0.0000000000000","7047.094","98.123","673.016","664.903","PAYLOAD","LARGE","PRC","2013-07-19","TSC","","1700033","96222159","0 PAYLOAD B","1 39209U 13037B   14169.14203042  .00000270  00000-0  56039-4 0  9990","2 39209 098.0374 185.9600 0005756 040.1209 320.0430 14.67533398 48850"
"2.0","GENERATED VIA SPACE-TRACK.ORG API","2014-06-18T07:39:46","18 SPCS","PAYLOAD C","2013-037C","EARTH","TEME","UTC","SGP4","2014-06-18T04:32:15.634176","14.93958626","0.00331660","97.6785","184.9575","11.3796","348.8173","0","U","39210","999","4967","0.00009647600000","0.00000980","0.0000000000000","6963.748","96.388","608.709","562.517","PAYLOAD","LARGE","PRC","2013-07-19","TSC","","1700034","96222186","0 PAYLOAD C","1 39210U 13037C   14169.18906984  .00000980  00000-0  96476-4 0  9998","2 39210 097.6785 184.9575 0033166 011.3796 348.8173 14.93958626 49677"
"2.0","GENERATED VIA SPACE-TRACK.ORG API","2014-06-18T14:24:39","18 SPCS","PAYLOAD A","2013-037A","EARTH","TEME","UTC","SGP4","2014-06-18T11:04:48.853919","14.68007355","0.00101940","98.0385","186.6393","39.8984","320.2973","0","U","39208","999","4893","0.00003088600000","0.00000129","0.0000000000000","7045.578","98.092","674.625","660.260","PAYLOAD","LARGE","PRC","2013-07-19","TSC","","1700086","96222834","0 PAYLOAD A","1 39208U 13037A   14169.46167655  .00000129  00000-0  30886-4 0  9998","2 39208 098.0385 186.6393 0010194 039.8984 320.2973 14.68007355 48938"
"2.0","GENERATED VIA SPACE-TRACK.ORG API","2014-06-18T15:26:27","18 SPCS","PAYLOAD B","2013-037B","EARTH","TEME","UTC","SGP4","2014-06-18T11:35:26.192256","14.67533771","0.00057500","98.0379","186.2954","38.9645","321.1969","0","U","39209","999","4890","0.00006074200000","0.00000297","0.0000000000000","7047.093","98.123","673.010","664.906","PAYLOAD","LARGE","PRC","2013-07-19","TSC","","1700182","96225136","0 PAYLOAD B","1 39209U 13037B   14169.48294204  .00000297  00000-0  60742-4 0  9992","2 39209 098.0379 186.2954 0005750 038.9645 321.1969 14.67533771 48904"
"2.0","GENERATED VIA SPACE-TRACK.ORG API","2014-06-18T15:28:03","18 SPCS","PAYLOAD C","2013-037C","EARTH","TEME","UTC","SGP4","2014-06-18T12:34:29.899487","14.93959321","0.00331170","97.6786","185.2853","10.2943","349.8944","0","U","39210","999","4972","0.00009751400000","0.00000991","0.0000000000000","6963.746","96.388","608.673","562.549","PAYLOAD","LARGE","PRC","2013-07-19","TSC","","1700184","96225191","0 PAYLOAD C","1 39210U 13037C   14169.52395717  .00000991  00000-0  97514-4 0  9998","2 39210 097.6786 185.2853 0033117 010.2943 349.8944 14.93959321 49725"
"2.0","GENERATED VIA SPACE-TRACK.ORG API","2014-06-18T22:24:52","18 SPCS","PAYLOAD A","2013-037A","EARTH","TEME","UTC","SGP4","2014-06-18T19:15:34.152767","14.68006666","0.00101540","98.0384","186.9738","38.8307","321.3622","0","U","39208","999","4898","-0.00000421410000","-0.00000072","0.0000000000000","7045.580","98.092","674.599","660.291","PAYLOAD","LARGE","PRC","2013-07-19","TSC","","1700252","96226098","0 PAYLOAD A","1 39208U 13037A   14169.80247862 -.00000072  00000-0 -42141-5 0  9992","2 39208 098.0384 186.9738 0010154 038.8307 321.3622 14.68006666 48989"
"2.0","GENERATED VIA SPACE-TRACK.ORG API","2014-06-18T23:17:53","18 SPCS","PAYLOAD B","2013-037B","EARTH","TEME","UTC","SGP4","2014-06-18T19:46:21.029663","14.67533332","0.00057340","98.0379","186.6297","38.1177","322.0427","0","U","39209","999","4895","0.00003932700000","0.00000175","0.0000000000000","7047.095","98.123","673.000","664.919","PAYLOAD","LARGE","PRC","2013-07-19","TSC","","1700343","96228047","0 PAYLOAD B","1 39209U 13037B   14169.82385451  .00000175  00000-0  39327-4 0  9995","2 39209 098.0379 186.6297 0005734 038.1177 322.0427 14.67533332 48959"
"2.0","GENERATED VIA SPACE-TRACK.ORG API","2014-06-18T23:18:51","18 SPCS","PAYLOAD C","2013-037C","EARTH","TEME","UTC","SGP4","2014-06-18T20:36:44.199360","14.93959720","0.00331270","97.6787","185.6128","9.1964","350.9854","0","U","39210","999","4977","0.00009284600000","0.00000941","0.0000000000000","6963.745","96.388","608.678","562.541","PAYLOAD","LARGE","PRC","2013-07-19","TSC","","1700344","96228083","0 PAYLOAD C","1 39210U 13037C   14169.85884490  .00000941  00000-0  92846-4 0  9993","2 39210 097.6787 185.6128 0033127 009.1964 350.9854 14.93959720 49777"
"2.0","GENERATED VIA SPACE-TRACK.ORG API","2014-06-19T07:29:39","18 SPCS","PAYLOAD B","2013-037B","EARTH","TEME","UTC","SGP4","2014-06-19T02:19:04.848960","14.67533711","0.00056530","98.0376","186.8974","37.1227","323.0378","0","U","39209","999","4899","0.00004113200000","0.00000185","0.0000000000000","7047.093","98.123","672.942","664.975","PAYLOAD","LARGE","PRC","2013-07-19","TSC","","1700494","96230522","0 PAYLOAD B","1 39209U 13037B   14170.09658390  .00000185  00000-0  41132-4 0  9999","2 39209 098.0376 186.8974 0005653 037.1227 323.0378 14.67533711 48996"
"2.0","GENERATED VIA SPACE-TRACK.ORG API","2014-06-19T07:30:53","18 SPCS","PAYLOAD C","2013-037C","EARTH","TEME","UTC","SGP4","2014-06-19T04:38:58.414559","14.93960622","0.00330560","97.6785","185.9400","8.0368","352.1374","0","U","39210","999","4982","0.00009350800000","0.00000948","0.0000000000000","6963.742","96.388","608.626","562.587","PAYLOAD","LARGE","PRC","2013-07-19","TSC","","1700495","96230543","0 PAYLOAD C","1 39210U 13037C   14170.19373165  .00000948  00000-0  93508-4 0  9997","2 39210 097.6785 185.9400 0033056 008.0368 352.1374 14.93960622 49828"
"2.0","GENERATED VIA SPACE-TRACK.ORG API","2014-06-19T06:25:48","18 SPCS","PAYLOAD A","2013-037A","EARTH","TEME","UTC","SGP4","2014-06-19T05:04:28.532640","14.68006431","0.00101240","98.0383","187.3753","37.3730","322.8185","0","U","39208","999","4904","-0.00001448400000","-0.00000131","0.0000000000000","7045.581","98.092","674.578","660.313","PAYLOAD","LARGE","PRC","2013-07-19","TSC","","1700420","96228752","0 PAYLOAD A","1 39208U 13037A   14170.21144135 -.00000131  00000-0 -14484-4 0  9992","2 39208 098.0383 187.3753 0010124 037.3730 322.8185 14.68006431 49049"
"2.0","GENERATED VIA SPACE-TRACK.ORG API","2014-06-19T15:32:52","18 SPCS","PAYLOAD B","2013-037B","EARTH","TEME","UTC","SGP4","2014-06-19T10:29:59.622432","14.67534452","0.00057000","98.0378","187.2322","35.9760","324.1835","0","U","39209","999","4904","0.00006580900000","0.00000325","0.0000000000000","7047.091","98.123","672.973","664.939","PAYLOAD","LARGE","PRC","2013-07-19","TSC","","1700648","96233666","0 PAYLOAD B","1 39209U 13037B   14170.43749563  .00000325  00000-0  65809-4 0  9993","2 39209 098.0378 187.2322 0005700 035.9760 324.1835 14.67534452 49041"
"2.0","GENERATED VIA SPACE-TRACK.ORG API","2014-06-19T15:33:51","18 SPCS","PAYLOAD C","2013-037C","EARTH","TEME","UTC","SGP4","2014-06-19T11:04:45.820415","14.93961694","0.00330790","97.6788","186.2023","7.1280","353.0419","0","U","39210","999","4986","0.00010572000000","0.00001080","0.0000000000000","6963.738","96.388","608.639","562.568","PAYLOAD","LARGE","PRC","2013-07-19","TSC","","1700649","96233713","0 PAYLOAD C","1 39210U 13037C   14170.46164144  .00001080  00000-0  10572-3 0  9999","2 39210 097.6788 186.2023 0033079 007.1280 353.0419 14.93961694 49868"
"2.0","GENERATED VIA SPACE-TRACK.ORG API","2014-06-19T12:25:03","18 SPCS","PAYLOAD A","2013-037A","EARTH","TEME","UTC","SGP4","2014-06-19T11:37:04.693439","14.68007999","0.00102200","98.0387","187.6437","36.4084","323.7825","0","U","39208","999","4908","0.00003655200000","0.00000161","0.0000000000000","7045.576","98.092","674.641","660.240","PAYLOAD","LARGE","PRC","2013-07-19","TSC","","1700521","96230725","0 PAYLOAD A","1 39208U 13037A   14170.48408210  .00000161  00000-0  36552-4 0  9999","2 39208 098.0387 187.6437 0010220 036.4084 323.7825 14.68007999 49089"
"2.0","GENERATED VIA SPACE-TRACK.ORG API","2014-06-19T23:17:28","18 SPCS","PAYLOAD B","2013-037B","EARTH","TEME","UTC","SGP4","2014-06-19T18:40:54.471071","14.67532959","0.00055820","98.0378","187.5667","36.0374","324.1185","0","U","39209","999","4909","0.00001460300000","0.00000035","0.0000000000000","7047.096","98.123","672.895","665.027","PAYLOAD","LARGE","PRC","2013-07-19","TSC","","1700845","96236522","0 PAYLOAD B","1 39209U 13037B   14170.77840823  .00000035  00000-0  14603-4 0  9995","2 39209 098.0378 187.5667 0005582 036.0374 324.1185 14.67532959 49090"
"2.0","GENERATED VIA SPACE-TRACK.ORG API","2014-06-19T22:22:47","18 SPCS","PAYLOAD A","2013-037A","EARTH","TEME","UTC","SGP4","2014-06-19T19:47:49.948224","14.68006612","0.00100600","98.0386","187.9772","35.4849","324.6988","0","U","39208","999","4913","-0.00001747700000","-0.00000148","0.0000000000000","7045.580","98.092","674.533","660.357","PAYLOAD","LARGE","PRC","2013-07-19","TSC","","1700756","96234579","0 PAYLOAD A","1 39208U 13037A   14170.82488366 -.00000148  00000-0 -17477-4 0  9999","2 39208 098.0386 187.9772 0010060 035.4849 324.6988 14.68006612 49130"
"2.0","GENERATED VIA SPACE-TRACK.ORG API","2014-06-19T23:17:52","18 SPCS","PAYLOAD C","2013-037C","EARTH","TEME","UTC","SGP4","2014-06-19T20:43:26.970239","14.93960685","0.00329230","97.6791","186.5948","5.9748","354.1847","0","U","39210","999","4992","0.00007376900000","0.00000736","0.0000000000000","6963.742","96.388","608.533","562.680","PAYLOAD","LARGE","PRC","2013-07-19","TSC","","1700847","96236557","0 PAYLOAD C","1 39210U 13037C   14170.86350660  .00000736  00000-0  73769-4 0  9998","2 39210 097.6791 186.5948 0032923 005.9748 354.1847 14.93960685 49926"
"2.0","GENERATED VIA SPACE-TRACK.ORG API","2014-06-20T07:02:27","18 SPCS","PAYLOAD B","2013-037B","EARTH","TEME","UTC","SGP4","2014-06-20T02:51:49.297248","14.67532961","0.00055170","98.0376","187.9010","34.8315","325.3254","0","U","39209","999","4914","0.00000507620000","-0.00000019","0.0000000000000","7047.096","98.123","672.849","665.073","PAYLOAD","LARGE","PRC","2013-07-19","TSC","","1701022","96238601","0 PAYLOAD B","1 39209U 13037B   14171.11932057 -.00000019  00000-0  50762-5 0  9995","2 39209 098.0376 187.9010 0005517 034.8315 325.3254 14.67532961 49142"
"2.0","GENERATED VIA SPACE-TRACK.ORG API","2014-06-20T07:02:35","18 SPCS","PAYLOAD C","2013-037C","EARTH","TEME","UTC","SGP4","2014-06-20T03:09:14.337216","14.93961782","0.00328370","97.6791","186.8562","5.0419","355.1136","0","U","39210","999","4996","0.00008390200000","0.00000845","0.0000000000000","6963.738","96.388","608.470","562.736","PAYLOAD","LARGE","PRC","2013-07-19","TSC","","1701023","96238628","0 PAYLOAD C","1 39210U 13037C   14171.13141594  .00000845  00000-0  83902-4 0  9994","2 39210 097.6791 186.8562 0032837 005.0419 355.1136 14.93961782 49966"
"2.0","GENERATED VIA SPACE-TRACK.ORG API","2014-06-20T06:20:51","18 SPCS","PAYLOAD A","2013-037A","EARTH","TEME","UTC","SGP4","2014-06-20T03:58:35.303232","14.68006616","0.00100390","98.0386","188.3119","34.5799","325.6057","0","U","39208","999","4918","-0.00001630200000","-0.00000142","0.0000000000000","7045.580","98.092","674.518","660.372","PAYLOAD","LARGE","PRC","2013-07-19","TSC","","1700961","96237119","0 PAYLOAD A","1 39208U 13037A   14171.16568638 -.00000142  00000-0 -16302-4 0  9998","2 39208 098.0386 188.3119 0010039 034.5799 325.6057 14.68006616 49187"
"2.0","GENERATED VIA SPACE-TRACK.ORG API","2014-06-20T14:24:42","18 SPCS","PAYLOAD A","2013-037A","EARTH","TEME","UTC","SGP4","2014-06-20T10:31:11.546111","14.68006341","0.00100360","98.0385","188.5794","33.4912","326.6920","0","U","39208","999","4922","-0.00002395500000","-0.00000186","0.0000000000000","7045.581","98.092","674.517","660.375","PAYLOAD","LARGE","PRC","2013-07-19","TSC","","1701061","96239255","0 PAYLOAD A","1 39208U 13037A   14171.43832808 -.00000186  00000-0 -23955-4 0  9991","2 39208 098.0385 188.5794 0010036 033.4912 326.6920 14.68006341 49229"
"2.0","GENERATED VIA SPACE-TRACK.ORG API","2014-06-20T15:31:15","18 SPCS","PAYLOAD B","2013-037B","EARTH","TEME","UTC","SGP4","2014-06-20T11:02:44.099232","14.67533721","0.00054960","98.0378","188.2355","34.5955","325.5636","0","U","39209","999","4919","0.00002664900000","0.00000103","0.0000000000000","7047.093","98.123","672.832","665.085","PAYLOAD","LARGE","PRC","2013-07-19","TSC","","1701160","96241700","0 PAYLOAD B","1 39209U 13037B   14171.46023263  .00000103  00000-0  26649-4 0  9992","2 39209 098.0378 188.2355 0005496 034.5955 325.5636 14.67533721 49199"
"2.0","GENERATED VIA SPACE-TRACK.ORG API","2014-06-20T15:32:46","18 SPCS","PAYLOAD C","2013-037C","EARTH","TEME","UTC","SGP4","2014-06-20T11:11:28.527359","14.93963407","0.00327930","97.6793","187.1837","4.0594","356.0910","0","U","39210","999","5001","0.00010213000000","0.00001041","0.0000000000000","6963.733","96.387","608.434","562.762","PAYLOAD","LARGE","PRC","2013-07-19","TSC","","1701162","96241746","0 PAYLOAD C","1 39210U 13037C   14171.46630240  .00001041  00000-0  10213-3 0  9994","2 39210 097.6793 187.1837 0032793 004.0594 356.0910 14.93963407 50015"
"2.0","GENERATED VIA SPACE-TRACK.ORG API","2014-06-20T18:35:14","18 SPCS","PAYLOAD A","2013-037A","EARTH","TEME","UTC","SGP4","2014-06-20T17:03:47.827871","14.68006310","0.00100680","98.0386","188.8473","32.8612","327.3225","0","U","39208","999","4926","-0.00002180000000","-0.00000173","0.0000000000000","7045.581","98.092","674.539","660.352","PAYLOAD","LARGE","PRC","2013-07-19","TSC","","1701194","96242158","0 PAYLOAD A","1 39208U 13037A   14171.71097023 -.00000173  00000-0 -21800-4 0  9997","2 39208 098.0386 188.8473 0010068 032.8612 327.3225 14.68006310 49268"
"2.0","GENERATED VIA SPACE-TRACK.ORG API","2014-06-20T23:38:25","18 SPCS","PAYLOAD B","2013-037B","EARTH","TEME","UTC","SGP4","2014-06-20T19:13:38.884799","14.67533633","0.00054770","98.0376","188.5701","33.5833","326.5724","0","U","39209","999","4924","0.00002835400000","0.00000113","0.0000000000000","7047.094","98.123","672.818","665.099","PAYLOAD","LARGE","PRC","2013-07-19","TSC","","1701374","96245332","0 PAYLOAD B","1 39209U 13037B   14171.80114450  .00000113  00000-0  28354-4 0  9995","2 39209 098.0376 188.5701 0005477 033.5833 326.5724 14.67533633 49245"
"2.0","GENERATED VIA SPACE-TRACK.ORG API","2014-06-20T23:39:34","18 SPCS","PAYLOAD C","2013-037C","EARTH","TEME","UTC","SGP4","2014-06-20T19:13:42.698495","14.93963721","0.00327570","97.6794","187.5110","2.9010","357.2392","0","U","39210","999","5006","0.00009527600000","0.00000967","0.0000000000000","6963.732","96.387","608.408","562.786","PAYLOAD","LARGE","PRC","2013-07-19","TSC","","1701376","96245381","0 PAYLOAD C","1 39210U 13037C   14171.80118864  .00000967  00000-0  95276-4 0  9994","2 39210 097.6794 187.5110 0032757 002.9010 357.2392 14.93963721 50065"
"2.0","GENERATED VIA SPACE-TRACK.ORG API","2014-06-20T22:24:14","18 SPCS","PAYLOAD A","2013-037A","EARTH","TEME","UTC","SGP4","2014-06-20T20:20:05.938080","14.68006475","0.00099620","98.0384","188.9810","32.6004","327.5835","0","U","39208","999","4928","-0.00001542300000","-0.00000137","0.0000000000000","7045.580","98.092","674.464","660.427","PAYLOAD","LARGE","PRC","2013-07-19","TSC","","1701253","96242670","0 PAYLOAD A","1 39208U 13037A   14171.84729095 -.00000137  00000-0 -15423-4 0  9996","2 39208 098.0384 188.9810 0009962 032.6004 327.5835 14.68006475 49289"
"2.0","GENERATED VIA SPACE-TRACK.ORG API","2014-06-20T23:07:58","18 SPCS","PAYLOAD A","2013-037A","EARTH","TEME","UTC","SGP4","2014-06-20T21:58:14.964672","14.68006547","0.00100410","98.0384","189.0482","32.2740","327.9071","0","U","39208","999","4929","-0.00001247200000","-0.00000120","0.0000000000000","7045.580","98.092","674.520","660.371","PAYLOAD","LARGE","PRC","2013-07-19","TSC","","1701326","96244308","0 PAYLOAD A","1 39208U 13037A   14171.91545098 -.00000120  00000-0 -12472-4 0  9996","2 39208 098.0384 189.0482 0010041 032.2740 327.9071 14.68006547 49296"
"2.0","GENERATED VIA SPACE-TRACK.ORG API","2014-06-21T06:23:24","18 SPCS","PAYLOAD A","2013-037A","EARTH","TEME","UTC","SGP4","2014-06-21T01:14:33.098208","14.68006506","0.00099480","98.0383","189.1817","31.9699","328.2118","0","U","39208","999","4931","-0.00001307400000","-0.00000123","0.0000000000000","7045.580","98.092","674.454","660.436","PAYLOAD","LARGE","PRC","2013-07-19","TSC","","1701485","96246281","0 PAYLOAD A","1 39208U 13037A   14172.05177197 -.00000123  00000-0 -13074-4 0  9995","2 39208 098.0383 189.1817 0009948 031.9699 328.2118 14.68006506 49315"
"2.0","GENERATED VIA SPACE-TRACK.ORG API","2014-06-21T07:11:50","18 SPCS","PAYLOAD C","2013-037C","EARTH","TEME","UTC","SGP4","2014-06-21T03:15:56.790144","14.93965634","0.00326480","97.6793","187.8383","1.8669","358.2668","0","U","39210","999","5011","0.00011430000000","0.00001172","0.0000000000000","6963.726","96.387","608.326","562.856","PAYLOAD","LARGE","PRC","2013-07-19","TSC","","1701559","96248060","0 PAYLOAD C","1 39210U 13037C   14172.13607396  .00001172  00000-0  11430-3 0  9992","2 39210 097.6793 187.8383 0032648 001.8669 358.2668 14.93965634 50114"
"2.0","GENERATED VIA SPACE-TRACK.ORG API","2014-06-21T07:11:36","18 SPCS","PAYLOAD B","2013-037B","EARTH","TEME","UTC","SGP4","2014-06-21T03:24:33.649631","14.67534197","0.00054270","98.0375","188.9047","32.8294","327.3262","0","U","39209","999","4929","0.00003898200000","0.00000173","0.0000000000000","7047.092","98.123","672.781","665.132","PAYLOAD","LARGE","PRC","2013-07-19","TSC","","1701558","96248037","0 PAYLOAD B","1 39209U 13037B   14172.14205613  .00000173  00000-0  38982-4 0  9999","2 39209 098.0375 188.9047 0005427 032.8294 327.3262 14.67534197 49296"
"2.0","GENERATED VIA SPACE-TRACK.ORG API","2014-06-21T06:24:54","18 SPCS","PAYLOAD A","2013-037A","EARTH","TEME","UTC","SGP4","2014-06-21T04:30:51.204096","14.68006799","0.00100610","98.0382","189.3156","31.4210","328.7591","0","U","39208","999","4933","-0.00000255700000","-0.00000063","0.0000000000000","7045.579","98.092","674.533","660.356","PAYLOAD","LARGE","PRC","2013-07-19","TSC","","1701489","96246370","0 PAYLOAD A","1 39208U 13037A   14172.18809264 -.00000063  00000-0 -25570-5 0  9994","2 39208 098.0382 189.3156 0010061 031.4210 328.7591 14.68006799 49330"
"2.0","GENERATED VIA SPACE-TRACK.ORG API","2014-06-21T10:05:05","18 SPCS","PAYLOAD A","2013-037A","EARTH","TEME","UTC","SGP4","2014-06-21T09:25:18.388416","14.68007536","0.00100450","98.0387","189.5170","31.1431","329.0404","0","U","39208","999","4936","0.00001773300000","0.00000053","0.0000000000000","7045.577","98.092","674.519","660.365","PAYLOAD","LARGE","PRC","2013-07-19","TSC","","1701569","96248249","0 PAYLOAD A","1 39208U 13037A   14172.39257394  .00000053  00000-0  17733-4 0  9996","2 39208 098.0387 189.5170 0010045 031.1431 329.0404 14.68007536 49367"
"2.0","GENERATED VIA SPACE-TRACK.ORG API","2014-06-21T12:11:34","18 SPCS","PAYLOAD A","2013-037A","EARTH","TEME","UTC","SGP4","2014-06-21T11:03:27.383904","14.68008127","0.00100020","98.0392","189.5840","31.5594","328.6244","0","U","39208","999","4937","0.00003103100000","0.00000130","0.0000000000000","7045.575","98.092","674.487","660.393","PAYLOAD","LARGE","PRC","2013-07-19","TSC","","1701575","96248255","0 PAYLOAD A","1 39208U 13037A   14172.46073361  .00000130  00000-0  31031-4 0  9997","2 39208 098.0392 189.5840 0010002 031.5594 328.6244 14.68008127 49379"
"2.0","GENERATED VIA SPACE-TRACK.ORG API","2014-06-21T15:44:39","18 SPCS","PAYLOAD C","2013-037C","EARTH","TEME","UTC","SGP4","2014-06-21T11:18:10.874016","14.93967850","0.00327020","97.6800","188.1662","0.7587","359.3679","0","U","39210","999","5016","0.00014363000000","0.00001487","0.0000000000000","6963.719","96.387","608.357","562.811","PAYLOAD","LARGE","PRC","2013-07-19","TSC","","1701722","96251514","0 PAYLOAD C","1 39210U 13037C   14172.47095919  .00001487  00000-0  14363-3 0  9998","2 39210 097.6800 188.1662 0032702 000.7587 359.3679 14.93967850 50166"
"2.0","GENERATED VIA SPACE-TRACK.ORG API","2014-06-21T15:44:14","18 SPCS","PAYLOAD B","2013-037B","EARTH","TEME","UTC","SGP4","2014-06-21T11:35:28.404095","14.67535039","0.00054570","98.0381","189.2399","32.2105","327.9453","0","U","39209","999","4934","0.00006121100000","0.00000299","0.0000000000000","7047.089","98.123","672.800","665.109","PAYLOAD","LARGE","PRC","2013-07-19","TSC","","1701720","96251456","0 PAYLOAD B","1 39209U 13037B   14172.48296764  .00000299  00000-0  61211-4 0  9993","2 39209 098.0381 189.2399 0005457 032.2105 327.9453 14.67535039 49345"
"2.0","GENERATED VIA SPACE-TRACK.ORG API","2014-06-21T13:50:41","18 SPCS","PAYLOAD A","2013-037A","EARTH","TEME","UTC","SGP4","2014-06-21T12:41:36.380256","14.68007876","0.00099960","98.0392","189.6510","31.4732","328.7054","0","U","39208","999","4938","0.00002444200000","0.00000092","0.0000000000000","7045.576","98.092","674.484","660.398","PAYLOAD","LARGE","PRC","2013-07-19","TSC","","1701578","96248258","0 PAYLOAD A","1 39208U 13037A   14172.52889329  .00000092  00000-0  24442-4 0  9998","2 39208 098.0392 189.6510 0009996 031.4732 328.7054 14.68007876 49388"
"2.0","GENERATED VIA SPACE-TRACK.ORG API","2014-06-21T16:42:35","18 SPCS","PAYLOAD A","2013-037A","EARTH","TEME","UTC","SGP4","2014-06-21T15:57:54.516384","14.68007133","0.00100190","98.0402","189.7850","31.9053","328.2737","0","U","39208","999","4940","-0.00000452720000","-0.00000074","0.0000000000000","7045.578","98.092","674.502","660.384","PAYLOAD","LARGE","PRC","2013-07-19","TSC","","1701732","96251722","0 PAYLOAD A","1 39208U 13037A   14172.66521431 -.00000074  00000-0 -45272-5 0  9997","2 39208 098.0402 189.7850 0010019 031.9053 328.2737 14.68007133 49409"
"2.0","GENERATED VIA SPACE-TRACK.ORG API","2014-06-21T22:28:57","18 SPCS","PAYLOAD A","2013-037A","EARTH","TEME","UTC","SGP4","2014-06-21T19:14:12.665472","14.68007049","0.00098940","98.0402","189.9188","31.7043","328.4766","0","U","39208","999","4942","-0.00000484330000","-0.00000076","0.0000000000000","7045.579","98.092","674.414","660.473","PAYLOAD","LARGE","PRC","2013-07-19","TSC","","1701789","96252413","0 PAYLOAD A","1 39208U 13037A   14172.80153548 -.00000076  00000-0 -48433-5 0  9997","2 39208 098.0402 189.9188 0009894 031.7043 328.4766 14.68007049 49423"
"2.0","GENERATED VIA SPACE-TRACK.ORG API","2014-06-21T23:20:55","18 SPCS","PAYLOAD C","2013-037C","EARTH","TEME","UTC","SGP4","2014-06-21T19:20:25.091808","14.93967657","0.00327540","97.6801","188.4938","359.5790","0.5405","0","U","39210","999","5021","0.00012995000000","0.00001340","0.0000000000000","6963.720","96.387","608.394","562.776","PAYLOAD","LARGE","PRC","2013-07-19","TSC","","1701873","96254320","0 PAYLOAD C","1 39210U 13037C   14172.80584597  .00001340  00000-0  12995-3 0  9997","2 39210 097.6801 188.4938 0032754 359.5790 000.5405 14.93967657 50217"
"2.0","GENERATED VIA SPACE-TRACK.ORG API","2014-06-21T23:20:38","18 SPCS","PAYLOAD B","2013-037B","EARTH","TEME","UTC","SGP4","2014-06-21T19:46:23.178431","14.67534356","0.00054220","98.0381","189.5743","31.6315","328.5198","0","U","39209","999","4939","0.00003444300000","0.00000148","0.0000000000000","7047.091","98.123","672.777","665.135","PAYLOAD","LARGE","PRC","2013-07-19","TSC","","1701872","96254286","0 PAYLOAD B","1 39209U 13037B   14172.82387938  .00000148  00000-0  34443-4 0  9995","2 39209 098.0381 189.5743 0005422 031.6315 328.5198 14.67534356 49398"
"2.0","GENERATED VIA SPACE-TRACK.ORG API","2014-06-22T07:33:04","18 SPCS","PAYLOAD B","2013-037B","EARTH","TEME","UTC","SGP4","2014-06-22T02:19:06.991679","14.67535693","0.00053510","98.0382","189.8424","31.0981","329.0560","0","U","39209","999","4943","0.00008697700000","0.00000445","0.0000000000000","7047.087","98.123","672.723","665.181","PAYLOAD","LARGE","PRC","2013-07-19","TSC","","1702059","96256987","0 PAYLOAD B","1 39209U 13037B   14173.09660870  .00000445  00000-0  86977-4 0  9993","2 39209 098.0382 189.8424 0005351 031.0981 329.0560 14.67535693 49431"
"2.0","GENERATED VIA SPACE-TRACK.ORG API","2014-06-22T07:33:21","18 SPCS","PAYLOAD C","2013-037C","EARTH","TEME","UTC","SGP4","2014-06-22T03:22:39.156672","14.93968941","0.00327540","97.6802","188.8211","358.4540","1.6572","0","U","39210","999","5026","0.00013471000000","0.00001392","0.0000000000000","6963.716","96.387","608.390","562.772","PAYLOAD","LARGE","PRC","2013-07-19","TSC","","1702060","96257023","0 PAYLOAD C","1 39210U 13037C   14173.14073098  .00001392  00000-0  13471-3 0  9991","2 39210 097.6802 188.8211 0032754 358.4540 001.6572 14.93968941 50266"
"2.0","GENERATED VIA SPACE-TRACK.ORG API","2014-06-22T06:23:21","18 SPCS","PAYLOAD A","2013-037A","EARTH","TEME","UTC","SGP4","2014-06-22T05:03:07.008191","14.68007476","0.00098870","98.0401","190.3205","30.4988","329.6804","0","U","39208","999","4948","0.00001944900000","0.00000063","0.0000000000000","7045.577","98.092","674.408","660.476","PAYLOAD","LARGE","PRC","2013-07-19","TSC","","1701976","96255022","0 PAYLOAD A","1 39208U 13037A   14173.21049778  .00000063  00000-0  19449-4 0  9990","2 39208 098.0401 190.3205 0009887 030.4988 329.6804 14.68007476 49480"
"2.0","GENERATED VIA SPACE-TRACK.ORG API","2014-06-22T15:28:14","18 SPCS","PAYLOAD B","2013-037B","EARTH","TEME","UTC","SGP4","2014-06-22T10:30:01.697760","14.67536439","0.00053330","98.0384","190.1776","30.3667","329.7852","0","U","39209","999","4948","0.00010411000000","0.00000543","0.0000000000000","7047.085","98.123","672.708","665.192","PAYLOAD","LARGE","PRC","2013-07-19","TSC","","1702187","96259882","0 PAYLOAD B","1 39209U 13037B   14173.43751965  .00000543  00000-0  10411-3 0  9995","2 39209 098.0384 190.1776 0005333 030.3667 329.7852 14.67536439 49486"
"2.0","GENERATED VIA SPACE-TRACK.ORG API","2014-06-22T15:28:27","18 SPCS","PAYLOAD C","2013-037C","EARTH","TEME","UTC","SGP4","2014-06-22T11:24:53.218943","14.93970403","0.00327280","97.6804","189.1490","357.3548","2.7497","0","U","39210","999","5031","0.00014585000000","0.00001511","0.0000000000000","6963.711","96.387","608.367","562.785","PAYLOAD","LARGE","PRC","2013-07-19","TSC","","1702188","96259915","0 PAYLOAD C","1 39210U 13037C   14173.47561596  .00001511  00000-0  14585-3 0  9992","2 39210 097.6804 189.1490 0032728 357.3548 002.7497 14.93970403 50318"
"2.0","GENERATED VIA SPACE-TRACK.ORG API","2014-06-22T14:23:21","18 SPCS","PAYLOAD A","2013-037A","EARTH","TEME","UTC","SGP4","2014-06-22T13:13:52.265568","14.68007639","0.00098880","98.0402","190.6552","29.7223","330.4538","0","U","39208","999","4953","0.00002442700000","0.00000092","0.0000000000000","7045.577","98.092","674.408","660.475","PAYLOAD","LARGE","PRC","2013-07-19","TSC","","1702090","96257596","0 PAYLOAD A","1 39208U 13037A   14173.55129937  .00000092  00000-0  24427-4 0  9997","2 39208 098.0402 190.6552 0009888 029.7223 330.4538 14.68007639 49534"
"2.0","GENERATED VIA SPACE-TRACK.ORG API","2014-06-22T23:17:59","18 SPCS","PAYLOAD B","2013-037B","EARTH","TEME","UTC","SGP4","2014-06-22T18:40:56.476415","14.67535168","0.00052900","98.0385","190.5123","30.4753","329.6730","0","U","39209","999","4953","0.00004381600000","0.00000201","0.0000000000000","7047.089","98.123","672.682","665.226","PAYLOAD","LARGE","PRC","2013-07-19","TSC","","1702352","96262740","0 PAYLOAD B","1 39209U 13037B   14173.77843144  .00000201  00000-0  43816-4 0  9990","2 39209 098.0385 190.5123 0005290 030.4753 329.6730 14.67535168 49534"
"2.0","GENERATED VIA SPACE-TRACK.ORG API","2014-06-22T23:19:20","18 SPCS","PAYLOAD C","2013-037C","EARTH","TEME","UTC","SGP4","2014-06-22T19:27:07.436736","14.93967769","0.00327430","97.6806","189.4763","356.2896","3.8068","0","U","39210","999","5036","0.00006099600000","0.00000598","0.0000000000000","6963.719","96.387","608.386","562.783","PAYLOAD","LARGE","PRC","2013-07-19","TSC","","1702354","96262773","0 PAYLOAD C","1 39210U 13037C   14173.81050274  .00000598  00000-0  60996-4 0  9998","2 39210 097.6806 189.4763 0032743 356.2896 003.8068 14.93967769 50369"
"2.0","GENERATED VIA SPACE-TRACK.ORG API","2014-06-22T22:28:06","18 SPCS","PAYLOAD A","2013-037A","EARTH","TEME","UTC","SGP4","2014-06-22T21:24:37.430495","14.68009023","0.00097960","98.0397","190.9914","28.5449","331.6299","0","U","39208","999","4958","0.00005907600000","0.00000291","0.0000000000000","7045.572","98.092","674.339","660.535","PAYLOAD","LARGE","PRC","2013-07-19","TSC","","1702274","96260953","0 PAYLOAD A","1 39208U 13037A   14173.89209989  .00000291  00000-0  59076-4 0  9999","2 39208 098.0397 190.9914 0009796 028.5449 331.6299 14.68009023 49588"
"2.0","GENERATED VIA SPACE-TRACK.ORG API","2014-06-23T07:33:46","18 SPCS","PAYLOAD B","2013-037B","EARTH","TEME","UTC","SGP4","2014-06-23T02:51:51.280992","14.67535369","0.00053030","98.0384","190.8466","29.5779","330.5726","0","U","39209","999","4958","0.00003670600000","0.00000160","0.0000000000000","7047.088","98.123","672.690","665.216","PAYLOAD","LARGE","PRC","2013-07-19","TSC","","1702522","96265263","0 PAYLOAD B","1 39209U 13037B   14174.11934353  .00000160  00000-0  36706-4 0  9996","2 39209 098.0384 190.8466 0005303 029.5779 330.5726 14.67535369 49582"
"2.0","GENERATED VIA SPACE-TRACK.ORG API","2014-06-23T07:34:05","18 SPCS","PAYLOAD C","2013-037C","EARTH","TEME","UTC","SGP4","2014-06-23T03:29:21.495551","14.93969023","0.00326960","97.6805","189.8037","355.0498","5.0401","0","U","39210","999","5041","0.00007305400000","0.00000728","0.0000000000000","6963.716","96.387","608.349","562.812","PAYLOAD","LARGE","PRC","2013-07-19","TSC","","1702523","96265304","0 PAYLOAD C","1 39210U 13037C   14174.14538768  .00000728  00000-0  73054-4 0  9998","2 39210 097.6805 189.8037 0032696 355.0498 005.0401 14.93969023 50414"
"2.0","GENERATED VIA SPACE-TRACK.ORG API","2014-06-23T06:23:38","18 SPCS","PAYLOAD A","2013-037A","EARTH","TEME","UTC","SGP4","2014-06-23T05:35:22.603199","14.68010910","0.00097640","98.0397","191.3265","27.5206","332.6523","0","U","39208","999","4963","0.00014369000000","0.00000776","0.0000000000000","7045.566","98.091","674.310","660.552","PAYLOAD","LARGE","PRC","2013-07-19","TSC","","1702440","96263340","0 PAYLOAD A","1 39208U 13037A   14174.23290050  .00000776  00000-0  14369-3 0  9990","2 39208 098.0397 191.3265 0009764 027.5206 332.6523 14.68010910 49631"
"2.0","GENERATED VIA SPACE-TRACK.ORG API","2014-06-23T10:04:34","18 SPCS","PAYLOAD C","2013-037C","EARTH","TEME","UTC","SGP4","2014-06-23T08:18:41.935680","14.93969546","0.00327000","97.6805","190.0002","354.3803","5.7048","0","U","39210","999","5044","0.00008026900000","0.00000806","0.0000000000000","6963.714","96.387","608.350","562.808","PAYLOAD","LARGE","PRC","2013-07-19","TSC","","1702537","96265484","0 PAYLOAD C","1 39210U 13037C   14174.34631870  .00000806  00000-0  80269-4 0  9991","2 39210 097.6805 190.0002 0032700 354.3803 005.7048 14.93969546 50445"
"2.0","GENERATED VIA SPACE-TRACK.ORG API","2014-06-23T15:35:09","18 SPCS","PAYLOAD B","2013-037B","EARTH","TEME","UTC","SGP4","2014-06-23T11:02:46.063103","14.67535240","0.00052620","98.0386","191.1814","28.1467","332.0036","0","U","39209","999","4963","0.00002287700000","0.00000082","0.0000000000000","7047.089","98.123","672.662","665.245","PAYLOAD","LARGE","PRC","2013-07-19","TSC","","1702686","96268639","0 PAYLOAD B","1 39209U 13037B   14174.46025536  .00000082  00000-0  22877-4 0  9995","2 39209 098.0386 191.1814 0005262 028.1467 332.0036 14.67535240 49633"
"2.0","GENERATED VIA SPACE-TRACK.ORG API","2014-06-23T15:35:55","18 SPCS","PAYLOAD C","2013-037C","EARTH","TEME","UTC","SGP4","2014-06-23T11:31:35.563007","14.93969760","0.00327270","97.6805","190.1311","353.8810","6.2002","0","U","39210","999","5046","0.00008266700000","0.00000831","0.0000000000000","6963.713","96.387","608.368","562.788","PAYLOAD","LARGE","PRC","2013-07-19","TSC","","1702687","96268676","0 PAYLOAD C","1 39210U 13037C   14174.48027272  .00000831  00000-0  82667-4 0  9993","2 39210 097.6805 190.1311 0032727 353.8810 006.2002 14.93969760 50466"
"2.0","GENERATED VIA SPACE-TRACK.ORG API","2014-06-23T14:34:21","18 SPCS","PAYLOAD A","2013-037A","EARTH","TEME","UTC","SGP4","2014-06-23T12:07:58.786464","14.68009773","0.00097730","98.0399","191.5944","26.4636","333.7045","0","U","39208","999","4967","0.00005885000000","0.00000289","0.0000000000000","7045.570","98.091","674.320","660.549","PAYLOAD","LARGE","PRC","2013-07-19","TSC","","1702588","96266422","0 PAYLOAD A","1 39208U 13037A   14174.50554151  .00000289  00000-0  58850-4 0  9998","2 39208 098.0399 191.5944 0009773 026.4636 333.7045 14.68009773 49674"
"2.0","GENERATED VIA SPACE-TRACK.ORG API","2014-06-23T23:14:57","18 SPCS","PAYLOAD B","2013-037B","EARTH","TEME","UTC","SGP4","2014-06-23T19:13:40.837439","14.67534929","0.00052590","98.0384","191.5160","27.2312","332.9164","0","U","39209","999","4968","0.00001564200000","0.00000041","0.0000000000000","7047.090","98.123","672.661","665.248","PAYLOAD","LARGE","PRC","2013-07-19","TSC","","1702879","96271269","0 PAYLOAD B","1 39209U 13037B   14174.80116710  .00000041  00000-0  15642-4 0  9995","2 39209 098.0384 191.5160 0005259 027.2312 332.9164 14.67534929 49683"
"2.0","GENERATED VIA SPACE-TRACK.ORG API","2014-06-23T23:16:12","18 SPCS","PAYLOAD C","2013-037C","EARTH","TEME","UTC","SGP4","2014-06-23T19:33:49.740191","14.93968925","0.00327640","97.6805","190.4584","352.6309","7.4429","0","U","39210","999","5051","0.00006046200000","0.00000592","0.0000000000000","6963.716","96.387","608.397","562.765","PAYLOAD","LARGE","PRC","2013-07-19","TSC","","1702880","96271299","0 PAYLOAD C","1 39210U 13037C   14174.81515903  .00000592  00000-0  60462-4 0  9996","2 39210 097.6805 190.4584 0032764 352.6309 007.4429 14.93968925 50516"
"2.0","GENERATED VIA SPACE-TRACK.ORG API","2014-06-23T22:23:15","18 SPCS","PAYLOAD A","2013-037A","EARTH","TEME","UTC","SGP4","2014-06-23T20:18:44.114688","14.68008895","0.00096850","98.0397","191.9295","25.6357","334.5329","0","U","39208","999","4972","0.00001998600000","0.00000066","0.0000000000000","7045.573","98.092","674.261","660.614","PAYLOAD","LARGE","PRC","2013-07-19","TSC","","1702797","96269413","0 PAYLOAD A","1 39208U 13037A   14174.84634392  .00000066  00000-0  19986-4 0  9991","2 39208 098.0397 191.9295 0009685 025.6357 334.5329 14.68008895 49722"
"2.0","GENERATED VIA SPACE-TRACK.ORG API","2014-06-24T06:48:34","18 SPCS","PAYLOAD B","2013-037B","EARTH","TEME","UTC","SGP4","2014-06-24T03:24:35.592768","14.67535552","0.00052240","98.0383","191.8506","26.3562","333.7918","0","U","39209","999","4973","0.00003548300000","0.00000153","0.0000000000000","7047.088","98.123","672.634","665.271","PAYLOAD","LARGE","PRC","2013-07-19","TSC","","1703044","96272889","0 PAYLOAD B","1 39209U 13037B   14175.14207862  .00000153  00000-0  35483-4 0  9991","2 39209 098.0383 191.8506 0005224 026.3562 333.7918 14.67535552 49733"
"2.0","GENERATED VIA SPACE-TRACK.ORG API","2014-06-24T06:49:38","18 SPCS","PAYLOAD C","2013-037C","EARTH","TEME","UTC","SGP4","2014-06-24T03:36:03.822335","14.93968757","0.00327790","97.6802","190.7865","351.5256","8.5403","0","U","39210","999","5056","0.00003928700000","0.00000365","0.0000000000000","6963.716","96.387","608.408","562.755","PAYLOAD","LARGE","PRC","2013-07-19","TSC","","1703045","96272909","0 PAYLOAD C","1 39210U 13037C   14175.15004424  .00000365  00000-0  39287-4 0  9994","2 39210 097.6802 190.7865 0032779 351.5256 008.5403 14.93968757 50565"
"2.0","GENERATED VIA SPACE-TRACK.ORG API","2014-06-24T06:17:26","18 SPCS","PAYLOAD A","2013-037A","EARTH","TEME","UTC","SGP4","2014-06-24T04:29:29.360832","14.68009116","0.00097020","98.0399","192.2641","24.5366","335.6294","0","U","39208","999","4977","0.00003034100000","0.00000126","0.0000000000000","7045.572","98.092","674.273","660.601","PAYLOAD","LARGE","PRC","2013-07-19","TSC","","1702998","96271755","0 PAYLOAD A","1 39208U 13037A   14175.18714538  .00000126  00000-0  30341-4 0  9995","2 39208 098.0399 192.2641 0009702 024.5366 335.6294 14.68009116 49776"
"2.0","GENERATED VIA SPACE-TRACK.ORG API","2014-06-24T14:46:57","18 SPCS","PAYLOAD B","2013-037B","EARTH","TEME","UTC","SGP4","2014-06-24T09:57:19.402559","14.67535393","0.00052410","98.0384","192.1184","25.3924","334.7543","0","U","39209","999","4977","0.00002146300000","0.00000074","0.0000000000000","7047.088","98.123","672.646","665.260","PAYLOAD","LARGE","PRC","2013-07-19","TSC","","1703100","96273654","0 PAYLOAD B","1 39209U 13037B   14175.41480790  .00000074  00000-0  21463-4 0  9999","2 39209 098.0384 192.1184 0005241 025.3924 334.7543 14.67535393 49772"
"2.0","GENERATED VIA SPACE-TRACK.ORG API","2014-06-24T14:46:57","18 SPCS","PAYLOAD C","2013-037C","EARTH","TEME","UTC","SGP4","2014-06-24T11:38:17.957184","14.93968233","0.00327430","97.6804","191.1141","350.3791","9.6802","0","U","39210","999","5061","0.00002112100000","0.00000169","0.0000000000000","6963.718","96.387","608.384","562.782","PAYLOAD","LARGE","PRC","2013-07-19","TSC","","1703100","96273662","0 PAYLOAD C","1 39210U 13037C   14175.48493006  .00000169  00000-0  21121-4 0  9998","2 39210 097.6804 191.1141 0032743 350.3791 009.6802 14.93968233 50611"
"2.0","GENERATED VIA SPACE-TRACK.ORG API","2014-06-24T14:16:24","18 SPCS","PAYLOAD A","2013-037A","EARTH","TEME","UTC","SGP4","2014-06-24T12:40:14.613888","14.68008187","0.00097200","98.0397","192.5991","23.7040","336.4580","0","U","39208","999","4982","-0.00002381000000","-0.00000185","0.0000000000000","7045.575","98.092","674.288","660.592","PAYLOAD","LARGE","PRC","2013-07-19","TSC","","1703073","96273103","0 PAYLOAD A","1 39208U 13037A   14175.52794692 -.00000185  00000-0 -23810-4 0  9992","2 39208 098.0397 192.5991 0009720 023.7040 336.4580 14.68008187 49825"
"2.0","GENERATED VIA SPACE-TRACK.ORG API","2014-06-25T00:30:19","18 SPCS","PAYLOAD C","2013-037C","EARTH","TEME","UTC","SGP4","2014-06-24T19:40:32.170656","14.93966943","0.00326520","97.6798","191.4415","349.2341","10.8180","0","U","39210","999","5066","0.00000097957000","-0.00000048","0.0000000000000","6963.722","96.387","608.325","562.849","PAYLOAD","LARGE","PRC","2013-07-19","TSC","","1703470","96279260","0 PAYLOAD C","1 39210U 13037C   14175.81981679 -.00000048  00000-0  97957-6 0  9992","2 39210 097.6798 191.4415 0032652 349.2341 010.8180 14.93966943 50661"
"2.0","GENERATED VIA SPACE-TRACK.ORG API","2014-06-25T00:28:00","18 SPCS","PAYLOAD B","2013-037B","EARTH","TEME","UTC","SGP4","2014-06-24T19:46:25.187231","14.67534194","0.00051810","98.0381","192.5199","24.3770","335.7682","0","U","39209","999","4983","-0.00002382200000","-0.00000183","0.0000000000000","7047.092","98.123","672.608","665.306","PAYLOAD","LARGE","PRC","2013-07-19","TSC","","1703467","96279179","0 PAYLOAD B","1 39209U 13037B   14175.82390263 -.00000183  00000-0 -23822-4 0  9993","2 39209 098.0381 192.5199 0005181 024.3770 335.7682 14.67534194 49830"
"2.0","GENERATED VIA SPACE-TRACK.ORG API","2014-06-24T22:39:13","18 SPCS","PAYLOAD A","2013-037A","EARTH","TEME","UTC","SGP4","2014-06-24T20:50:59.995679","14.68007121","0.00097410","98.0396","192.9339","22.6535","337.5100","0","U","39208","999","4987","-0.00006253700000","-0.00000407","0.0000000000000","7045.578","98.092","674.306","660.580","PAYLOAD","LARGE","PRC","2013-07-19","TSC","","1703296","96275105","0 PAYLOAD A","1 39208U 13037A   14175.86874995 -.00000407  00000-0 -62537-4 0  9990","2 39208 098.0396 192.9339 0009741 022.6535 337.5100 14.68007121 49876"
"2.0","GENERATED VIA SPACE-TRACK.ORG API","2014-06-25T07:12:08","18 SPCS","PAYLOAD B","2013-037B","EARTH","TEME","UTC","SGP4","2014-06-25T02:19:08.909760","14.67536212","0.00051580","98.0377","192.7883","23.1476","336.9984","0","U","39209","999","4987","0.00004911200000","0.00000231","0.0000000000000","7047.085","98.123","672.585","665.316","PAYLOAD","LARGE","PRC","2013-07-19","TSC","","1703629","96281925","0 PAYLOAD B","1 39209U 13037B   14176.09663090  .00000231  00000-0  49112-4 0  9996","2 39209 098.0377 192.7883 0005158 023.1476 336.9984 14.67536212 49876"
"2.0","GENERATED VIA SPACE-TRACK.ORG API","2014-06-25T07:13:24","18 SPCS","PAYLOAD C","2013-037C","EARTH","TEME","UTC","SGP4","2014-06-25T03:42:46.275263","14.93966872","0.00326290","97.6799","191.7694","348.1317","11.9130","0","U","39210","999","5071","-0.00000587040000","-0.00000121","0.0000000000000","6963.722","96.387","608.309","562.865","PAYLOAD","LARGE","PRC","2013-07-19","TSC","","1703631","96281958","0 PAYLOAD C","1 39210U 13037C   14176.15470226 -.00000121  00000-0 -58704-5 0  9990","2 39210 097.6799 191.7694 0032629 348.1317 011.9130 14.93966872 50713"
"2.0","GENERATED VIA SPACE-TRACK.ORG API","2014-06-25T06:20:33","18 SPCS","PAYLOAD A","2013-037A","EARTH","TEME","UTC","SGP4","2014-06-25T05:01:45.285887","14.68006909","0.00096920","98.0394","193.2683","21.5975","338.5648","0","U","39208","999","4992","-0.00006564900000","-0.00000425","0.0000000000000","7045.579","98.092","674.273","660.615","PAYLOAD","LARGE","PRC","2013-07-19","TSC","","1703552","96280042","0 PAYLOAD A","1 39208U 13037A   14176.20955192 -.00000425  00000-0 -65649-4 0  9995","2 39208 098.0394 193.2683 0009692 021.5975 338.5648 14.68006909 49928"
"2.0","GENERATED VIA SPACE-TRACK.ORG API","2014-06-25T14:21:55","18 SPCS","PAYLOAD A","2013-037A","EARTH","TEME","UTC","SGP4","2014-06-25T11:34:21.505439","14.68007178","0.00096890","98.0394","193.5360","20.7014","339.4602","0","U","39208","999","4996","-0.00005028500000","-0.00000337","0.0000000000000","7045.578","98.092","674.270","660.617","PAYLOAD","LARGE","PRC","2013-07-19","TSC","","1703671","96282521","0 PAYLOAD A","1 39208U 13037A   14176.48219335 -.00000337  00000-0 -50285-4 0  9999","2 39208 098.0394 193.5360 0009689 020.7014 339.4602 14.68007178 49967"
"2.0","GENERATED VIA SPACE-TRACK.ORG API","2014-06-25T15:14:02","18 SPCS","PAYLOAD C","2013-037C","EARTH","TEME","UTC","SGP4","2014-06-25T11:45:00.424799","14.93966205","0.00326020","97.6799","192.0967","346.9730","13.0643","0","U","39210","999","5076","-0.00002062400000","-0.00000280","0.0000000000000","6963.724","96.387","608.292","562.886","PAYLOAD","LARGE","PRC","2013-07-19","TSC","","1703747","96284379","0 PAYLOAD C","1 39210U 13037C   14176.48958825 -.00000280  00000-0 -20624-4 0  9997","2 39210 097.6799 192.0967 0032602 346.9730 013.0643 14.93966205 50763"
"2.0","GENERATED VIA SPACE-TRACK.ORG API","2014-06-25T13:06:29","18 SPCS","PAYLOAD B","2013-037B","EARTH","TEME","UTC","SGP4","2014-06-25T12:08:14.556192","14.67536324","0.00051570","98.0381","193.1893","21.9501","338.1914","0","U","39209","999","4993","0.00004503500000","0.00000208","0.0000000000000","7047.085","98.123","672.584","665.316","PAYLOAD","LARGE","PRC","2013-07-19","TSC","","1703646","96282113","0 PAYLOAD B","1 39209U 13037B   14176.50572403  .00000208  00000-0  45035-4 0  9993","2 39209 098.0381 193.1893 0005157 021.9501 338.1914 14.67536324 49939"
"2.0","GENERATED VIA SPACE-TRACK.ORG API","2014-06-25T22:27:58","18 SPCS","PAYLOAD A","2013-037A","EARTH","TEME","UTC","SGP4","2014-06-25T19:45:06.764543","14.68006931","0.00096580","98.0390","193.8706","19.6271","340.5312","0","U","39208","999","5001","-0.00005612500000","-0.00000370","0.0000000000000","7045.579","98.092","674.249","660.639","PAYLOAD","LARGE","PRC","2013-07-19","TSC","","1703845","96285255","0 PAYLOAD A","1 39208U 13037A   14176.82299496 -.00000370  00000-0 -56125-4 0  9999","2 39208 098.0390 193.8706 0009658 019.6271 340.5312 14.68006931 50013"
"2.0","GENERATED VIA SPACE-TRACK.ORG API","2014-06-25T23:19:32","18 SPCS","PAYLOAD C","2013-037C","EARTH","TEME","UTC","SGP4","2014-06-25T19:47:14.608031","14.93964585","0.00326090","97.6795","192.4239","345.7125","14.3148","0","U","39210","999","5081","-0.00004983100000","-0.00000594","0.0000000000000","6963.729","96.387","608.302","562.886","PAYLOAD","LARGE","PRC","2013-07-19","TSC","","1703924","96287159","0 PAYLOAD C","1 39210U 13037C   14176.82447463 -.00000594  00000-0 -49831-4 0  9995","2 39210 097.6795 192.4239 0032609 345.7125 014.3148 14.93964585 50816"
"2.0","GENERATED VIA SPACE-TRACK.ORG API","2014-06-25T23:18:33","18 SPCS","PAYLOAD B","2013-037B","EARTH","TEME","UTC","SGP4","2014-06-25T20:19:09.325343","14.67535528","0.00050650","98.0377","193.5239","20.8293","339.3103","0","U","39209","999","4998","0.00000712920000","-0.00000007","0.0000000000000","7047.088","98.123","672.522","665.383","PAYLOAD","LARGE","PRC","2013-07-19","TSC","","1703923","96287121","0 PAYLOAD B","1 39209U 13037B   14176.84663571 -.00000007  00000-0  71292-5 0  9990","2 39209 098.0377 193.5239 0005065 020.8293 339.3103 14.67535528 49989"
"2.0","GENERATED VIA SPACE-TRACK.ORG API","2014-06-26T06:27:53","18 SPCS","PAYLOAD A","2013-037A","EARTH","TEME","UTC","SGP4","2014-06-26T02:17:42.800928","14.68009087","0.00093810","98.0385","194.1387","18.4839","341.6755","0","U","39208","999","5005","0.00000460480000","-0.00000022","0.0000000000000","7045.572","98.092","674.046","660.828","PAYLOAD","LARGE","PRC","2013-07-19","TSC","","1704037","96288055","0 PAYLOAD A","1 39208U 13037A   14177.09563427 -.00000022  00000-0  46048-5 0  9994","2 39208 098.0385 194.1387 0009381 018.4839 341.6755 14.68009087 50058"
"2.0","GENERATED VIA SPACE-TRACK.ORG API","2014-06-26T07:24:53","18 SPCS","PAYLOAD C","2013-037C","EARTH","TEME","UTC","SGP4","2014-06-26T03:49:28.795584","14.93964791","0.00325910","97.6795","192.7513","344.5780","15.4453","0","U","39210","999","5086","-0.00004094100000","-0.00000499","0.0000000000000","6963.729","96.387","608.289","562.898","PAYLOAD","LARGE","PRC","2013-07-19","TSC","","1704123","96290099","0 PAYLOAD C","1 39210U 13037C   14177.15936106 -.00000499  00000-0 -40941-4 0  9996","2 39210 097.6795 192.7513 0032591 344.5780 015.4453 14.93964791 50863"
"2.0","GENERATED VIA SPACE-TRACK.ORG API","2014-06-26T07:22:54","18 SPCS","PAYLOAD B","2013-037B","EARTH","TEME","UTC","SGP4","2014-06-26T04:30:04.083264","14.67536278","0.00051060","98.0376","193.8586","19.9651","340.1755","0","U","39209","999","5003","0.00003403400000","0.00000145","0.0000000000000","7047.085","98.123","672.548","665.352","PAYLOAD","LARGE","PRC","2013-07-19","TSC","","1704121","96290060","0 PAYLOAD B","1 39209U 13037B   14177.18754726  .00000145  00000-0  34034-4 0  9995","2 39209 098.0376 193.8586 0005106 019.9651 340.1755 14.67536278 50033"
"2.0","GENERATED VIA SPACE-TRACK.ORG API","2014-06-26T11:26:37","18 SPCS","PAYLOAD C","2013-037C","EARTH","TEME","UTC","SGP4","2014-06-26T07:02:22.451423","14.93965313","0.00325640","97.6800","192.8831","344.2216","15.8002","0","U","39210","999","5088","-0.00002702000000","-0.00000349","0.0000000000000","6963.727","96.387","608.269","562.915","PAYLOAD","LARGE","PRC","2013-07-19","TSC","","1704158","96290884","0 PAYLOAD C","1 39210U 13037C   14177.29331541 -.00000349  00000-0 -27020-4 0  9990","2 39210 097.6800 192.8831 0032564 344.2216 015.8002 14.93965313 50882"
"2.0","GENERATED VIA SPACE-TRACK.ORG API","2014-06-26T11:10:29","18 SPCS","PAYLOAD A","2013-037A","EARTH","TEME","UTC","SGP4","2014-06-26T07:12:09.870335","14.68010118","0.00094630","98.0388","194.3404","17.6989","342.4561","0","U","39208","999","5008","0.00005018100000","0.00000240","0.0000000000000","7045.569","98.091","674.101","660.767","PAYLOAD","LARGE","PRC","2013-07-19","TSC","","1704137","96290358","0 PAYLOAD A","1 39208U 13037A   14177.30011424  .00000240  00000-0  50181-4 0  9996","2 39208 098.0388 194.3404 0009463 017.6989 342.4561 14.68010118 50085"
"2.0","GENERATED VIA SPACE-TRACK.ORG API","2014-06-26T11:26:25","18 SPCS","PAYLOAD B","2013-037B","EARTH","TEME","UTC","SGP4","2014-06-26T07:46:25.976927","14.67536627","0.00050860","98.0376","193.9931","18.9998","341.1404","0","U","39209","999","5005","0.00005051100000","0.00000239","0.0000000000000","7047.084","98.123","672.533","665.365","PAYLOAD","LARGE","PRC","2013-07-19","TSC","","1704157","96290871","0 PAYLOAD B","1 39209U 13037B   14177.32391177  .00000239  00000-0  50511-4 0  9990","2 39209 098.0376 193.9931 0005086 018.9998 341.1404 14.67536627 50050"
"2.0","GENERATED VIA SPACE-TRACK.ORG API","2014-06-26T21:11:09","18 SPCS","PAYLOAD C","2013-037C","EARTH","TEME","UTC","SGP4","2014-06-26T15:04:36.557759","14.93965459","0.00325400","97.6797","193.2105","343.0043","17.0077","0","U","39210","999","5093","-0.00001852500000","-0.00000258","0.0000000000000","6963.727","96.387","608.252","562.932","PAYLOAD","LARGE","PRC","2013-07-19","TSC","","1704410","96294576","0 PAYLOAD C","1 39210U 13037C   14177.62820090 -.00000258  00000-0 -18525-4 0  9998","2 39210 097.6797 193.2105 0032540 343.0043 017.0077 14.93965459 50938"
"2.0","GENERATED VIA SPACE-TRACK.ORG API","2014-06-26T20:16:14","18 SPCS","PAYLOAD A","2013-037A","EARTH","TEME","UTC","SGP4","2014-06-26T15:22:55.043040","14.68010646","0.00094660","98.0389","194.6753","16.4425","343.7078","0","U","39208","999","5013","0.00006379800000","0.00000318","0.0000000000000","7045.567","98.091","674.101","660.763","PAYLOAD","LARGE","PRC","2013-07-19","TSC","","1704305","96292617","0 PAYLOAD A","1 39208U 13037A   14177.64091485  .00000318  00000-0  63798-4 0  9992","2 39208 098.0389 194.6753 0009466 016.4425 343.7078 14.68010646 50130"
"2.0","GENERATED VIA SPACE-TRACK.ORG API","2014-06-26T21:09:57","18 SPCS","PAYLOAD B","2013-037B","EARTH","TEME","UTC","SGP4","2014-06-26T15:57:20.679551","14.67536726","0.00050900","98.0377","194.3277","17.5961","342.5401","0","U","39209","999","5010","0.00004984700000","0.00000235","0.0000000000000","7047.084","98.123","672.536","665.362","PAYLOAD","LARGE","PRC","2013-07-19","TSC","","1704409","96294542","0 PAYLOAD B","1 39209U 13037B   14177.66482268  .00000235  00000-0  49847-4 0  9995","2 39209 098.0377 194.3277 0005090 017.5961 342.5401 14.67536726 50107"
"2.0","GENERATED VIA SPACE-TRACK.ORG API","2014-06-26T17:12:41","18 SPCS","PAYLOAD B","2013-037B","EARTH","TEME","UTC","SGP4","2014-06-26T15:57:21.458015","14.67536555","0.00049930","98.0398","194.3283","14.8187","345.3661","0","U","39209","999","5010","0.00003114100000","0.00000177","0.0000000000000","7047.084","98.123","672.468","665.431","PAYLOAD","LARGE","PRC","2013-07-19","TSC","","1704237","96291735","0 PAYLOAD B","1 39209U 13037B   14177.66483169  .00000177  00000-0  31141-4 0  9999","2 39209 098.0398 194.3283 0004993 014.8187 345.3661 14.67536555 50107"
"2.0","GENERATED VIA SPACE-TRACK.ORG API","2014-06-26T22:20:02","18 SPCS","PAYLOAD A","2013-037A","EARTH","TEME","UTC","SGP4","2014-06-26T18:39:13.142015","14.68009994","0.00094260","98.0386","194.8093","16.2055","343.9423","0","U","39208","999","5015","0.00003835300000","0.00000172","0.0000000000000","7045.569","98.091","674.075","660.793","PAYLOAD","LARGE","PRC","2013-07-19","TSC","","1704465","96295107","0 PAYLOAD A","1 39208U 13037A   14177.77723544  .00000172  00000-0  38353-4 0  9991","2 39208 098.0386 194.8093 0009426 016.2055 343.9423 14.68009994 50151"
"2.0","GENERATED VIA SPACE-TRACK.ORG API","2014-06-26T22:58:26","18 SPCS","PAYLOAD B","2013-037B","EARTH","TEME","UTC","SGP4","2014-06-26T19:13:42.602591","14.67536502","0.00050760","98.0375","194.4615","17.4431","342.6935","0","U","39209","999","5012","0.00003989100000","0.00000178","0.0000000000000","7047.085","98.123","672.527","665.372","PAYLOAD","LARGE","PRC","2013-07-19","TSC","","1704525","96296532","0 PAYLOAD B","1 39209U 13037B   14177.80118753  .00000178  00000-0  39891-4 0  9990","2 39209 098.0375 194.4615 0005076 017.4431 342.6935 14.67536502 50124"
"2.0","GENERATED VIA SPACE-TRACK.ORG API","2014-06-26T22:58:43","18 SPCS","PAYLOAD C","2013-037C","EARTH","TEME","UTC","SGP4","2014-06-26T19:53:57.069600","14.93965003","0.00324930","97.6797","193.4070","342.3544","17.6530","0","U","39210","999","5096","-0.00002461400000","-0.00000323","0.0000000000000","6963.728","96.387","608.220","562.966","PAYLOAD","LARGE","PRC","2013-07-19","TSC","","1704526","96296558","0 PAYLOAD C","1 39210U 13037C   14177.82913275 -.00000323  00000-0 -24614-4 0  9997","2 39210 097.6797 193.4070 0032493 342.3544 017.6530 14.93965003 50964"
"2.0","GENERATED VIA SPACE-TRACK.ORG API","2014-06-27T07:26:57","18 SPCS","PAYLOAD B","2013-037B","EARTH","TEME","UTC","SGP4","2014-06-27T03:24:37.353600","14.67536722","0.00050960","98.0374","194.7961","16.3205","343.8162","0","U","39209","999","5017","0.00003931100000","0.00000175","0.0000000000000","7047.084","98.123","672.540","665.358","PAYLOAD","LARGE","PRC","2013-07-19","TSC","","1704724","96299546","0 PAYLOAD B","1 39209U 13037B   14178.14209900  .00000175  00000-0  39311-4 0  9997","2 39209 098.0374 194.7961 0005096 016.3205 343.8162 14.67536722 50173"
"2.0","GENERATED VIA SPACE-TRACK.ORG API","2014-06-27T07:28:34","18 SPCS","PAYLOAD C","2013-037C","EARTH","TEME","UTC","SGP4","2014-06-27T03:56:11.248512","14.93965210","0.00324870","97.6794","193.7346","341.1884","18.8142","0","U","39210","999","5101","-0.00001903800000","-0.00000263","0.0000000000000","6963.727","96.387","608.216","562.969","PAYLOAD","LARGE","PRC","2013-07-19","TSC","","1704726","96299584","0 PAYLOAD C","1 39210U 13037C   14178.16401908 -.00000263  00000-0 -19038-4 0  9997","2 39210 097.6794 193.7346 0032487 341.1884 018.8142 14.93965210 51016"
"2.0","GENERATED VIA SPACE-TRACK.ORG API","2014-06-27T06:27:27","18 SPCS","PAYLOAD A","2013-037A","EARTH","TEME","UTC","SGP4","2014-06-27T04:28:07.464863","14.68009956","0.00094080","98.0386","195.2108","15.0118","345.1356","0","U","39208","999","5021","0.00003242500000","0.00000138","0.0000000000000","7045.569","98.091","674.063","660.806","PAYLOAD","LARGE","PRC","2013-07-19","TSC","","1704634","96297353","0 PAYLOAD A","1 39208U 13037A   14178.18619751  .00000138  00000-0  32425-4 0  9997","2 39208 098.0386 195.2108 0009408 015.0118 345.1356 14.68009956 50214"
"2.0","GENERATED VIA SPACE-TRACK.ORG API","2014-06-27T14:24:26","18 SPCS","PAYLOAD A","2013-037A","EARTH","TEME","UTC","SGP4","2014-06-27T11:00:43.717248","14.68009037","0.00093610","98.0386","195.4784","13.9328","346.2131","0","U","39208","999","5025","0.00000015199000","-0.00000047","0.0000000000000","7045.572","98.092","674.033","660.842","PAYLOAD","LARGE","PRC","2013-07-19","TSC","","1704777","96300311","0 PAYLOAD A","1 39208U 13037A   14178.45883932 -.00000047  00000-0  15199-6 0  9992","2 39208 098.0386 195.4784 0009361 013.9328 346.2131 14.68009037 50251"
"2.0","GENERATED VIA SPACE-TRACK.ORG API","2014-06-27T15:35:22","18 SPCS","PAYLOAD B","2013-037B","EARTH","TEME","UTC","SGP4","2014-06-27T11:35:32.089919","14.67536563","0.00050420","98.0374","195.1306","15.3376","344.7980","0","U","39209","999","5022","0.00002577200000","0.00000098","0.0000000000000","7047.084","98.123","672.502","665.396","PAYLOAD","LARGE","PRC","2013-07-19","TSC","","1704877","96302593","0 PAYLOAD B","1 39209U 13037B   14178.48301030  .00000098  00000-0  25772-4 0  9991","2 39209 098.0374 195.1306 0005042 015.3376 344.7980 14.67536563 50227"
"2.0","GENERATED VIA SPACE-TRACK.ORG API","2014-06-27T15:35:21","18 SPCS","PAYLOAD C","2013-037C","EARTH","TEME","UTC","SGP4","2014-06-27T11:58:25.413600","14.93964608","0.00324490","97.6794","194.0620","340.0015","19.9939","0","U","39210","999","5106","-0.00003098200000","-0.00000392","0.0000000000000","6963.729","96.387","608.191","562.998","PAYLOAD","LARGE","PRC","2013-07-19","TSC","","1704876","96302582","0 PAYLOAD C","1 39210U 13037C   14178.49890525 -.00000392  00000-0 -30982-4 0  9994","2 39210 097.6794 194.0620 0032449 340.0015 019.9939 14.93964608 51068"
"2.0","GENERATED VIA SPACE-TRACK.ORG API","2014-06-27T23:06:36","18 SPCS","PAYLOAD B","2013-037B","EARTH","TEME","UTC","SGP4","2014-06-27T19:46:26.864256","14.67536235","0.00050120","98.0369","195.4653","14.8671","345.2674","0","U","39209","999","5027","0.00001700200000","0.00000049","0.0000000000000","7047.085","98.123","672.482","665.418","PAYLOAD","LARGE","PRC","2013-07-19","TSC","","1705014","96304972","0 PAYLOAD B","1 39209U 13037B   14178.82392204  .00000049  00000-0  17002-4 0  9995","2 39209 098.0369 195.4653 0005012 014.8671 345.2674 14.67536235 50275"
"2.0","GENERATED VIA SPACE-TRACK.ORG API","2014-06-27T23:07:31","18 SPCS","PAYLOAD C","2013-037C","EARTH","TEME","UTC","SGP4","2014-06-27T20:00:39.607199","14.93963837","0.00324040","97.6792","194.3892","338.8795","21.1074","0","U","39210","999","5111","-0.00003944600000","-0.00000483","0.0000000000000","6963.732","96.387","608.162","563.031","PAYLOAD","LARGE","PRC","2013-07-19","TSC","","1705015","96304996","0 PAYLOAD C","1 39210U 13037C   14178.83379175 -.00000483  00000-0 -39446-4 0  9990","2 39210 097.6792 194.3892 0032404 338.8795 021.1074 14.93963837 51115"
"2.0","GENERATED VIA SPACE-TRACK.ORG API","2014-06-27T22:22:31","18 SPCS","PAYLOAD A","2013-037A","EARTH","TEME","UTC","SGP4","2014-06-27T20:49:38.031455","14.68008240","0.00093100","98.0381","195.8801","12.8150","347.3256","0","U","39208","999","5031","-0.00001914800000","-0.00000158","0.0000000000000","7045.575","98.092","673.999","660.880","PAYLOAD","LARGE","PRC","2013-07-19","TSC","","1704947","96303349","0 PAYLOAD A","1 39208U 13037A   14178.86780129 -.00000158  00000-0 -19148-4 0  9991","2 39208 098.0381 195.8801 0009310 012.8150 347.3256 14.68008240 50317"
"2.0","GENERATED VIA SPACE-TRACK.ORG API","2014-06-28T06:43:27","18 SPCS","PAYLOAD A","2013-037A","EARTH","TEME","UTC","SGP4","2014-06-28T03:22:14.305439","14.68008128","0.00092870","98.0378","196.1481","12.0079","348.1343","0","U","39208","999","5035","-0.00001860600000","-0.00000155","0.0000000000000","7045.575","98.092","673.983","660.897","PAYLOAD","LARGE","PRC","2013-07-19","TSC","","1705126","96305798","0 PAYLOAD A","1 39208U 13037A   14179.14044335 -.00000155  00000-0 -18606-4 0  9990","2 39208 098.0378 196.1481 0009287 012.0079 348.1343 14.68008128 50351"
"2.0","GENERATED VIA SPACE-TRACK.ORG API","2014-06-28T07:34:04","18 SPCS","PAYLOAD B","2013-037B","EARTH","TEME","UTC","SGP4","2014-06-28T03:57:21.598848","14.67536734","0.00049590","98.0366","195.8002","13.3534","346.7821","0","U","39209","999","5032","0.00002727300000","0.00000107","0.0000000000000","7047.084","98.123","672.443","665.454","PAYLOAD","LARGE","PRC","2013-07-19","TSC","","1705209","96307809","0 PAYLOAD B","1 39209U 13037B   14179.16483332  .00000107  00000-0  27273-4 0  9992","2 39209 098.0366 195.8002 0004959 013.3534 346.7821 14.67536734 50325"
"2.0","GENERATED VIA SPACE-TRACK.ORG API","2014-06-28T07:35:20","18 SPCS","PAYLOAD C","2013-037C","EARTH","TEME","UTC","SGP4","2014-06-28T04:02:53.781791","14.93964454","0.00323860","97.6792","194.7169","337.7916","22.1914","0","U","39210","999","5116","-0.00002554200000","-0.00000333","0.0000000000000","6963.730","96.387","608.148","563.042","PAYLOAD","LARGE","PRC","2013-07-19","TSC","","1705211","96307859","0 PAYLOAD C","1 39210U 13037C   14179.16867803 -.00000333  00000-0 -25542-4 0  9993","2 39210 097.6792 194.7169 0032386 337.7916 022.1914 14.93964454 51163"
"2.0","GENERATED VIA SPACE-TRACK.ORG API","2014-06-28T14:26:54","18 SPCS","PAYLOAD A","2013-037A","EARTH","TEME","UTC","SGP4","2014-06-28T11:32:59.697599","14.68005974","0.00092870","98.0379","196.4833","11.2947","348.8444","0","U","39208","999","5040","-0.00008302100000","-0.00000524","0.0000000000000","7045.582","98.092","673.990","660.904","PAYLOAD","LARGE","PRC","2013-07-19","TSC","","1705254","96308581","0 PAYLOAD A","1 39208U 13037A   14179.48124650 -.00000524  00000-0 -83021-4 0  9999","2 39208 098.0379 196.4833 0009287 011.2947 348.8444 14.68005974 50402"
"2.0","GENERATED VIA SPACE-TRACK.ORG API","2014-06-28T15:29:50","18 SPCS","PAYLOAD C","2013-037C","EARTH","TEME","UTC","SGP4","2014-06-28T12:05:07.863936","14.93965056","0.00323750","97.6790","195.0453","336.6027","23.3706","0","U","39210","999","5121","-0.00001328000000","-0.00000201","0.0000000000000","6963.728","96.387","608.138","563.048","PAYLOAD","LARGE","PRC","2013-07-19","TSC","","1705348","96310865","0 PAYLOAD C","1 39210U 13037C   14179.50356324 -.00000201  00000-0 -13280-4 0  9992","2 39210 097.6790 195.0453 0032375 336.6027 023.3706 14.93965056 51217"
"2.0","GENERATED VIA SPACE-TRACK.ORG API","2014-06-28T15:28:04","18 SPCS","PAYLOAD B","2013-037B","EARTH","TEME","UTC","SGP4","2014-06-28T12:08:16.307520","14.67536597","0.00049580","98.0369","196.1353","12.1447","347.9881","0","U","39209","999","5037","0.00001341300000","0.00000028","0.0000000000000","7047.084","98.123","672.443","665.455","PAYLOAD","LARGE","PRC","2013-07-19","TSC","","1705346","96310821","0 PAYLOAD B","1 39209U 13037B   14179.50574430  .00000028  00000-0  13413-4 0  9993","2 39209 098.0369 196.1353 0004958 012.1447 347.9881 14.67536597 50371"
"2.0","GENERATED VIA SPACE-TRACK.ORG API","2014-06-28T18:04:42","18 SPCS","PAYLOAD A","2013-037A","EARTH","TEME","UTC","SGP4","2014-06-28T16:27:26.975231","14.68004751","0.00091800","98.0382","196.6839","11.1838","348.9566","0","U","39208","999","5043","-0.00011757000000","-0.00000722","0.0000000000000","7045.586","98.092","673.919","660.983","PAYLOAD","LARGE","PRC","2013-07-19","TSC","","1705383","96311260","0 PAYLOAD A","1 39208U 13037A   14179.68572888 -.00000722  00000-0 -11757-3 0  9997","2 39208 098.0382 196.6839 0009180 011.1838 348.9566 14.68004751 50435"
"2.0","GENERATED VIA SPACE-TRACK.ORG API","2014-06-28T21:12:40","18 SPCS","PAYLOAD A","2013-037A","EARTH","TEME","UTC","SGP4","2014-06-28T19:43:45.115680","14.68004135","0.00091840","98.0383","196.8178","10.8722","349.2666","0","U","39208","999","5045","-0.00013525000000","-0.00000824","0.0000000000000","7045.588","98.092","673.924","660.982","PAYLOAD","LARGE","PRC","2013-07-19","TSC","","1705388","96311265","0 PAYLOAD A","1 39208U 13037A   14179.82204995 -.00000824  00000-0 -13525-3 0  9992","2 39208 098.0383 196.8178 0009184 010.8722 349.2666 14.68004135 50459"
"2.0","GENERATED VIA SPACE-TRACK.ORG API","2014-06-28T23:26:41","18 SPCS","PAYLOAD C","2013-037C","EARTH","TEME","UTC","SGP4","2014-06-28T20:07:22.080864","14.93964338","0.00323040","97.6789","195.3728","335.4947","24.4724","0","U","39210","999","5126","-0.00002308800000","-0.00000307","0.0000000000000","6963.730","96.387","608.091","563.100","PAYLOAD","LARGE","PRC","2013-07-19","TSC","","1705519","96314023","0 PAYLOAD C","1 39210U 13037C   14179.83845001 -.00000307  00000-0 -23088-4 0  9997","2 39210 097.6789 195.3728 0032304 335.4947 024.4724 14.93964338 51262"
"2.0","GENERATED VIA SPACE-TRACK.ORG API","2014-06-28T23:26:19","18 SPCS","PAYLOAD B","2013-037B","EARTH","TEME","UTC","SGP4","2014-06-28T20:19:11.053343","14.67535951","0.00049130","98.0369","196.4701","11.9599","348.1695","0","U","39209","999","5042","-0.00000595670000","-0.00000082","0.0000000000000","7047.086","98.123","672.414","665.489","PAYLOAD","LARGE","PRC","2013-07-19","TSC","","1705518","96313982","0 PAYLOAD B","1 39209U 13037B   14179.84665571 -.00000082  00000-0 -59567-5 0  9990","2 39209 098.0369 196.4701 0004913 011.9599 348.1695 14.67535951 50422"
"2.0","GENERATED VIA SPACE-TRACK.ORG API","2014-06-29T06:43:26","18 SPCS","PAYLOAD A","2013-037A","EARTH","TEME","UTC","SGP4","2014-06-29T03:54:30.478463","14.68003768","0.00092250","98.0377","197.1530","9.0947","351.0444","0","U","39208","999","5050","-0.00013951000000","-0.00000848","0.0000000000000","7045.589","98.092","673.954","660.954","PAYLOAD","LARGE","PRC","2013-07-19","TSC","","1705654","96315043","0 PAYLOAD A","1 39208U 13037A   14180.16285276 -.00000848  00000-0 -13951-3 0  9991","2 39208 098.0377 197.1530 0009225 009.0947 351.0444 14.68003768 50505"
"2.0","GENERATED VIA SPACE-TRACK.ORG API","2014-06-29T07:42:04","18 SPCS","PAYLOAD C","2013-037C","EARTH","TEME","UTC","SGP4","2014-06-29T04:09:36.277919","14.93965221","0.00322580","97.6791","195.7008","334.4732","25.4914","0","U","39210","999","5131","-0.00000403250000","-0.00000102","0.0000000000000","6963.727","96.387","608.056","563.129","PAYLOAD","LARGE","PRC","2013-07-19","TSC","","1705738","96317084","0 PAYLOAD C","1 39210U 13037C   14180.17333655 -.00000102  00000-0 -40325-5 0  9990","2 39210 097.6791 195.7008 0032258 334.4732 025.4914 14.93965221 51319"
"2.0","GENERATED VIA SPACE-TRACK.ORG API","2014-06-29T07:40:44","18 SPCS","PAYLOAD B","2013-037B","EARTH","TEME","UTC","SGP4","2014-06-29T04:30:05.835456","14.67536078","0.00048980","98.0368","196.8045","10.6474","349.4838","0","U","39209","999","5047","-0.00000393210000","-0.00000070","0.0000000000000","7047.086","98.123","672.403","665.499","PAYLOAD","LARGE","PRC","2013-07-19","TSC","","1705736","96317048","0 PAYLOAD B","1 39209U 13037B   14180.18756754 -.00000070  00000-0 -39321-5 0  9996","2 39209 098.0368 196.8045 0004898 010.6474 349.4838 14.67536078 50475"
"2.0","GENERATED VIA SPACE-TRACK.ORG API","2014-06-29T15:26:51","18 SPCS","PAYLOAD B","2013-037B","EARTH","TEME","UTC","SGP4","2014-06-29T11:02:49.610687","14.67537100","0.00049900","98.0373","197.0726","9.8671","350.2640","0","U","39209","999","5051","0.00003845900000","0.00000170","0.0000000000000","7047.083","98.123","672.464","665.431","PAYLOAD","LARGE","PRC","2013-07-19","TSC","","1705880","96320026","0 PAYLOAD B","1 39209U 13037B   14180.46029642  .00000170  00000-0  38459-4 0  9995","2 39209 098.0373 197.0726 0004990 009.8671 350.2640 14.67537100 50515"
"2.0","GENERATED VIA SPACE-TRACK.ORG API","2014-06-29T14:24:40","18 SPCS","PAYLOAD A","2013-037A","EARTH","TEME","UTC","SGP4","2014-06-29T12:05:15.788544","14.68003838","0.00092480","98.0380","197.4878","8.1840","351.9523","0","U","39208","999","5055","-0.00011987000000","-0.00000735","0.0000000000000","7045.589","98.092","673.970","660.938","PAYLOAD","LARGE","PRC","2013-07-19","TSC","","1705788","96317795","0 PAYLOAD A","1 39208U 13037A   14180.50365496 -.00000735  00000-0 -11987-3 0  9994","2 39208 098.0380 197.4878 0009248 008.1840 351.9523 14.68003838 50554"
"2.0","GENERATED VIA SPACE-TRACK.ORG API","2014-06-29T15:27:07","18 SPCS","PAYLOAD C","2013-037C","EARTH","TEME","UTC","SGP4","2014-06-29T12:11:50.375615","14.93966239","0.00321020","97.6789","196.0287","333.3743","26.5854","0","U","39210","999","5136","0.00001111500000","0.00000061","0.0000000000000","6963.724","96.387","607.944","563.234","PAYLOAD","LARGE","PRC","2013-07-19","TSC","","1705881","96320064","0 PAYLOAD C","1 39210U 13037C   14180.50822194  .00000061  00000-0  11115-4 0  9994","2 39210 097.6789 196.0287 0032102 333.3743 026.5854 14.93966239 51367"
"2.0","GENERATED VIA SPACE-TRACK.ORG API","2014-06-29T23:22:27","18 SPCS","PAYLOAD C","2013-037C","EARTH","TEME","UTC","SGP4","2014-06-29T20:14:04.519968","14.93966337","0.00321160","97.6790","196.3562","332.3292","27.6214","0","U","39210","999","5141","0.00001708100000","0.00000125","0.0000000000000","6963.724","96.387","607.954","563.224","PAYLOAD","LARGE","PRC","2013-07-19","TSC","","1706048","96323028","0 PAYLOAD C","1 39210U 13037C   14180.84310787  .00000125  00000-0  17081-4 0  9990","2 39210 097.6790 196.3562 0032116 332.3292 027.6214 14.93966337 51418"
"2.0","GENERATED VIA SPACE-TRACK.ORG API","2014-06-29T22:24:19","18 SPCS","PAYLOAD A","2013-037A","EARTH","TEME","UTC","SGP4","2014-06-29T20:16:01.145279","14.68002833","0.00092180","98.0376","197.8230","7.2543","352.8781","0","U","39208","999","5060","-0.00013839000000","-0.00000842","0.0000000000000","7045.592","98.092","673.952","660.962","PAYLOAD","LARGE","PRC","2013-07-19","TSC","","1705949","96320984","0 PAYLOAD A","1 39208U 13037A   14180.84445770 -.00000842  00000-0 -13839-3 0  9992","2 39208 098.0376 197.8230 0009218 007.2543 352.8781 14.68002833 50608"
"2.0","GENERATED VIA SPACE-TRACK.ORG API","2014-06-29T23:22:09","18 SPCS","PAYLOAD B","2013-037B","EARTH","TEME","UTC","SGP4","2014-06-29T20:51:55.360800","14.67535626","0.00049560","98.0370","197.4740","8.9428","351.1862","0","U","39209","999","5057","-0.00002366800000","-0.00000182","0.0000000000000","7047.087","98.123","672.445","665.460","PAYLOAD","LARGE","PRC","2013-07-19","TSC","","1706047","96322996","0 PAYLOAD B","1 39209U 13037B   14180.86939075 -.00000182  00000-0 -23668-4 0  9990","2 39209 098.0370 197.4740 0004956 008.9428 351.1862 14.67535626 50577"
"2.0","GENERATED VIA SPACE-TRACK.ORG API","2014-06-30T07:24:13","18 SPCS","PAYLOAD B","2013-037B","EARTH","TEME","UTC","SGP4","2014-06-30T03:24:39.092831","14.67536758","0.00048740","98.0369","197.7415","7.9412","352.1876","0","U","39209","999","5061","0.00001940800000","0.00000062","0.0000000000000","7047.084","98.123","672.383","665.514","PAYLOAD","LARGE","PRC","2013-07-19","TSC","","1706256","96325951","0 PAYLOAD B","1 39209U 13037B   14181.14211913  .00000062  00000-0  19408-4 0  9998","2 39209 098.0369 197.7415 0004874 007.9412 352.1876 14.67536758 50616"
"2.0","GENERATED VIA SPACE-TRACK.ORG API","2014-06-30T07:25:44","18 SPCS","PAYLOAD C","2013-037C","EARTH","TEME","UTC","SGP4","2014-06-30T04:16:18.659136","14.93966874","0.00320640","97.6787","196.6839","331.1635","28.7825","0","U","39210","999","5146","0.00002216900000","0.00000180","0.0000000000000","6963.722","96.387","607.916","563.259","PAYLOAD","LARGE","PRC","2013-07-19","TSC","","1706258","96325994","0 PAYLOAD C","1 39210U 13037C   14181.17799374  .00000180  00000-0  22169-4 0  9994","2 39210 097.6787 196.6839 0032064 331.1635 028.7825 14.93966874 51465"
"2.0","GENERATED VIA SPACE-TRACK.ORG API","2014-06-30T06:24:38","18 SPCS","PAYLOAD A","2013-037A","EARTH","TEME","UTC","SGP4","2014-06-30T04:26:46.521024","14.68003416","0.00092440","98.0377","198.1577","6.0952","354.0375","0","U","39208","999","5065","-0.00009073400000","-0.00000568","0.0000000000000","7045.590","98.092","673.968","660.942","PAYLOAD","LARGE","PRC","2013-07-19","TSC","","1706166","96323758","0 PAYLOAD A","1 39208U 13037A   14181.18526066 -.00000568  00000-0 -90734-4 0  9993","2 39208 098.0377 198.1577 0009244 006.0952 354.0375 14.68003416 50653"
"2.0","GENERATED VIA SPACE-TRACK.ORG API","2014-06-30T08:19:30","18 SPCS","PAYLOAD A","2013-037A","EARTH","TEME","UTC","SGP4","2014-06-30T07:43:04.648511","14.67945805","0.00094080","98.0405","198.2933","6.6043","353.4476","0","U","39208","999","5067","0.00981530000000","0.00056631","0.0000000000000","7045.775","98.096","674.268","661.011","PAYLOAD","LARGE","PRC","2013-07-19","TSC","","1706269","96326216","0 PAYLOAD A","1 39208U 13037A   14181.32158158  .00056631  00000-0  98153-2 0  9993","2 39208 098.0405 198.2933 0009408 006.6043 353.4476 14.67945805 50674"
"2.0","GENERATED VIA SPACE-TRACK.ORG API","2014-06-30T14:24:41","18 SPCS","PAYLOAD A","2013-037A","EARTH","TEME","UTC","SGP4","2014-06-30T10:59:24.516095","14.67993411","0.00091510","98.0373","198.4251","3.0812","357.1147","0","U","39208","999","5069","-0.00040561000000","-0.00002372","0.0000000000000","7045.622","98.093","673.935","661.040","PAYLOAD","LARGE","PRC","2013-07-19","TSC","","1706312","96326707","0 PAYLOAD A","1 39208U 13037A   14181.45792264 -.00002372  00000-0 -40561-3 0  9995","2 39208 098.0373 198.4251 0009151 003.0812 357.1147 14.67993411 50697"
"2.0","GENERATED VIA SPACE-TRACK.ORG API","2014-06-30T15:34:08","18 SPCS","PAYLOAD B","2013-037B","EARTH","TEME","UTC","SGP4","2014-06-30T11:35:33.766944","14.67537837","0.00048430","98.0370","198.0763","7.4708","352.6574","0","U","39209","999","5066","0.00005514400000","0.00000265","0.0000000000000","7047.080","98.123","672.358","665.532","PAYLOAD","LARGE","PRC","2013-07-19","TSC","","1706422","96329226","0 PAYLOAD B","1 39209U 13037B   14181.48302971  .00000265  00000-0  55144-4 0  9992","2 39209 098.0370 198.0763 0004843 007.4708 352.6574 14.67537837 50661"
"2.0","GENERATED VIA SPACE-TRACK.ORG API","2014-06-30T15:34:17","18 SPCS","PAYLOAD C","2013-037C","EARTH","TEME","UTC","SGP4","2014-06-30T12:18:32.734368","14.93968407","0.00320040","97.6787","197.0117","330.0679","29.8726","0","U","39210","999","5151","0.00004940400000","0.00000473","0.0000000000000","6963.718","96.387","607.869","563.296","PAYLOAD","LARGE","PRC","2013-07-19","TSC","","1706423","96329264","0 PAYLOAD C","1 39210U 13037C   14181.51287887  .00000473  00000-0  49404-4 0  9999","2 39210 097.6787 197.0117 0032004 330.0679 029.8726 14.93968407 51511"
"2.0","GENERATED VIA SPACE-TRACK.ORG API","2014-06-30T22:20:17","18 SPCS","PAYLOAD A","2013-037A","EARTH","TEME","UTC","SGP4","2014-06-30T19:10:09.566112","14.67976754","0.00089950","98.0379","198.7594","1.8996","358.2011","0","U","39208","999","5074","-0.00090323000000","-0.00005219","0.0000000000000","7045.675","98.094","673.878","661.203","PAYLOAD","LARGE","PRC","2013-07-19","TSC","","1706491","96329818","0 PAYLOAD A","1 39208U 13037A   14181.79872183 -.00005219  00000-0 -90323-3 0  9995","2 39208 098.0379 198.7594 0008995 001.8996 358.2011 14.67976754 50749"
"2.0","GENERATED VIA SPACE-TRACK.ORG API","2014-06-30T23:00:48","18 SPCS","PAYLOAD B","2013-037B","EARTH","TEME","UTC","SGP4","2014-06-30T19:46:28.555967","14.67536695","0.00047900","98.0368","198.4109","6.7130","353.4141","0","U","39209","999","5071","0.00000668740000","-0.00000010","0.0000000000000","7047.084","98.123","672.324","665.573","PAYLOAD","LARGE","PRC","2013-07-19","TSC","","1706556","96331322","0 PAYLOAD B","1 39209U 13037B   14181.82394162 -.00000010  00000-0  66874-5 0  9995","2 39209 098.0368 198.4109 0004790 006.7130 353.4141 14.67536695 50714"
"2.0","GENERATED VIA SPACE-TRACK.ORG API","2014-06-30T23:01:10","18 SPCS","PAYLOAD C","2013-037C","EARTH","TEME","UTC","SGP4","2014-06-30T20:20:46.894271","14.93967979","0.00319520","97.6783","197.3393","329.0132","30.9208","0","U","39210","999","5156","0.00003638200000","0.00000333","0.0000000000000","6963.719","96.387","607.834","563.333","PAYLOAD","LARGE","PRC","2013-07-19","TSC","","1706558","96331352","0 PAYLOAD C","1 39210U 13037C   14181.84776498  .00000333  00000-0  36382-4 0  9992","2 39210 097.6783 197.3393 0031952 329.0132 030.9208 14.93967979 51565"
"2.0","GENERATED VIA SPACE-TRACK.ORG API","2014-07-01T06:25:09","18 SPCS","PAYLOAD A","2013-037A","EARTH","TEME","UTC","SGP4","2014-07-01T03:20:56.797728","14.67953890","0.00091600","98.0381","199.0943","4.3817","355.7190","0","U","39208","999","5079","-0.00157260000000","-0.00009042","0.0000000000000","7045.749","98.095","674.068","661.160","PAYLOAD","LARGE","PRC","2013-07-19","TSC","","1706660","96332080","0 PAYLOAD A","1 39208U 13037A   14182.13954627 -.00009042  00000-0 -15726-2 0  9999","2 39208 098.0381 199.0943 0009160 004.3817 355.7190 14.67953890 50790"
"2.0","GENERATED VIA SPACE-TRACK.ORG API","2014-07-01T07:24:03","18 SPCS","PAYLOAD B","2013-037B","EARTH","TEME","UTC","SGP4","2014-07-01T03:57:23.195520","14.67538307","0.00047090","98.0368","198.7455","5.8310","354.2956","0","U","39209","999","5076","0.00006592300000","0.00000326","0.0000000000000","7047.079","98.123","672.262","665.625","PAYLOAD","LARGE","PRC","2013-07-19","TSC","","1706752","96334255","0 PAYLOAD B","1 39209U 13037B   14182.16485180  .00000326  00000-0  65923-4 0  9996","2 39209 098.0368 198.7455 0004709 005.8310 354.2956 14.67538307 50761"
"2.0","GENERATED VIA SPACE-TRACK.ORG API","2014-07-01T07:25:18","18 SPCS","PAYLOAD C","2013-037C","EARTH","TEME","UTC","SGP4","2014-07-01T04:23:00.943583","14.93968946","0.00318540","97.6782","197.6661","327.7394","32.1885","0","U","39210","999","5161","0.00004619900000","0.00000439","0.0000000000000","6963.716","96.387","607.763","563.399","PAYLOAD","LARGE","PRC","2013-07-19","TSC","","1706754","96334306","0 PAYLOAD C","1 39210U 13037C   14182.18264981  .00000439  00000-0  46199-4 0  9993","2 39210 097.6782 197.6661 0031854 327.7394 032.1885 14.93968946 51617"
"2.0","GENERATED VIA SPACE-TRACK.ORG API","2014-07-01T14:26:03","18 SPCS","PAYLOAD A","2013-037A","EARTH","TEME","UTC","SGP4","2014-07-01T09:53:35.330208","14.67928510","0.00099590","98.0382","199.3624","3.4572","356.6528","0","U","39208","999","5083","-0.00238030000000","-0.00013646","0.0000000000000","7045.830","98.097","674.712","660.678","PAYLOAD","LARGE","PRC","2013-07-19","TSC","","1706801","96335041","0 PAYLOAD A","1 39208U 13037A   14182.41221447 -.00013646  00000-0 -23803-2 0  9997","2 39208 098.0382 199.3624 0009959 003.4572 356.6528 14.67928510 50835"
"2.0","GENERATED VIA SPACE-TRACK.ORG API","2014-07-01T15:38:23","18 SPCS","PAYLOAD B","2013-037B","EARTH","TEME","UTC","SGP4","2014-07-01T12:08:17.862719","14.67539722","0.00046820","98.0375","199.0809","5.3409","354.7863","0","U","39209","999","5081","0.00012067000000","0.00000637","0.0000000000000","7047.074","98.123","672.239","665.640","PAYLOAD","LARGE","PRC","2013-07-19","TSC","","1706912","96337652","0 PAYLOAD B","1 39209U 13037B   14182.50576230  .00000637  00000-0  12067-3 0  9996","2 39209 098.0375 199.0809 0004682 005.3409 354.7863 14.67539722 50810"
"2.0","GENERATED VIA SPACE-TRACK.ORG API","2014-07-01T15:38:49","18 SPCS","PAYLOAD C","2013-037C","EARTH","TEME","UTC","SGP4","2014-07-01T12:25:14.964384","14.93970900","0.00317440","97.6786","197.9938","326.5837","33.3394","0","U","39210","999","5166","0.00007893700000","0.00000791","0.0000000000000","6963.710","96.387","607.680","563.469","PAYLOAD","LARGE","PRC","2013-07-19","TSC","","1706913","96337688","0 PAYLOAD C","1 39210U 13037C   14182.51753431  .00000791  00000-0  78937-4 0  9999","2 39210 097.6786 197.9938 0031744 326.5837 033.3394 14.93970900 51664"
"2.0","GENERATED VIA SPACE-TRACK.ORG API","2014-07-01T22:22:19","18 SPCS","PAYLOAD A","2013-037A","EARTH","TEME","UTC","SGP4","2014-07-01T18:04:23.087999","14.67906741","0.00097750","98.0382","199.6973","3.0196","357.1012","0","U","39208","999","5088","-0.00290390000000","-0.00016621","0.0000000000000","7045.900","98.098","674.652","660.877","PAYLOAD","LARGE","PRC","2013-07-19","TSC","","1706975","96338414","0 PAYLOAD A","1 39208U 13037A   14182.75304500 -.00016621  00000-0 -29039-2 0  9999","2 39208 098.0382 199.6973 0009775 003.0196 357.1012 14.67906741 50880"
"2.0","GENERATED VIA SPACE-TRACK.ORG API","2014-07-01T23:09:55","18 SPCS","PAYLOAD B","2013-037B","EARTH","TEME","UTC","SGP4","2014-07-01T20:19:12.565344","14.67538484","0.00046460","98.0374","199.4155","5.3688","354.7527","0","U","39209","999","5086","0.00006252500000","0.00000307","0.0000000000000","7047.078","98.123","672.217","665.669","PAYLOAD","LARGE","PRC","2013-07-19","TSC","","1707046","96340116","0 PAYLOAD B","1 39209U 13037B   14182.84667321  .00000307  00000-0  62525-4 0  9994","2 39209 098.0374 199.4155 0004646 005.3688 354.7527 14.67538484 50862"
"2.0","GENERATED VIA SPACE-TRACK.ORG API","2014-07-01T23:10:59","18 SPCS","PAYLOAD C","2013-037C","EARTH","TEME","UTC","SGP4","2014-07-01T20:27:29.089728","14.93970111","0.00316100","97.6783","198.3210","325.5133","34.4028","0","U","39210","999","5171","0.00005407800000","0.00000523","0.0000000000000","6963.712","96.387","607.590","563.565","PAYLOAD","LARGE","PRC","2013-07-19","TSC","","1707047","96340144","0 PAYLOAD C","1 39210U 13037C   14182.85242002  .00000523  00000-0  54078-4 0  9996","2 39210 097.6783 198.3210 0031610 325.5133 034.4028 14.93970111 51715"
"2.0","GENERATED VIA SPACE-TRACK.ORG API","2014-07-02T06:24:08","18 SPCS","PAYLOAD A","2013-037A","EARTH","TEME","UTC","SGP4","2014-07-02T02:15:10.899359","14.67888211","0.00092680","98.0379","200.0326","1.1811","358.9550","0","U","39208","999","5093","-0.00329420000000","-0.00018833","0.0000000000000","7045.959","98.100","674.354","661.294","PAYLOAD","LARGE","PRC","2013-07-19","TSC","","1707158","96340825","0 PAYLOAD A","1 39208U 13037A   14183.09387615 -.00018833  00000-0 -32942-2 0  9999","2 39208 098.0379 200.0326 0009268 001.1811 358.9550 14.67888211 50938"
"2.0","GENERATED VIA SPACE-TRACK.ORG API","2014-07-02T07:32:24","18 SPCS","PAYLOAD C","2013-037C","EARTH","TEME","UTC","SGP4","2014-07-02T04:29:43.111392","14.93972091","0.00315690","97.6784","198.6483","324.2629","35.6494","0","U","39210","999","5176","0.00008648800000","0.00000872","0.0000000000000","6963.706","96.387","607.555","563.587","PAYLOAD","LARGE","PRC","2013-07-19","TSC","","1707248","96343034","0 PAYLOAD C","1 39210U 13037C   14183.18730453  .00000872  00000-0  86488-4 0  9992","2 39210 097.6784 198.6483 0031569 324.2629 035.6494 14.93972091 51764"
"2.0","GENERATED VIA SPACE-TRACK.ORG API","2014-07-02T07:32:11","18 SPCS","PAYLOAD B","2013-037B","EARTH","TEME","UTC","SGP4","2014-07-02T04:30:07.288703","14.67539109","0.00046040","98.0373","199.7500","4.7176","355.4070","0","U","39209","999","5091","0.00006915100000","0.00000344","0.0000000000000","7047.076","98.123","672.186","665.697","PAYLOAD","LARGE","PRC","2013-07-19","TSC","","1707247","96342998","0 PAYLOAD B","1 39209U 13037B   14183.18758436  .00000344  00000-0  69151-4 0  9993","2 39209 098.0373 199.7500 0004604 004.7176 355.4070 14.67539109 50919"
"2.0","GENERATED VIA SPACE-TRACK.ORG API","2014-07-02T14:31:50","18 SPCS","PAYLOAD A","2013-037A","EARTH","TEME","UTC","SGP4","2014-07-02T10:25:58.124063","14.67880883","0.00088580","98.0385","200.3670","1.4494","358.6801","0","U","39208","999","5098","-0.00314370000000","-0.00017973","0.0000000000000","7045.982","98.100","674.089","661.606","PAYLOAD","LARGE","PRC","2013-07-19","TSC","","1707303","96343943","0 PAYLOAD A","1 39208U 13037A   14183.43470051 -.00017973  00000-0 -31437-2 0  9996","2 39208 098.0385 200.3670 0008858 001.4494 358.6801 14.67880883 50982"
"2.0","GENERATED VIA SPACE-TRACK.ORG API","2014-07-02T15:33:23","18 SPCS","PAYLOAD C","2013-037C","EARTH","TEME","UTC","SGP4","2014-07-02T10:55:30.344447","14.93972467","0.00315430","97.6787","198.9100","323.4240","36.4837","0","U","39210","999","5180","0.00008047400000","0.00000807","0.0000000000000","6963.705","96.387","607.536","563.604","PAYLOAD","LARGE","PRC","2013-07-19","TSC","","1707397","96346246","0 PAYLOAD C","1 39210U 13037C   14183.45521232  .00000807  00000-0  80474-4 0  9992","2 39210 097.6787 198.9100 0031543 323.4240 036.4837 14.93972467 51800"
"2.0","GENERATED VIA SPACE-TRACK.ORG API","2014-07-02T15:31:57","18 SPCS","PAYLOAD B","2013-037B","EARTH","TEME","UTC","SGP4","2014-07-02T11:02:51.061344","14.67539007","0.00045400","98.0375","200.0181","3.8106","356.3140","0","U","39209","999","5095","0.00006036600000","0.00000295","0.0000000000000","7047.076","98.123","672.141","665.742","PAYLOAD","LARGE","PRC","2013-07-19","TSC","","1707394","96346197","0 PAYLOAD B","1 39209U 13037B   14183.46031321  .00000295  00000-0  60366-4 0  9995","2 39209 098.0375 200.0181 0004540 003.8106 356.3140 14.67539007 50953"
"2.0","GENERATED VIA SPACE-TRACK.ORG API","2014-07-02T18:32:08","18 SPCS","PAYLOAD A","2013-037A","EARTH","TEME","UTC","SGP4","2014-07-02T16:58:36.243552","14.67912379","0.00086470","98.0385","200.6353","0.5395","359.6456","0","U","39208","999","5102","-0.00022231000000","-0.00001320","0.0000000000000","7045.881","98.098","673.839","661.654","PAYLOAD","LARGE","PRC","2013-07-19","TSC","","1707428","96346479","0 PAYLOAD A","1 39208U 13037A   14183.70736393 -.00001320  00000-0 -22231-3 0  9992","2 39208 098.0385 200.6353 0008647 000.5395 359.6456 14.67912379 51028"
"2.0","GENERATED VIA SPACE-TRACK.ORG API","2014-07-02T23:06:40","18 SPCS","PAYLOAD B","2013-037B","EARTH","TEME","UTC","SGP4","2014-07-02T19:13:45.862463","14.67536928","0.00044790","98.0371","200.3532","4.7977","355.3260","0","U","39209","999","5100","-0.00003702000000","-0.00000258","0.0000000000000","7047.083","98.123","672.105","665.792","PAYLOAD","LARGE","PRC","2013-07-19","TSC","","1707557","96348545","0 PAYLOAD B","1 39209U 13037B   14183.80122526 -.00000258  00000-0 -37020-4 0  9993","2 39209 098.0371 200.3532 0004479 004.7977 355.3260 14.67536928 51007"
"2.0","GENERATED VIA SPACE-TRACK.ORG API","2014-07-02T22:20:27","18 SPCS","PAYLOAD A","2013-037A","EARTH","TEME","UTC","SGP4","2014-07-02T20:14:54.078143","14.67912443","0.00090350","98.0384","200.7687","359.8177","0.3245","0","U","39208","999","5104","-0.00156810000000","-0.00009007","0.0000000000000","7045.881","98.098","674.112","661.380","PAYLOAD","LARGE","PRC","2013-07-19","TSC","","1707482","96346855","0 PAYLOAD A","1 39208U 13037A   14183.84368146 -.00009007  00000-0 -15681-2 0  9994","2 39208 098.0384 200.7687 0009035 359.8177 000.3245 14.67912443 51048"
"2.0","GENERATED VIA SPACE-TRACK.ORG API","2014-07-02T23:06:56","18 SPCS","PAYLOAD C","2013-037C","EARTH","TEME","UTC","SGP4","2014-07-02T20:34:11.218656","14.93972506","0.00314580","97.6783","199.3027","322.0330","37.8672","0","U","39210","999","5186","0.00006996400000","0.00000694","0.0000000000000","6963.705","96.387","607.476","563.663","PAYLOAD","LARGE","PRC","2013-07-19","TSC","","1707558","96348571","0 PAYLOAD C","1 39210U 13037C   14183.85707429  .00000694  00000-0  69964-4 0  9995","2 39210 097.6783 199.3027 0031458 322.0330 037.8672 14.93972506 51861"
"2.0","GENERATED VIA SPACE-TRACK.ORG API","2014-07-03T07:21:55","18 SPCS","PAYLOAD B","2013-037B","EARTH","TEME","UTC","SGP4","2014-07-03T03:24:40.470912","14.67538124","0.00042520","98.0367","200.6874","2.3078","357.8149","0","U","39209","999","5105","0.00000298980000","-0.00000031","0.0000000000000","7047.079","98.123","671.941","665.948","PAYLOAD","LARGE","PRC","2013-07-19","TSC","","1707725","96351229","0 PAYLOAD B","1 39209U 13037B   14184.14213508 -.00000031  00000-0  29898-5 0  9995","2 39209 098.0367 200.6874 0004252 002.3078 357.8149 14.67538124 51057"
"2.0","GENERATED VIA SPACE-TRACK.ORG API","2014-07-03T06:25:09","18 SPCS","PAYLOAD A","2013-037A","EARTH","TEME","UTC","SGP4","2014-07-03T04:25:41.054015","14.67904254","0.00089550","98.0385","201.1031","359.1408","0.9759","0","U","39208","999","5109","-0.00162300000000","-0.00009319","0.0000000000000","7045.907","98.099","674.082","661.463","PAYLOAD","LARGE","PRC","2013-07-19","TSC","","1707644","96349251","0 PAYLOAD A","1 39208U 13037A   14184.18450294 -.00009319  00000-0 -16230-2 0  9995","2 39208 098.0385 201.1031 0008955 359.1408 000.9759 14.67904254 51099"
"2.0","GENERATED VIA SPACE-TRACK.ORG API","2014-07-03T07:22:42","18 SPCS","PAYLOAD C","2013-037C","EARTH","TEME","UTC","SGP4","2014-07-03T04:36:25.193664","14.93974252","0.00314560","97.6782","199.6301","320.8888","39.0065","0","U","39210","999","5191","0.00009251400000","0.00000937","0.0000000000000","6963.699","96.387","607.469","563.659","PAYLOAD","LARGE","PRC","2013-07-19","TSC","","1707727","96351275","0 PAYLOAD C","1 39210U 13037C   14184.19195826  .00000937  00000-0  92514-4 0  9992","2 39210 097.6782 199.6301 0031456 320.8888 039.0065 14.93974252 51916"
"2.0","GENERATED VIA SPACE-TRACK.ORG API","2014-07-03T15:36:03","18 SPCS","PAYLOAD C","2013-037C","EARTH","TEME","UTC","SGP4","2014-07-03T11:02:12.372287","14.93975596","0.00314270","97.6783","199.8918","319.9658","39.9262","0","U","39210","999","5195","0.00010887000000","0.00001112","0.0000000000000","6963.695","96.387","607.445","563.675","PAYLOAD","LARGE","PRC","2013-07-19","TSC","","1707880","96354557","0 PAYLOAD C","1 39210U 13037C   14184.45986542  .00001112  00000-0  10887-3 0  9992","2 39210 097.6783 199.8918 0031427 319.9658 039.9262 14.93975596 51959"
"2.0","GENERATED VIA SPACE-TRACK.ORG API","2014-07-03T14:25:38","18 SPCS","PAYLOAD A","2013-037A","EARTH","TEME","UTC","SGP4","2014-07-03T12:36:28.529280","14.67895865","0.00089560","98.0390","201.4375","358.7777","1.3337","0","U","39208","999","5114","-0.00168320000000","-0.00009661","0.0000000000000","7045.934","98.099","674.110","661.489","PAYLOAD","LARGE","PRC","2013-07-19","TSC","","1707770","96352007","0 PAYLOAD A","1 39208U 13037A   14184.52533020 -.00009661  00000-0 -16832-2 0  9990","2 39208 098.0390 201.4375 0008956 358.7777 001.3337 14.67895865 51144"
"2.0","GENERATED VIA SPACE-TRACK.ORG API","2014-07-03T22:23:31","18 SPCS","PAYLOAD A","2013-037A","EARTH","TEME","UTC","SGP4","2014-07-03T14:14:38.145984","14.67893651","0.00087980","98.0389","201.5045","357.6147","2.5022","0","U","39208","999","5115","-0.00170580000000","-0.00009789","0.0000000000000","7045.941","98.099","674.005","661.607","PAYLOAD","LARGE","PRC","2013-07-19","TSC","","1708009","96355305","0 PAYLOAD A","1 39208U 13037A   14184.59349706 -.00009789  00000-0 -17058-2 0  9995","2 39208 098.0389 201.5045 0008798 357.6147 002.5022 14.67893651 51156"
"2.0","GENERATED VIA SPACE-TRACK.ORG API","2014-07-03T23:22:08","18 SPCS","PAYLOAD C","2013-037C","EARTH","TEME","UTC","SGP4","2014-07-03T20:40:53.228352","14.93975141","0.00313320","97.6783","200.2849","318.6264","41.2575","0","U","39210","999","5201","0.00008796200000","0.00000888","0.0000000000000","6963.697","96.387","607.380","563.743","PAYLOAD","LARGE","PRC","2013-07-19","TSC","","1708105","96357452","0 PAYLOAD C","1 39210U 13037C   14184.86172718  .00000888  00000-0  87962-4 0  9997","2 39210 097.6783 200.2849 0031332 318.6264 041.2575 14.93975141 52010"
"2.0","GENERATED VIA SPACE-TRACK.ORG API","2014-07-03T23:20:42","18 SPCS","PAYLOAD B","2013-037B","EARTH","TEME","UTC","SGP4","2014-07-03T21:24:40.829471","14.67539149","0.00043170","98.0365","201.4248","1.8850","358.2377","0","U","39209","999","5116","0.00004480800000","0.00000206","0.0000000000000","7047.076","98.123","671.983","665.899","PAYLOAD","LARGE","PRC","2013-07-19","TSC","","1708103","96357411","0 PAYLOAD B","1 39209U 13037B   14184.89213923  .00000206  00000-0  44808-4 0  9998","2 39209 098.0365 201.4248 0004317 001.8850 358.2377 14.67539149 51161"
"2.0","GENERATED VIA SPACE-TRACK.ORG API","2014-07-04T07:22:46","18 SPCS","PAYLOAD C","2013-037C","EARTH","TEME","UTC","SGP4","2014-07-04T04:43:07.133376","14.93976859","0.00312820","97.6782","200.6121","317.2931","42.5866","0","U","39210","999","5206","0.00010342000000","0.00001054","0.0000000000000","6963.691","96.387","607.340","563.772","PAYLOAD","LARGE","PRC","2013-07-19","TSC","","1708314","96360254","0 PAYLOAD C","1 39210U 13037C   14185.19661034  .00001054  00000-0  10342-3 0  9991","2 39210 097.6782 200.6121 0031282 317.2931 042.5866 14.93976859 52065"
"2.0","GENERATED VIA SPACE-TRACK.ORG API","2014-07-04T07:18:43","18 SPCS","PAYLOAD B","2013-037B","EARTH","TEME","UTC","SGP4","2014-07-04T05:35:35.450880","14.67540450","0.00041710","98.0366","201.7589","0.6212","359.5022","0","U","39209","999","5121","0.00008551400000","0.00000437","0.0000000000000","7047.072","98.123","671.876","665.998","PAYLOAD","LARGE","PRC","2013-07-19","TSC","","1708309","96360151","0 PAYLOAD B","1 39209U 13037B   14185.23304920  .00000437  00000-0  85514-4 0  9990","2 39209 098.0366 201.7589 0004171 000.6212 359.5022 14.67540450 51214"
"2.0","GENERATED VIA SPACE-TRACK.ORG API","2014-07-04T15:29:30","18 SPCS","PAYLOAD C","2013-037C","EARTH","TEME","UTC","SGP4","2014-07-04T11:08:54.283487","14.93977755","0.00312730","97.6782","200.8737","316.4120","43.4644","0","U","39210","999","5210","0.00010557000000","0.00001077","0.0000000000000","6963.688","96.386","607.331","563.776","PAYLOAD","LARGE","PRC","2013-07-19","TSC","","1708449","96363195","0 PAYLOAD C","1 39210U 13037C   14185.46451717  .00001077  00000-0  10557-3 0  9999","2 39210 097.6782 200.8737 0031273 316.4120 043.4644 14.93977755 52106"
"2.0","GENERATED VIA SPACE-TRACK.ORG API","2014-07-04T15:28:19","18 SPCS","PAYLOAD B","2013-037B","EARTH","TEME","UTC","SGP4","2014-07-04T12:08:19.131072","14.67540191","0.00041940","98.0367","202.0263","359.4951","0.6226","0","U","39209","999","5125","0.00006372900000","0.00000314","0.0000000000000","7047.073","98.123","671.893","665.982","PAYLOAD","LARGE","PRC","2013-07-19","TSC","","1708447","96363156","0 PAYLOAD B","1 39209U 13037B   14185.50577698  .00000314  00000-0  63729-4 0  9992","2 39209 098.0367 202.0263 0004194 359.4951 000.6226 14.67540191 51254"
"2.0","GENERATED VIA SPACE-TRACK.ORG API","2014-07-04T14:32:51","18 SPCS","PAYLOAD A","2013-037A","EARTH","TEME","UTC","SGP4","2014-07-04T13:08:51.841535","14.67880380","0.00083090","98.0389","202.4432","354.2438","5.9153","0","U","39208","999","5129","-0.00162310000000","-0.00009314","0.0000000000000","7045.984","98.100","673.703","661.994","PAYLOAD","LARGE","PRC","2013-07-19","TSC","","1708363","96361149","0 PAYLOAD A","1 39208U 13037A   14185.54782224 -.00009314  00000-0 -16231-2 0  9993","2 39208 098.0389 202.4432 0008309 354.2438 005.9153 14.67880380 51292"
"2.0","GENERATED VIA SPACE-TRACK.ORG API","2014-07-04T16:21:52","18 SPCS","PAYLOAD A","2013-037A","EARTH","TEME","UTC","SGP4","2014-07-04T14:47:00.621888","14.67889959","0.00084640","98.0374","202.5073","357.7440","2.4455","0","U","39208","999","5130","-0.00459400000000","-0.00026214","0.0000000000000","7045.953","98.099","673.782","661.855","PAYLOAD","LARGE","PRC","2013-07-19","TSC","","1708464","96363373","0 PAYLOAD A","1 39208U 13037A   14185.61597942 -.00026214  00000-0 -45940-2 0  9999","2 39208 098.0374 202.5073 0008464 357.7440 002.4455 14.67889959 51301"
"2.0","GENERATED VIA SPACE-TRACK.ORG API","2014-07-04T23:21:41","18 SPCS","PAYLOAD C","2013-037C","EARTH","TEME","UTC","SGP4","2014-07-04T19:11:08.268863","14.93978039","0.00312430","97.6783","201.2013","315.2902","44.5803","0","U","39210","999","5215","0.00010126000000","0.00001031","0.0000000000000","6963.688","96.386","607.309","563.796","PAYLOAD","LARGE","PRC","2013-07-19","TSC","","1708622","96365975","0 PAYLOAD C","1 39210U 13037C   14185.79940126  .00001031  00000-0  10126-3 0  9994","2 39210 097.6783 201.2013 0031243 315.2902 044.5803 14.93978039 52151"
"2.0","GENERATED VIA SPACE-TRACK.ORG API","2014-07-04T22:23:14","18 SPCS","PAYLOAD A","2013-037A","EARTH","TEME","UTC","SGP4","2014-07-04T19:41:28.077503","14.67883050","0.00078910","98.0392","202.7098","357.6466","2.4377","0","U","39208","999","5133","-0.00147560000000","-0.00008473","0.0000000000000","7045.975","98.100","673.400","662.280","PAYLOAD","LARGE","PRC","2013-07-19","TSC","","1708526","96363859","0 PAYLOAD A","1 39208U 13037A   14185.82046386 -.00008473  00000-0 -14756-2 0  9991","2 39208 098.0392 202.7098 0007891 357.6466 002.4377 14.67883050 51332"
"2.0","GENERATED VIA SPACE-TRACK.ORG API","2014-07-04T23:21:31","18 SPCS","PAYLOAD B","2013-037B","EARTH","TEME","UTC","SGP4","2014-07-04T20:19:13.914047","14.67540204","0.00041980","98.0365","202.3608","357.8954","2.2257","0","U","39209","999","5130","0.00007065300000","0.00000353","0.0000000000000","7047.073","98.123","671.896","665.979","PAYLOAD","LARGE","PRC","2013-07-19","TSC","","1708621","96365948","0 PAYLOAD B","1 39209U 13037B   14185.84668882  .00000353  00000-0  70653-4 0  9992","2 39209 098.0365 202.3608 0004198 357.8954 002.2257 14.67540204 51300"
"2.0","GENERATED VIA SPACE-TRACK.ORG API","2014-07-05T07:27:26","18 SPCS","PAYLOAD C","2013-037C","EARTH","TEME","UTC","SGP4","2014-07-05T03:13:22.133279","14.93979837","0.00312630","97.6780","201.5287","314.1118","45.7538","0","U","39210","999","5220","0.00011723000000","0.00001202","0.0000000000000","6963.682","96.386","607.318","563.776","PAYLOAD","LARGE","PRC","2013-07-19","TSC","","1708843","96368942","0 PAYLOAD C","1 39210U 13037C   14186.13428395  .00001202  00000-0  11723-3 0  9996","2 39210 097.6780 201.5287 0031263 314.1118 045.7538 14.93979837 52204"
"2.0","GENERATED VIA SPACE-TRACK.ORG API","2014-07-05T05:12:28","18 SPCS","PAYLOAD A","2013-037A","EARTH","TEME","UTC","SGP4","2014-07-05T03:52:15.454271","14.67919095","0.00084630","98.0379","203.0442","351.5722","8.5972","0","U","39208","999","5138","0.00024896000000","0.00001377","0.0000000000000","7045.860","98.098","673.688","661.762","PAYLOAD","LARGE","PRC","2013-07-19","TSC","","1708725","96366257","0 PAYLOAD A","1 39208U 13037A   14186.16128998  .00001377  00000-0  24896-3 0  9990","2 39208 098.0379 203.0442 0008463 351.5722 008.5972 14.67919095 51380"
"2.0","GENERATED VIA SPACE-TRACK.ORG API","2014-07-05T07:26:21","18 SPCS","PAYLOAD B","2013-037B","EARTH","TEME","UTC","SGP4","2014-07-05T04:30:08.476704","14.67541120","0.00041760","98.0366","202.6952","356.4714","3.6455","0","U","39209","999","5135","0.00009077300000","0.00000467","0.0000000000000","7047.070","98.123","671.878","665.992","PAYLOAD","LARGE","PRC","2013-07-19","TSC","","1708842","96368903","0 PAYLOAD B","1 39209U 13037B   14186.18759811  .00000467  00000-0  90773-4 0  9994","2 39209 098.0366 202.6952 0004176 356.4714 003.6455 14.67541120 51359"
"2.0","GENERATED VIA SPACE-TRACK.ORG API","2014-07-05T15:37:02","18 SPCS","PAYLOAD C","2013-037C","EARTH","TEME","UTC","SGP4","2014-07-05T11:15:35.992512","14.93981808","0.00312100","97.6782","201.8559","312.9224","46.9413","0","U","39210","999","5225","0.00013382000000","0.00001381","0.0000000000000","6963.676","96.386","607.275","563.807","PAYLOAD","LARGE","PRC","2013-07-19","TSC","","1708992","96372217","0 PAYLOAD C","1 39210U 13037C   14186.46916658  .00001381  00000-0  13382-3 0  9997","2 39210 097.6782 201.8559 0031210 312.9224 046.9413 14.93981808 52258"
"2.0","GENERATED VIA SPACE-TRACK.ORG API","2014-07-05T14:24:42","18 SPCS","PAYLOAD A","2013-037A","EARTH","TEME","UTC","SGP4","2014-07-05T12:03:02.844000","14.67885809","0.00075440","98.0400","203.3792","349.5100","10.6097","0","U","39208","999","5143","-0.00119390000000","-0.00006866","0.0000000000000","7045.966","98.100","673.147","662.516","PAYLOAD","LARGE","PRC","2013-07-19","TSC","","1708883","96369647","0 PAYLOAD A","1 39208U 13037A   14186.50211625 -.00006866  00000-0 -11939-2 0  9991","2 39208 098.0400 203.3792 0007544 349.5100 010.6097 14.67885809 51435"
"2.0","GENERATED VIA SPACE-TRACK.ORG API","2014-07-05T15:35:43","18 SPCS","PAYLOAD B","2013-037B","EARTH","TEME","UTC","SGP4","2014-07-05T12:41:03.108480","14.67541415","0.00040100","98.0367","203.0290","356.1041","4.0126","0","U","39209","999","5140","0.00008650700000","0.00000443","0.0000000000000","7047.069","98.123","671.760","666.108","PAYLOAD","LARGE","PRC","2013-07-19","TSC","","1708990","96372167","0 PAYLOAD B","1 39209U 13037B   14186.52850820  .00000443  00000-0  86507-4 0  9998","2 39209 098.0367 203.0290 0004010 356.1041 004.0126 14.67541415 51400"
"2.0","GENERATED VIA SPACE-TRACK.ORG API","2014-07-05T23:19:59","18 SPCS","PAYLOAD C","2013-037C","EARTH","TEME","UTC","SGP4","2014-07-05T19:17:49.849151","14.93982477","0.00311550","97.6786","202.1828","311.8094","48.0473","0","U","39210","999","5230","0.00012952000000","0.00001335","0.0000000000000","6963.674","96.386","607.234","563.843","PAYLOAD","LARGE","PRC","2013-07-19","TSC","","1709155","96374928","0 PAYLOAD C","1 39210U 13037C   14186.80404918  .00001335  00000-0  12952-3 0  9997","2 39210 097.6786 202.1828 0031155 311.8094 048.0473 14.93982477 52304"
"2.0","GENERATED VIA SPACE-TRACK.ORG API","2014-07-05T20:48:07","18 SPCS","PAYLOAD A","2013-037A","EARTH","TEME","UTC","SGP4","2014-07-05T20:13:50.371967","14.67914595","0.00084100","98.0376","203.7128","349.0646","11.1375","0","U","39208","999","5148","-0.00011667000000","-0.00000716","0.0000000000000","7045.874","98.098","673.665","661.814","PAYLOAD","LARGE","PRC","2013-07-19","TSC","","1709030","96372453","0 PAYLOAD A","1 39208U 13037A   14186.84294412 -.00000716  00000-0 -11667-3 0  9990","2 39208 098.0376 203.7128 0008410 349.0646 011.1375 14.67914595 51482"
"2.0","GENERATED VIA SPACE-TRACK.ORG API","2014-07-05T23:18:34","18 SPCS","PAYLOAD B","2013-037B","EARTH","TEME","UTC","SGP4","2014-07-05T20:51:57.823199","14.67541256","0.00039460","98.0362","203.3626","354.1709","5.9468","0","U","39209","999","5145","0.00007778300000","0.00000393","0.0000000000000","7047.069","98.123","671.715","666.154","PAYLOAD","LARGE","PRC","2013-07-19","TSC","","1709152","96374894","0 PAYLOAD B","1 39209U 13037B   14186.86941925  .00000393  00000-0  77783-4 0  9992","2 39209 098.0362 203.3626 0003946 354.1709 005.9468 14.67541256 51454"
"2.0","GENERATED VIA SPACE-TRACK.ORG API","2014-07-06T06:28:30","18 SPCS","PAYLOAD A","2013-037A","EARTH","TEME","UTC","SGP4","2014-07-06T02:46:26.417855","14.67916798","0.00084770","98.0381","203.9814","348.7022","11.4005","0","U","39208","999","5152","0.00005864100000","0.00000287","0.0000000000000","7045.867","98.098","673.705","661.760","PAYLOAD","LARGE","PRC","2013-07-19","TSC","","1709272","96375820","0 PAYLOAD A","1 39208U 13037A   14187.11558354  .00000287  00000-0  58641-4 0  9994","2 39208 098.0381 203.9814 0008477 348.7022 011.4005 14.67916798 51524"
"2.0","GENERATED VIA SPACE-TRACK.ORG API","2014-07-06T07:44:24","18 SPCS","PAYLOAD C","2013-037C","EARTH","TEME","UTC","SGP4","2014-07-06T03:20:03.640128","14.93983889","0.00311430","97.6783","202.5103","310.5016","49.3501","0","U","39210","999","5235","0.00013451000000","0.00001388","0.0000000000000","6963.669","96.386","607.221","563.847","PAYLOAD","LARGE","PRC","2013-07-19","TSC","","1709364","96378004","0 PAYLOAD C","1 39210U 13037C   14187.13893102  .00001388  00000-0  13451-3 0  9994","2 39210 097.6783 202.5103 0031143 310.5016 049.3501 14.93983889 52357"
"2.0","GENERATED VIA SPACE-TRACK.ORG API","2014-07-06T07:42:48","18 SPCS","PAYLOAD B","2013-037B","EARTH","TEME","UTC","SGP4","2014-07-06T05:02:52.365983","14.67541971","0.00038580","98.0362","203.6975","352.1728","7.9413","0","U","39209","999","5150","0.00008443600000","0.00000431","0.0000000000000","7047.067","98.123","671.651","666.213","PAYLOAD","LARGE","PRC","2013-07-19","TSC","","1709362","96377964","0 PAYLOAD B","1 39209U 13037B   14187.21032831  .00000431  00000-0  84436-4 0  9995","2 39209 098.0362 203.6975 0003858 352.1728 007.9413 14.67541971 51507"
"2.0","GENERATED VIA SPACE-TRACK.ORG API","2014-07-06T14:25:10","18 SPCS","PAYLOAD A","2013-037A","EARTH","TEME","UTC","SGP4","2014-07-06T10:57:13.497407","14.67917579","0.00084940","98.0384","204.3165","347.9183","12.1834","0","U","39208","999","5157","0.00007561500000","0.00000384","0.0000000000000","7045.865","98.098","673.715","661.745","PAYLOAD","LARGE","PRC","2013-07-19","TSC","","1709405","96378728","0 PAYLOAD A","1 39208U 13037A   14187.45640622  .00000384  00000-0  75615-4 0  9999","2 39208 098.0384 204.3165 0008494 347.9183 012.1834 14.67917579 51570"
"2.0","GENERATED VIA SPACE-TRACK.ORG API","2014-07-06T15:17:30","18 SPCS","PAYLOAD C","2013-037C","EARTH","TEME","UTC","SGP4","2014-07-06T11:22:17.400863","14.93986155","0.00312010","97.6790","202.8382","309.4320","50.4141","0","U","39210","999","5240","0.00015771000000","0.00001638","0.0000000000000","6963.662","96.386","607.255","563.800","PAYLOAD","LARGE","PRC","2013-07-19","TSC","","1709480","96380598","0 PAYLOAD C","1 39210U 13037C   14187.47381251  .00001638  00000-0  15771-3 0  9993","2 39210 097.6790 202.8382 0031201 309.4320 050.4141 14.93986155 52405"
"2.0","GENERATED VIA SPACE-TRACK.ORG API","2014-07-06T15:17:13","18 SPCS","PAYLOAD B","2013-037B","EARTH","TEME","UTC","SGP4","2014-07-06T13:13:46.998623","14.67542132","0.00037610","98.0364","204.0324","351.5318","8.5827","0","U","39209","999","5155","0.00007107300000","0.00000355","0.0000000000000","7047.066","98.123","671.582","666.281","PAYLOAD","LARGE","PRC","2013-07-19","TSC","","1709479","96380562","0 PAYLOAD B","1 39209U 13037B   14187.55123841  .00000355  00000-0  71073-4 0  9992","2 39209 098.0364 204.0324 0003761 351.5318 008.5827 14.67542132 51554"
"2.0","GENERATED VIA SPACE-TRACK.ORG API","2014-07-06T22:24:54","18 SPCS","PAYLOAD A","2013-037A","EARTH","TEME","UTC","SGP4","2014-07-06T19:08:00.569184","14.67917520","0.00084870","98.0390","204.6513","346.9146","13.1817","0","U","39208","999","5162","0.00007536800000","0.00000383","0.0000000000000","7045.865","98.098","673.710","661.750","PAYLOAD","LARGE","PRC","2013-07-19","TSC","","1709553","96381556","0 PAYLOAD A","1 39208U 13037A   14187.79722881  .00000383  00000-0  75368-4 0  9998","2 39208 098.0390 204.6513 0008487 346.9146 013.1817 14.67917520 51621"
"2.0","GENERATED VIA SPACE-TRACK.ORG API","2014-07-06T23:28:45","18 SPCS","PAYLOAD C","2013-037C","EARTH","TEME","UTC","SGP4","2014-07-06T19:24:31.234175","14.93986175","0.00311670","97.6793","203.1655","308.3025","51.5375","0","U","39210","999","5245","0.00013970000000","0.00001444","0.0000000000000","6963.662","96.386","607.231","563.824","PAYLOAD","LARGE","PRC","2013-07-19","TSC","","1709662","96383861","0 PAYLOAD C","1 39210U 13037C   14187.80869484  .00001444  00000-0  13970-3 0  9993","2 39210 097.6793 203.1655 0031167 308.3025 051.5375 14.93986175 52454"
"2.0","GENERATED VIA SPACE-TRACK.ORG API","2014-07-06T23:27:19","18 SPCS","PAYLOAD B","2013-037B","EARTH","TEME","UTC","SGP4","2014-07-06T21:24:41.601888","14.67543499","0.00037300","98.0370","204.3665","350.0041","10.1096","0","U","39209","999","5160","0.00013629000000","0.00000725","0.0000000000000","7047.062","98.123","671.556","666.299","PAYLOAD","LARGE","PRC","2013-07-19","TSC","","1709659","96383823","0 PAYLOAD B","1 39209U 13037B   14187.89214817  .00000725  00000-0  13629-3 0  9996","2 39209 098.0370 204.3665 0003730 350.0041 010.1096 14.67543499 51605"
"2.0","GENERATED VIA SPACE-TRACK.ORG API","2014-07-07T06:24:24","18 SPCS","PAYLOAD A","2013-037A","EARTH","TEME","UTC","SGP4","2014-07-07T03:18:47.697984","14.67917926","0.00083520","98.0389","204.9858","345.7496","14.3493","0","U","39208","999","5167","0.00007622100000","0.00000388","0.0000000000000","7045.864","98.098","673.613","661.844","PAYLOAD","LARGE","PRC","2013-07-19","TSC","","1709743","96384568","0 PAYLOAD A","1 39208U 13037A   14188.13805206  .00000388  00000-0  76221-4 0  9994","2 39208 098.0389 204.9858 0008352 345.7496 014.3493 14.67917926 51678"
"2.0","GENERATED VIA SPACE-TRACK.ORG API","2014-07-07T07:25:57","18 SPCS","PAYLOAD C","2013-037C","EARTH","TEME","UTC","SGP4","2014-07-07T03:26:45.032928","14.93988073","0.00311680","97.6794","203.4931","307.2248","52.6131","0","U","39210","999","5250","0.00015803000000","0.00001641","0.0000000000000","6963.656","96.386","607.226","563.817","PAYLOAD","LARGE","PRC","2013-07-19","TSC","","1709835","96386847","0 PAYLOAD C","1 39210U 13037C   14188.14357677  .00001641  00000-0  15803-3 0  9993","2 39210 097.6794 203.4931 0031168 307.2248 052.6131 14.93988073 52508"
"2.0","GENERATED VIA SPACE-TRACK.ORG API","2014-07-07T07:24:31","18 SPCS","PAYLOAD B","2013-037B","EARTH","TEME","UTC","SGP4","2014-07-07T05:35:36.212927","14.67543753","0.00036480","98.0365","204.7010","348.1129","12.0014","0","U","39209","999","5165","0.00011632000000","0.00000612","0.0000000000000","7047.061","98.123","671.497","666.356","PAYLOAD","LARGE","PRC","2013-07-19","TSC","","1709833","96386801","0 PAYLOAD B","1 39209U 13037B   14188.23305802  .00000612  00000-0  11632-3 0  9997","2 39209 098.0365 204.7010 0003648 348.1129 012.0014 14.67543753 51659"
"2.0","GENERATED VIA SPACE-TRACK.ORG API","2014-07-07T15:33:57","18 SPCS","PAYLOAD C","2013-037C","EARTH","TEME","UTC","SGP4","2014-07-07T11:28:58.803167","14.93988610","0.00312500","97.6795","203.8210","306.1698","53.6619","0","U","39210","999","5255","0.00014727000000","0.00001526","0.0000000000000","6963.655","96.386","607.281","563.758","PAYLOAD","LARGE","PRC","2013-07-19","TSC","","1709988","96390084","0 PAYLOAD C","1 39210U 13037C   14188.47845837  .00001526  00000-0  14727-3 0  9995","2 39210 097.6795 203.8210 0031250 306.1698 053.6619 14.93988610 52556"
"2.0","GENERATED VIA SPACE-TRACK.ORG API","2014-07-07T14:28:58","18 SPCS","PAYLOAD A","2013-037A","EARTH","TEME","UTC","SGP4","2014-07-07T11:29:34.735199","14.67918334","0.00083140","98.0385","205.3204","344.5989","15.4972","0","U","39208","999","5172","0.00007388000000","0.00000375","0.0000000000000","7045.862","98.098","673.585","661.869","PAYLOAD","LARGE","PRC","2013-07-19","TSC","","1709885","96387738","0 PAYLOAD A","1 39208U 13037A   14188.47887425  .00000375  00000-0  73880-4 0  9998","2 39208 098.0385 205.3204 0008314 344.5989 015.4972 14.67918334 51720"
"2.0","GENERATED VIA SPACE-TRACK.ORG API","2014-07-07T15:33:40","18 SPCS","PAYLOAD B","2013-037B","EARTH","TEME","UTC","SGP4","2014-07-07T12:08:19.856831","14.67544245","0.00037970","98.0371","204.9694","346.4914","13.6181","0","U","39209","999","5169","0.00013916000000","0.00000742","0.0000000000000","7047.060","98.123","671.600","666.249","PAYLOAD","LARGE","PRC","2013-07-19","TSC","","1709987","96390050","0 PAYLOAD B","1 39209U 13037B   14188.50578538  .00000742  00000-0  13916-3 0  9996","2 39209 098.0371 204.9694 0003797 346.4914 013.6181 14.67544245 51697"
"2.0","GENERATED VIA SPACE-TRACK.ORG API","2014-07-07T23:21:51","18 SPCS","PAYLOAD C","2013-037C","EARTH","TEME","UTC","SGP4","2014-07-07T19:31:12.628704","14.93987679","0.00311730","97.6796","204.1486","305.0013","54.8246","0","U","39210","999","5260","0.00011028000000","0.00001128","0.0000000000000","6963.658","96.386","607.230","563.815","PAYLOAD","LARGE","PRC","2013-07-19","TSC","","1710144","96392847","0 PAYLOAD C","1 39210U 13037C   14188.81334061  .00001128  00000-0  11028-3 0  9994","2 39210 097.6796 204.1486 0031173 305.0013 054.8246 14.93987679 52608"
"2.0","GENERATED VIA SPACE-TRACK.ORG API","2014-07-07T22:24:24","18 SPCS","PAYLOAD A","2013-037A","EARTH","TEME","UTC","SGP4","2014-07-07T19:40:21.809568","14.67917324","0.00082760","98.0385","205.6553","343.4581","16.6320","0","U","39208","999","5177","0.00002778900000","0.00000111","0.0000000000000","7045.866","98.098","673.562","661.899","PAYLOAD","LARGE","PRC","2013-07-19","TSC","","1710055","96390749","0 PAYLOAD A","1 39208U 13037A   14188.81969687  .00000111  00000-0  27789-4 0  9992","2 39208 098.0385 205.6553 0008276 343.4581 016.6320 14.67917324 51776"
"2.0","GENERATED VIA SPACE-TRACK.ORG API","2014-07-07T23:20:19","18 SPCS","PAYLOAD B","2013-037B","EARTH","TEME","UTC","SGP4","2014-07-07T20:19:14.529215","14.67542182","0.00037950","98.0370","205.3042","345.1631","14.9440","0","U","39209","999","5174","0.00001282600000","0.00000025","0.0000000000000","7047.066","98.123","671.606","666.257","PAYLOAD","LARGE","PRC","2013-07-19","TSC","","1710142","96392804","0 PAYLOAD B","1 39209U 13037B   14188.84669594  .00000025  00000-0  12826-4 0  9990","2 39209 098.0370 205.3042 0003795 345.1631 014.9440 14.67542182 51744"
"2.0","GENERATED VIA SPACE-TRACK.ORG API","2014-07-08T07:27:40","18 SPCS","PAYLOAD C","2013-037C","EARTH","TEME","UTC","SGP4","2014-07-08T03:33:26.431775","14.93988345","0.00311670","97.6794","204.4762","303.7265","56.0987","0","U","39210","999","5265","0.00010185000000","0.00001037","0.0000000000000","6963.656","96.386","607.224","563.817","PAYLOAD","LARGE","PRC","2013-07-19","TSC","","1710332","96395593","0 PAYLOAD C","1 39210U 13037C   14189.14822259  .00001037  00000-0  10185-3 0  9994","2 39210 097.6794 204.4762 0031167 303.7265 056.0987 14.93988345 52655"
"2.0","GENERATED VIA SPACE-TRACK.ORG API","2014-07-08T06:43:32","18 SPCS","PAYLOAD A","2013-037A","EARTH","TEME","UTC","SGP4","2014-07-08T03:51:08.932320","14.67919047","0.00083440","98.0382","205.9901","342.0586","18.0360","0","U","39208","999","5182","0.00009436400000","0.00000492","0.0000000000000","7045.860","98.098","673.604","661.846","PAYLOAD","LARGE","PRC","2013-07-19","TSC","","1710258","96393760","0 PAYLOAD A","1 39208U 13037A   14189.16052005  .00000492  00000-0  94364-4 0  9993","2 39208 098.0382 205.9901 0008344 342.0586 018.0360 14.67919047 51829"
"2.0","GENERATED VIA SPACE-TRACK.ORG API","2014-07-08T07:26:36","18 SPCS","PAYLOAD B","2013-037B","EARTH","TEME","UTC","SGP4","2014-07-08T04:30:09.146303","14.67543696","0.00037790","98.0373","205.6387","343.7002","16.4092","0","U","39209","999","5179","0.00008856900000","0.00000455","0.0000000000000","7047.061","98.123","671.590","666.263","PAYLOAD","LARGE","PRC","2013-07-19","TSC","","1710331","96395562","0 PAYLOAD B","1 39209U 13037B   14189.18760586  .00000455  00000-0  88569-4 0  9995","2 39209 098.0373 205.6387 0003779 343.7002 016.4092 14.67543696 51796"
"2.0","GENERATED VIA SPACE-TRACK.ORG API","2014-07-08T15:24:35","18 SPCS","PAYLOAD C","2013-037C","EARTH","TEME","UTC","SGP4","2014-07-08T11:35:40.218431","14.93988503","0.00312380","97.6799","204.8044","302.8128","57.0078","0","U","39210","999","5270","0.00008474100000","0.00000853","0.0000000000000","6963.655","96.386","607.273","563.767","PAYLOAD","LARGE","PRC","2013-07-19","TSC","","1710468","96398469","0 PAYLOAD C","1 39210U 13037C   14189.48310438  .00000853  00000-0  84741-4 0  9997","2 39210 097.6799 204.8044 0031238 302.8128 057.0078 14.93988503 52708"
"2.0","GENERATED VIA SPACE-TRACK.ORG API","2014-07-08T14:24:51","18 SPCS","PAYLOAD A","2013-037A","EARTH","TEME","UTC","SGP4","2014-07-08T12:01:55.941887","14.67919902","0.00083050","98.0391","206.3264","341.6593","18.4320","0","U","39208","999","5187","0.00012723000000","0.00000680","0.0000000000000","7045.857","98.097","673.574","661.871","PAYLOAD","LARGE","PRC","2013-07-19","TSC","","1710374","96396229","0 PAYLOAD A","1 39208U 13037A   14189.50134192  .00000680  00000-0  12723-3 0  9996","2 39208 098.0391 206.3264 0008305 341.6593 018.4320 14.67919902 51871"
"2.0","GENERATED VIA SPACE-TRACK.ORG API","2014-07-08T15:23:14","18 SPCS","PAYLOAD B","2013-037B","EARTH","TEME","UTC","SGP4","2014-07-08T12:41:03.740064","14.67543359","0.00038580","98.0374","205.9733","342.2728","17.8344","0","U","39209","999","5184","0.00003627100000","0.00000158","0.0000000000000","7047.063","98.123","671.646","666.209","PAYLOAD","LARGE","PRC","2013-07-19","TSC","","1710466","96398436","0 PAYLOAD B","1 39209U 13037B   14189.52851551  .00000158  00000-0  36271-4 0  9999","2 39209 098.0374 205.9733 0003858 342.2728 017.8344 14.67543359 51849"
"2.0","GENERATED VIA SPACE-TRACK.ORG API","2014-07-08T23:16:39","18 SPCS","PAYLOAD C","2013-037C","EARTH","TEME","UTC","SGP4","2014-07-08T19:37:54.057792","14.93987206","0.00312770","97.6800","205.1318","301.6446","58.1706","0","U","39210","999","5275","0.00004345800000","0.00000409","0.0000000000000","6963.659","96.386","607.304","563.744","PAYLOAD","LARGE","PRC","2013-07-19","TSC","","1710639","96401285","0 PAYLOAD C","1 39210U 13037C   14189.81798678  .00000409  00000-0  43458-4 0  9997","2 39210 097.6800 205.1318 0031277 301.6446 058.1706 14.93987206 52756"
"2.0","GENERATED VIA SPACE-TRACK.ORG API","2014-07-08T22:23:16","18 SPCS","PAYLOAD A","2013-037A","EARTH","TEME","UTC","SGP4","2014-07-08T20:12:42.995520","14.67918222","0.00081620","98.0391","206.6612","340.7679","19.3172","0","U","39208","999","5192","0.00003343100000","0.00000143","0.0000000000000","7045.863","98.098","673.479","661.977","PAYLOAD","LARGE","PRC","2013-07-19","TSC","","1710549","96399295","0 PAYLOAD A","1 39208U 13037A   14189.84216430  .00000143  00000-0  33431-4 0  9993","2 39208 098.0391 206.6612 0008162 340.7679 019.3172 14.67918222 51922"
"2.0","GENERATED VIA SPACE-TRACK.ORG API","2014-07-08T23:16:28","18 SPCS","PAYLOAD B","2013-037B","EARTH","TEME","UTC","SGP4","2014-07-08T20:51:58.399487","14.67543050","0.00038620","98.0372","206.3080","341.0126","19.0950","0","U","39209","999","5189","0.00002382300000","0.00000087","0.0000000000000","7047.064","98.123","671.650","666.207","PAYLOAD","LARGE","PRC","2013-07-19","TSC","","1710638","96401243","0 PAYLOAD B","1 39209U 13037B   14189.86942592  .00000087  00000-0  23823-4 0  9992","2 39209 098.0372 206.3080 0003862 341.0126 019.0950 14.67543050 51891"
"2.0","GENERATED VIA SPACE-TRACK.ORG API","2014-07-09T07:34:35","18 SPCS","PAYLOAD C","2013-037C","EARTH","TEME","UTC","SGP4","2014-07-09T03:40:07.850496","14.93988121","0.00312860","97.6799","205.4598","300.3851","59.4300","0","U","39210","999","5280","0.00005105300000","0.00000491","0.0000000000000","6963.656","96.386","607.308","563.735","PAYLOAD","LARGE","PRC","2013-07-19","TSC","","1710789","96404174","0 PAYLOAD C","1 39210U 13037C   14190.15286864  .00000491  00000-0  51053-4 0  9996","2 39210 097.6799 205.4598 0031286 300.3851 059.4300 14.93988121 52809"
"2.0","GENERATED VIA SPACE-TRACK.ORG API","2014-07-09T06:43:13","18 SPCS","PAYLOAD A","2013-037A","EARTH","TEME","UTC","SGP4","2014-07-09T04:23:30.145055","14.67917967","0.00081550","98.0391","206.9958","339.6311","20.4561","0","U","39208","999","5197","0.00001350200000","0.00000029","0.0000000000000","7045.864","98.098","673.474","661.983","PAYLOAD","LARGE","PRC","2013-07-19","TSC","","1710697","96401982","0 PAYLOAD A","1 39208U 13037A   14190.18298779  .00000029  00000-0  13502-4 0  9998","2 39208 098.0391 206.9958 0008155 339.6311 020.4561 14.67917967 51975"
"2.0","GENERATED VIA SPACE-TRACK.ORG API","2014-07-09T07:34:18","18 SPCS","PAYLOAD B","2013-037B","EARTH","TEME","UTC","SGP4","2014-07-09T05:02:52.893024","14.67545460","0.00039500","98.0373","206.6430","339.0852","21.0204","0","U","39209","999","5194","0.00013319000000","0.00000708","0.0000000000000","7047.056","98.123","671.704","666.137","PAYLOAD","LARGE","PRC","2013-07-19","TSC","","1710788","96404140","0 PAYLOAD B","1 39209U 13037B   14190.21033441  .00000708  00000-0  13319-3 0  9995","2 39209 098.0373 206.6430 0003950 339.0852 021.0204 14.67545460 51943"
"2.0","GENERATED VIA SPACE-TRACK.ORG API","2014-07-09T15:22:42","18 SPCS","PAYLOAD C","2013-037C","EARTH","TEME","UTC","SGP4","2014-07-09T11:42:21.572352","14.93988861","0.00313360","97.6800","205.7877","299.4074","60.4009","0","U","39210","999","5285","0.00006060900000","0.00000594","0.0000000000000","6963.654","96.386","607.340","563.698","PAYLOAD","LARGE","PRC","2013-07-19","TSC","","1710920","96406927","0 PAYLOAD C","1 39210U 13037C   14190.48774968  .00000594  00000-0  60609-4 0  9990","2 39210 097.6800 205.7877 0031336 299.4074 060.4009 14.93988861 52850"
"2.0","GENERATED VIA SPACE-TRACK.ORG API","2014-07-09T14:24:16","18 SPCS","PAYLOAD A","2013-037A","EARTH","TEME","UTC","SGP4","2014-07-09T12:34:17.194368","14.67918765","0.00081880","98.0392","207.3309","338.6325","21.4538","0","U","39208","999","5202","0.00003988800000","0.00000180","0.0000000000000","7045.861","98.098","673.495","661.957","PAYLOAD","LARGE","PRC","2013-07-19","TSC","","1710833","96404810","0 PAYLOAD A","1 39208U 13037A   14190.52381012  .00000180  00000-0  39888-4 0  9992","2 39208 098.0392 207.3309 0008188 338.6325 021.4538 14.67918765 52020"
"2.0","GENERATED VIA SPACE-TRACK.ORG API","2014-07-09T15:21:51","18 SPCS","PAYLOAD B","2013-037B","EARTH","TEME","UTC","SGP4","2014-07-09T13:13:47.394335","14.67546293","0.00039500","98.0382","206.9780","338.2288","21.8737","0","U","39209","999","5199","0.00014430000000","0.00000771","0.0000000000000","7047.053","98.122","671.702","666.135","PAYLOAD","LARGE","PRC","2013-07-19","TSC","","1710919","96406891","0 PAYLOAD B","1 39209U 13037B   14190.55124299  .00000771  00000-0  14430-3 0  9999","2 39209 098.0382 206.9780 0003950 338.2288 021.8737 14.67546293 51997"
"2.0","GENERATED VIA SPACE-TRACK.ORG API","2014-07-09T23:24:19","18 SPCS","PAYLOAD C","2013-037C","EARTH","TEME","UTC","SGP4","2014-07-09T19:44:35.440224","14.93987081","0.00313070","97.6797","206.1146","298.0883","61.7180","0","U","39210","999","5290","0.00000371760000","-0.00000018","0.0000000000000","6963.659","96.386","607.326","563.723","PAYLOAD","LARGE","PRC","2013-07-19","TSC","","1711094","96409782","0 PAYLOAD C","1 39210U 13037C   14190.82263241 -.00000018  00000-0  37176-5 0  9991","2 39210 097.6797 206.1146 0031307 298.0883 061.7180 14.93987081 52903"
"2.0","GENERATED VIA SPACE-TRACK.ORG API","2014-07-09T22:24:04","18 SPCS","PAYLOAD A","2013-037A","EARTH","TEME","UTC","SGP4","2014-07-09T20:45:04.284287","14.67918380","0.00081650","98.0392","207.6654","337.5758","22.5087","0","U","39208","999","5207","0.00001603500000","0.00000044","0.0000000000000","7045.862","98.098","673.480","661.974","PAYLOAD","LARGE","PRC","2013-07-19","TSC","","1710995","96407613","0 PAYLOAD A","1 39208U 13037A   14190.86463292  .00000044  00000-0  16035-4 0  9998","2 39208 098.0392 207.6654 0008165 337.5758 022.5087 14.67918380 52078"
"2.0","GENERATED VIA SPACE-TRACK.ORG API","2014-07-09T23:24:03","18 SPCS","PAYLOAD B","2013-037B","EARTH","TEME","UTC","SGP4","2014-07-09T21:24:42.091775","14.67544653","0.00039460","98.0376","207.3120","336.2939","23.8096","0","U","39209","999","5204","0.00005399000000","0.00000258","0.0000000000000","7047.058","98.123","671.704","666.143","PAYLOAD","LARGE","PRC","2013-07-19","TSC","","1711093","96409750","0 PAYLOAD B","1 39209U 13037B   14190.89215384  .00000258  00000-0  53990-4 0  9997","2 39209 098.0376 207.3120 0003946 336.2939 023.8096 14.67544653 52044"
"2.0","GENERATED VIA SPACE-TRACK.ORG API","2014-07-10T07:37:06","18 SPCS","PAYLOAD C","2013-037C","EARTH","TEME","UTC","SGP4","2014-07-10T03:46:49.185407","14.93989066","0.00313340","97.6793","206.4422","296.8961","62.9084","0","U","39210","999","5295","0.00005567300000","0.00000540","0.0000000000000","6963.653","96.386","607.338","563.698","PAYLOAD","LARGE","PRC","2013-07-19","TSC","","1711284","96412607","0 PAYLOAD C","1 39210U 13037C   14191.15751372  .00000540  00000-0  55673-4 0  9995","2 39210 097.6793 206.4422 0031334 296.8961 062.9084 14.93989066 52958"
"2.0","GENERATED VIA SPACE-TRACK.ORG API","2014-07-10T04:28:33","18 SPCS","PAYLOAD B","2013-037B","EARTH","TEME","UTC","SGP4","2014-07-10T03:57:25.682975","14.67545608","0.00038120","98.0378","207.5794","334.3660","25.7370","0","U","39209","999","5208","0.00008013300000","0.00000407","0.0000000000000","7047.055","98.123","671.607","666.234","PAYLOAD","LARGE","PRC","2013-07-19","TSC","","1711179","96410050","0 PAYLOAD B","1 39209U 13037B   14191.16488059  .00000407  00000-0  80133-4 0  9994","2 39209 098.0378 207.5794 0003812 334.3660 025.7370 14.67545608 52088"
"2.0","GENERATED VIA SPACE-TRACK.ORG API","2014-07-10T06:22:46","18 SPCS","PAYLOAD A","2013-037A","EARTH","TEME","UTC","SGP4","2014-07-10T04:55:51.360383","14.67918623","0.00081560","98.0392","208.0000","336.4825","23.6012","0","U","39208","999","5212","0.00002234200000","0.00000080","0.0000000000000","7045.861","98.098","673.473","661.980","PAYLOAD","LARGE","PRC","2013-07-19","TSC","","1711197","96410474","0 PAYLOAD A","1 39208U 13037A   14191.20545556  .00000080  00000-0  22342-4 0  9999","2 39208 098.0392 208.0000 0008156 336.4825 023.6012 14.67918623 52127"
"2.0","GENERATED VIA SPACE-TRACK.ORG API","2014-07-10T07:16:28","18 SPCS","PAYLOAD B","2013-037B","EARTH","TEME","UTC","SGP4","2014-07-10T05:35:36.572351","14.67546066","0.00038170","98.0377","207.6464","334.4601","25.6420","0","U","39209","999","5209","0.00010210000000","0.00000531","0.0000000000000","7047.054","98.122","671.609","666.229","PAYLOAD","LARGE","PRC","2013-07-19","TSC","","1711257","96411929","0 PAYLOAD B","1 39209U 13037B   14191.23306218  .00000531  00000-0  10210-3 0  9994","2 39209 098.0377 207.6464 0003817 334.4601 025.6420 14.67546066 52098"
"2.0","GENERATED VIA SPACE-TRACK.ORG API","2014-07-10T11:30:36","18 SPCS","PAYLOAD C","2013-037C","EARTH","TEME","UTC","SGP4","2014-07-10T06:59:42.649440","14.93989761","0.00313420","97.6797","206.5736","296.3815","63.4209","0","U","39210","999","5297","0.00006898900000","0.00000684","0.0000000000000","6963.651","96.386","607.342","563.691","PAYLOAD","LARGE","PRC","2013-07-19","TSC","","1711323","96413455","0 PAYLOAD C","1 39210U 13037C   14191.29146585  .00000684  00000-0  68989-4 0  9997","2 39210 097.6797 206.5736 0031342 296.3815 063.4209 14.93989761 52972"
"2.0","GENERATED VIA SPACE-TRACK.ORG API","2014-07-10T11:12:45","18 SPCS","PAYLOAD A","2013-037A","EARTH","TEME","UTC","SGP4","2014-07-10T08:12:10.177344","14.67919519","0.00081120","98.0393","208.1340","336.0560","24.0306","0","U","39208","999","5214","0.00004825400000","0.00000228","0.0000000000000","7045.859","98.098","673.439","662.008","PAYLOAD","LARGE","PRC","2013-07-19","TSC","","1711299","96412905","0 PAYLOAD A","1 39208U 13037A   14191.34178446  .00000228  00000-0  48254-4 0  9998","2 39208 098.0393 208.1340 0008112 336.0560 024.0306 14.67919519 52148"
"2.0","GENERATED VIA SPACE-TRACK.ORG API","2014-07-10T11:30:36","18 SPCS","PAYLOAD B","2013-037B","EARTH","TEME","UTC","SGP4","2014-07-10T10:30:09.295775","14.67547881","0.00039440","98.0377","207.8482","333.7704","26.3337","0","U","39209","999","5212","0.00018006000000","0.00000974","0.0000000000000","7047.048","98.122","671.692","666.134","PAYLOAD","LARGE","PRC","2013-07-19","TSC","","1711323","96413446","0 PAYLOAD B","1 39209U 13037B   14191.43760759  .00000974  00000-0  18006-3 0  9992","2 39209 098.0377 207.8482 0003944 333.7704 026.3337 14.67547881 52122"
"2.0","GENERATED VIA SPACE-TRACK.ORG API","2014-07-10T15:34:08","18 SPCS","PAYLOAD A","2013-037A","EARTH","TEME","UTC","SGP4","2014-07-10T14:44:47.756831","14.67918512","0.00079780","98.0395","208.4020","335.1201","24.9584","0","U","39208","999","5218","0.00000773200000","-0.00000004","0.0000000000000","7045.862","98.098","673.348","662.106","PAYLOAD","LARGE","PRC","2013-07-19","TSC","","1711372","96414167","0 PAYLOAD A","1 39208U 13037A   14191.61444163 -.00000004  00000-0  77320-5 0  9990","2 39208 098.0395 208.4020 0007978 335.1201 024.9584 14.67918512 52182"
"2.0","GENERATED VIA SPACE-TRACK.ORG API","2014-07-10T21:15:23","18 SPCS","PAYLOAD C","2013-037C","EARTH","TEME","UTC","SGP4","2014-07-10T16:38:23.111520","14.93988869","0.00312640","97.6796","206.9663","294.9285","64.8640","0","U","39210","999","5303","0.00003532600000","0.00000322","0.0000000000000","6963.654","96.386","607.290","563.748","PAYLOAD","LARGE","PRC","2013-07-19","TSC","","1711535","96417271","0 PAYLOAD C","1 39210U 13037C   14191.69332305  .00000322  00000-0  35326-4 0  9996","2 39210 097.6796 206.9663 0031264 294.9285 064.8640 14.93988869 53032"
"2.0","GENERATED VIA SPACE-TRACK.ORG API","2014-07-10T20:23:16","18 SPCS","PAYLOAD A","2013-037A","EARTH","TEME","UTC","SGP4","2014-07-10T18:01:06.642911","14.67915031","0.00081430","98.0389","208.5358","334.8499","25.2147","0","U","39208","999","5220","-0.00010272000000","-0.00000636","0.0000000000000","7045.873","98.098","673.475","662.001","PAYLOAD","LARGE","PRC","2013-07-19","TSC","","1711450","96415305","0 PAYLOAD A","1 39208U 13037A   14191.75077133 -.00000636  00000-0 -10272-3 0  9997","2 39208 098.0389 208.5358 0008143 334.8499 025.2147 14.67915031 52205"
"2.0","GENERATED VIA SPACE-TRACK.ORG API","2014-07-10T21:14:02","18 SPCS","PAYLOAD B","2013-037B","EARTH","TEME","UTC","SGP4","2014-07-10T18:41:03.829920","14.67545751","0.00037980","98.0376","208.1827","332.9420","27.1547","0","U","39209","999","5217","0.00006391800000","0.00000315","0.0000000000000","7047.055","98.123","671.596","666.243","PAYLOAD","LARGE","PRC","2013-07-19","TSC","","1711533","96417234","0 PAYLOAD B","1 39209U 13037B   14191.77851655  .00000315  00000-0  63918-4 0  9997","2 39209 098.0376 208.1827 0003798 332.9420 027.1547 14.67545751 52172"
"2.0","GENERATED VIA SPACE-TRACK.ORG API","2014-07-10T23:16:00","18 SPCS","PAYLOAD C","2013-037C","EARTH","TEME","UTC","SGP4","2014-07-10T19:51:16.697375","14.93988732","0.00312990","97.6792","207.0973","294.4070","65.3895","0","U","39210","999","5305","0.00002213700000","0.00000180","0.0000000000000","6963.654","96.386","607.315","563.724","PAYLOAD","LARGE","PRC","2013-07-19","TSC","","1711658","96419948","0 PAYLOAD C","1 39210U 13037C   14191.82727659  .00000180  00000-0  22137-4 0  9999","2 39210 097.6792 207.0973 0031299 294.4070 065.3895 14.93988732 53058"
"2.0","GENERATED VIA SPACE-TRACK.ORG API","2014-07-10T20:59:02","18 SPCS","PAYLOAD B","2013-037B","EARTH","TEME","UTC","SGP4","2014-07-10T20:19:14.805695","14.67545958","0.00037830","98.0377","208.2490","333.1773","26.9235","0","U","39209","999","5218","0.00006929500000","0.00000345","0.0000000000000","7047.054","98.122","671.585","666.253","PAYLOAD","LARGE","PRC","2013-07-19","TSC","","1711503","96416491","0 PAYLOAD B","1 39209U 13037B   14191.84669914  .00000345  00000-0  69295-4 0  9997","2 39209 098.0377 208.2490 0003783 333.1773 026.9235 14.67545958 52189"
"2.0","GENERATED VIA SPACE-TRACK.ORG API","2014-07-10T23:59:23","18 SPCS","PAYLOAD B","2013-037B","EARTH","TEME","UTC","SGP4","2014-07-10T23:35:36.626784","14.67546162","0.00037730","98.0376","208.3827","332.5653","27.5360","0","U","39209","999","5220","0.00006942600000","0.00000346","0.0000000000000","7047.054","98.122","671.577","666.260","PAYLOAD","LARGE","PRC","2013-07-19","TSC","","1711677","96420144","0 PAYLOAD B","1 39209U 13037B   14191.98306281  .00000346  00000-0  69426-4 0  9994","2 39209 098.0376 208.3827 0003773 332.5653 027.5360 14.67546162 52209"
"2.0","GENERATED VIA SPACE-TRACK.ORG API","2014-07-11T07:26:17","18 SPCS","PAYLOAD B","2013-037B","EARTH","TEME","UTC","SGP4","2014-07-11T01:13:47.524799","14.67546173","0.00037740","98.0373","208.4499","332.0711","28.0295","0","U","39209","999","5221","0.00006488600000","0.00000320","0.0000000000000","7047.054","98.122","671.578","666.259","PAYLOAD","LARGE","PRC","2013-07-19","TSC","","1711874","96422440","0 PAYLOAD B","1 39209U 13037B   14192.05124450  .00000320  00000-0  64886-4 0  9996","2 39209 098.0373 208.4499 0003774 332.0711 028.0295 14.67546173 52219"
"2.0","GENERATED VIA SPACE-TRACK.ORG API","2014-07-11T06:21:56","18 SPCS","PAYLOAD A","2013-037A","EARTH","TEME","UTC","SGP4","2014-07-11T02:11:54.090527","14.67912749","0.00081630","98.0389","208.8708","334.1754","25.9000","0","U","39208","999","5225","-0.00018181000000","-0.00001088","0.0000000000000","7045.880","98.098","673.497","661.994","PAYLOAD","LARGE","PRC","2013-07-19","TSC","","1711800","96420624","0 PAYLOAD A","1 39208U 13037A   14192.09159827 -.00001088  00000-0 -18181-3 0  9995","2 39208 098.0389 208.8708 0008163 334.1754 025.9000 14.67912749 52259"
"2.0","GENERATED VIA SPACE-TRACK.ORG API","2014-07-11T07:27:28","18 SPCS","PAYLOAD C","2013-037C","EARTH","TEME","UTC","SGP4","2014-07-11T03:53:30.433919","14.93990676","0.00312670","97.6791","207.4251","293.1559","66.6407","0","U","39210","999","5310","0.00006931900000","0.00000687","0.0000000000000","6963.648","96.386","607.287","563.740","PAYLOAD","LARGE","PRC","2013-07-19","TSC","","1711875","96422474","0 PAYLOAD C","1 39210U 13037C   14192.16215780  .00000687  00000-0  69319-4 0  9999","2 39210 097.6791 207.4251 0031267 293.1559 066.6407 14.93990676 53102"
"2.0","GENERATED VIA SPACE-TRACK.ORG API","2014-07-11T15:40:12","18 SPCS","PAYLOAD B","2013-037B","EARTH","TEME","UTC","SGP4","2014-07-11T09:24:42.050304","14.67546662","0.00037780","98.0373","208.7845","330.5463","29.5534","0","U","39209","999","5226","0.00006951600000","0.00000347","0.0000000000000","7047.052","98.122","671.579","666.255","PAYLOAD","LARGE","PRC","2013-07-19","TSC","","1712024","96425830","0 PAYLOAD B","1 39209U 13037B   14192.39215336  .00000347  00000-0  69516-4 0  9991","2 39209 098.0373 208.7845 0003778 330.5463 029.5534 14.67546662 52268"
"2.0","GENERATED VIA SPACE-TRACK.ORG API","2014-07-11T14:25:07","18 SPCS","PAYLOAD A","2013-037A","EARTH","TEME","UTC","SGP4","2014-07-11T10:22:41.418047","14.67909301","0.00080680","98.0392","209.2055","333.3668","26.7067","0","U","39208","999","5230","-0.00028430000000","-0.00001674","0.0000000000000","7045.891","98.098","673.441","662.072","PAYLOAD","LARGE","PRC","2013-07-19","TSC","","1711908","96423137","0 PAYLOAD A","1 39208U 13037A   14192.43242382 -.00001674  00000-0 -28430-3 0  9991","2 39208 098.0392 209.2055 0008068 333.3668 026.7067 14.67909301 52300"
"2.0","GENERATED VIA SPACE-TRACK.ORG API","2014-07-11T15:41:30","18 SPCS","PAYLOAD C","2013-037C","EARTH","TEME","UTC","SGP4","2014-07-11T11:55:44.095296","14.93991535","0.00312780","97.6791","207.7528","292.0870","67.7029","0","U","39210","999","5315","0.00007823500000","0.00000783","0.0000000000000","6963.646","96.386","607.292","563.730","PAYLOAD","LARGE","PRC","2013-07-19","TSC","","1712026","96425874","0 PAYLOAD C","1 39210U 13037C   14192.49703814  .00000783  00000-0  78235-4 0  9999","2 39210 097.6791 207.7528 0031278 292.0870 067.7029 14.93991535 53150"
"2.0","GENERATED VIA SPACE-TRACK.ORG API","2014-07-11T14:45:27","18 SPCS","PAYLOAD A","2013-037A","EARTH","TEME","UTC","SGP4","2014-07-11T13:39:00.412992","14.67865402","0.00080930","98.0379","209.3397","332.9111","27.0979","0","U","39208","999","5232","-0.00443980000000","-0.00025323","0.0000000000000","7046.032","98.101","673.599","662.194","PAYLOAD","LARGE","PRC","2013-07-19","TSC","","1711939","96423827","0 PAYLOAD A","1 39208U 13037A   14192.56875478 -.00025323  00000-0 -44398-2 0  9990","2 39208 098.0379 209.3397 0008093 332.9111 027.0979 14.67865402 52322"
"2.0","GENERATED VIA SPACE-TRACK.ORG API","2014-07-11T22:20:11","18 SPCS","PAYLOAD A","2013-037A","EARTH","TEME","UTC","SGP4","2014-07-11T16:55:20.828352","14.67890646","0.00077850","98.0390","209.4737","330.4543","29.6581","0","U","39208","999","5234","-0.00095135000000","-0.00005483","0.0000000000000","7045.951","98.099","673.301","662.331","PAYLOAD","LARGE","PRC","2013-07-19","TSC","","1712144","96426514","0 PAYLOAD A","1 39208U 13037A   14192.70510218 -.00005483  00000-0 -95135-3 0  9995","2 39208 098.0390 209.4737 0007785 330.4543 029.6581 14.67890646 52340"
"2.0","GENERATED VIA SPACE-TRACK.ORG API","2014-07-11T18:19:56","18 SPCS","PAYLOAD B","2013-037B","EARTH","TEME","UTC","SGP4","2014-07-11T17:35:36.581855","14.67546399","0.00036710","98.0373","209.1188","329.9073","30.1897","0","U","39209","999","5231","0.00005201700000","0.00000247","0.0000000000000","7047.053","98.122","671.505","666.331","PAYLOAD","LARGE","PRC","2013-07-19","TSC","","1712078","96426150","0 PAYLOAD B","1 39209U 13037B   14192.73306229  .00000247  00000-0  52017-4 0  9998","2 39209 098.0373 209.1188 0003671 329.9073 030.1897 14.67546399 52317"
"2.0","GENERATED VIA SPACE-TRACK.ORG API","2014-07-11T20:07:23","18 SPCS","PAYLOAD B","2013-037B","EARTH","TEME","UTC","SGP4","2014-07-11T19:13:47.529983","14.67546760","0.00036260","98.0371","209.1855","329.9224","30.1780","0","U","39209","999","5232","0.00006568700000","0.00000325","0.0000000000000","7047.052","98.122","671.472","666.361","PAYLOAD","LARGE","PRC","2013-07-19","TSC","","1712109","96426182","0 PAYLOAD B","1 39209U 13037B   14192.80124456  .00000325  00000-0  65687-4 0  9990","2 39209 098.0371 209.1855 0003626 329.9224 030.1780 14.67546760 52328"
"2.0","GENERATED VIA SPACE-TRACK.ORG API","2014-07-11T23:01:52","18 SPCS","PAYLOAD C","2013-037C","EARTH","TEME","UTC","SGP4","2014-07-11T19:57:57.895776","14.93990332","0.00312350","97.6784","208.0794","290.6216","69.1672","0","U","39210","999","5320","0.00003123200000","0.00000278","0.0000000000000","6963.649","96.386","607.265","563.763","PAYLOAD","LARGE","PRC","2013-07-19","TSC","","1712209","96428030","0 PAYLOAD C","1 39210U 13037C   14192.83192009  .00000278  00000-0  31232-4 0  9990","2 39210 097.6784 208.0794 0031235 290.6216 069.1672 14.93990332 53202"
"2.0","GENERATED VIA SPACE-TRACK.ORG API","2014-07-11T22:20:34","18 SPCS","PAYLOAD B","2013-037B","EARTH","TEME","UTC","SGP4","2014-07-11T20:51:58.423679","14.67546857","0.00035950","98.0370","209.2525","329.5089","30.5916","0","U","39209","999","5233","0.00005842000000","0.00000284","0.0000000000000","7047.051","98.122","671.450","666.383","PAYLOAD","LARGE","PRC","2013-07-19","TSC","","1712146","96426558","0 PAYLOAD B","1 39209U 13037B   14192.86942620  .00000284  00000-0  58420-4 0  9998","2 39209 098.0370 209.2525 0003595 329.5089 030.5916 14.67546857 52335"
"2.0","GENERATED VIA SPACE-TRACK.ORG API","2014-07-12T00:46:01","18 SPCS","PAYLOAD B","2013-037B","EARTH","TEME","UTC","SGP4","2014-07-12T00:08:20.222303","14.67548120","0.00035090","98.0368","209.3866","327.8997","32.2040","0","U","39209","999","5235","0.00011127000000","0.00000583","0.0000000000000","7047.047","98.122","671.385","666.440","PAYLOAD","LARGE","PRC","2013-07-19","TSC","","1712270","96428213","0 PAYLOAD B","1 39209U 13037B   14193.00578961  .00000583  00000-0  11127-3 0  9992","2 39209 098.0368 209.3866 0003509 327.8997 032.2040 14.67548120 52359"
"2.0","GENERATED VIA SPACE-TRACK.ORG API","2014-07-12T06:26:46","18 SPCS","PAYLOAD A","2013-037A","EARTH","TEME","UTC","SGP4","2014-07-12T02:44:17.521152","14.67879907","0.00077120","98.0388","209.8751","329.6878","30.3693","0","U","39208","999","5240","-0.00118900000000","-0.00006838","0.0000000000000","7045.985","98.100","673.284","662.417","PAYLOAD","LARGE","PRC","2013-07-19","TSC","","1712351","96428782","0 PAYLOAD A","1 39208U 13037A   14193.11409168 -.00006838  00000-0 -11890-2 0  9992","2 39208 098.0388 209.8751 0007712 329.6878 030.3693 14.67879907 52405"
"2.0","GENERATED VIA SPACE-TRACK.ORG API","2014-07-12T07:30:59","18 SPCS","PAYLOAD B","2013-037B","EARTH","TEME","UTC","SGP4","2014-07-12T03:24:41.951808","14.67549345","0.00035040","98.0367","209.5206","327.4891","32.6117","0","U","39209","999","5237","0.00017477000000","0.00000944","0.0000000000000","7047.043","98.122","671.378","666.439","PAYLOAD","LARGE","PRC","2013-07-19","TSC","","1712450","96431116","0 PAYLOAD B","1 39209U 13037B   14193.14215222  .00000944  00000-0  17477-3 0  9990","2 39209 098.0367 209.5206 0003504 327.4891 032.6117 14.67549345 52373"
"2.0","GENERATED VIA SPACE-TRACK.ORG API","2014-07-12T07:34:54","18 SPCS","PAYLOAD C","2013-037C","EARTH","TEME","UTC","SGP4","2014-07-12T04:00:11.600351","14.93991622","0.00312210","97.6783","208.4070","289.5121","70.2747","0","U","39210","999","5325","0.00005567200000","0.00000540","0.0000000000000","6963.645","96.386","607.252","563.769","PAYLOAD","LARGE","PRC","2013-07-19","TSC","","1712452","96431169","0 PAYLOAD C","1 39210U 13037C   14193.16680093  .00000540  00000-0  55672-4 0  9998","2 39210 097.6783 208.4070 0031221 289.5121 070.2747 14.93991622 53253"
"2.0","GENERATED VIA SPACE-TRACK.ORG API","2014-07-12T14:26:10","18 SPCS","PAYLOAD A","2013-037A","EARTH","TEME","UTC","SGP4","2014-07-12T09:16:56.495135","14.67868587","0.00081130","98.0388","210.1426","330.8169","29.2503","0","U","39208","999","5244","-0.00149470000000","-0.00008580","0.0000000000000","7046.022","98.101","673.603","662.170","PAYLOAD","LARGE","PRC","2013-07-19","TSC","","1712495","96431846","0 PAYLOAD A","1 39208U 13037A   14193.38676499 -.00008580  00000-0 -14947-2 0  9996","2 39208 098.0388 210.1426 0008113 330.8169 029.2503 14.67868587 52445"
"2.0","GENERATED VIA SPACE-TRACK.ORG API","2014-07-12T15:25:43","18 SPCS","PAYLOAD B","2013-037B","EARTH","TEME","UTC","SGP4","2014-07-12T09:57:25.516223","14.67550230","0.00035280","98.0370","209.7894","326.7431","33.3562","0","U","39209","999","5241","0.00019665000000","0.00001068","0.0000000000000","7047.041","98.122","671.392","666.419","PAYLOAD","LARGE","PRC","2013-07-19","TSC","","1712591","96434069","0 PAYLOAD B","1 39209U 13037B   14193.41487866  .00001068  00000-0  19665-3 0  9994","2 39209 098.0370 209.7894 0003528 326.7431 033.3562 14.67550230 52412"
"2.0","GENERATED VIA SPACE-TRACK.ORG API","2014-07-12T11:47:37","18 SPCS","PAYLOAD C","2013-037C","EARTH","TEME","UTC","SGP4","2014-07-12T10:25:58.500767","14.93993855","0.00311660","97.6786","208.6698","288.6527","71.1319","0","U","39210","999","5329","0.00010557000000","0.00001077","0.0000000000000","6963.638","96.385","607.206","563.801","PAYLOAD","LARGE","PRC","2013-07-19","TSC","","1712460","96431349","0 PAYLOAD C","1 39210U 13037C   14193.43470487  .00001077  00000-0  10557-3 0  9990","2 39210 097.6786 208.6698 0031166 288.6527 071.1319 14.93993855 53291"
"2.0","GENERATED VIA SPACE-TRACK.ORG API","2014-07-12T22:20:07","18 SPCS","PAYLOAD A","2013-037A","EARTH","TEME","UTC","SGP4","2014-07-12T17:27:45.023615","14.67852743","0.00078110","98.0381","210.4770","329.0775","30.9921","0","U","39208","999","5249","-0.00200240000000","-0.00011468","0.0000000000000","7046.072","98.102","673.441","662.434","PAYLOAD","LARGE","PRC","2013-07-19","TSC","","1712681","96434897","0 PAYLOAD A","1 39208U 13037A   14193.72760444 -.00011468  00000-0 -20024-2 0  9990","2 39208 098.0381 210.4770 0007811 329.0775 030.9921 14.67852743 52495"
"2.0","GENERATED VIA SPACE-TRACK.ORG API","2014-07-12T23:10:43","18 SPCS","PAYLOAD B","2013-037B","EARTH","TEME","UTC","SGP4","2014-07-12T18:08:20.051231","14.67548893","0.00033690","98.0367","210.1236","325.3071","34.7908","0","U","39209","999","5246","0.00010877000000","0.00000569","0.0000000000000","7047.045","98.122","671.284","666.536","PAYLOAD","LARGE","PRC","2013-07-19","TSC","","1712761","96436710","0 PAYLOAD B","1 39209U 13037B   14193.75578763  .00000569  00000-0  10877-3 0  9999","2 39209 098.0367 210.1236 0003369 325.3071 034.7908 14.67548893 52468"
"2.0","GENERATED VIA SPACE-TRACK.ORG API","2014-07-12T23:11:00","18 SPCS","PAYLOAD C","2013-037C","EARTH","TEME","UTC","SGP4","2014-07-12T18:28:12.233856","14.93992369","0.00310640","97.6782","208.9967","287.2002","72.5802","0","U","39210","999","5334","0.00005501200000","0.00000533","0.0000000000000","6963.643","96.386","607.140","563.876","PAYLOAD","LARGE","PRC","2013-07-19","TSC","","1712762","96436740","0 PAYLOAD C","1 39210U 13037C   14193.76958604  .00000533  00000-0  55012-4 0  9990","2 39210 097.6782 208.9967 0031064 287.2002 072.5802 14.93992369 53346"
"2.0","GENERATED VIA SPACE-TRACK.ORG API","2014-07-13T06:51:29","18 SPCS","PAYLOAD B","2013-037B","EARTH","TEME","UTC","SGP4","2014-07-13T02:19:14.517119","14.67551045","0.00033660","98.0362","210.4586","324.5897","35.5093","0","U","39209","999","5251","0.00020790000000","0.00001132","0.0000000000000","7047.038","98.122","671.275","666.531","PAYLOAD","LARGE","PRC","2013-07-19","TSC","","1712868","96438379","0 PAYLOAD B","1 39209U 13037B   14194.09669580  .00001132  00000-0  20790-3 0  9997","2 39209 098.0362 210.4586 0003366 324.5897 035.5093 14.67551045 52511"
"2.0","GENERATED VIA SPACE-TRACK.ORG API","2014-07-13T06:52:33","18 SPCS","PAYLOAD C","2013-037C","EARTH","TEME","UTC","SGP4","2014-07-13T02:30:25.971264","14.93992850","0.00310720","97.6778","209.3240","285.9295","73.8524","0","U","39210","999","5339","0.00004787300000","0.00000457","0.0000000000000","6963.642","96.386","607.144","563.869","PAYLOAD","LARGE","PRC","2013-07-19","TSC","","1712869","96438405","0 PAYLOAD C","1 39210U 13037C   14194.10446726  .00000457  00000-0  47873-4 0  9997","2 39210 097.6778 209.3240 0031072 285.9295 073.8524 14.93992850 53393"
"2.0","GENERATED VIA SPACE-TRACK.ORG API","2014-07-13T15:21:42","18 SPCS","PAYLOAD C","2013-037C","EARTH","TEME","UTC","SGP4","2014-07-13T08:56:12.883776","14.93994922","0.00310000","97.6780","209.5867","285.0664","74.7155","0","U","39210","999","5343","0.00009326600000","0.00000945","0.0000000000000","6963.635","96.385","607.087","563.913","PAYLOAD","LARGE","PRC","2013-07-19","TSC","","1713009","96441055","0 PAYLOAD C","1 39210U 13037C   14194.37237134  .00000945  00000-0  93266-4 0  9996","2 39210 097.6780 209.5867 0031000 285.0664 074.7155 14.93994922 53432"
"2.0","GENERATED VIA SPACE-TRACK.ORG API","2014-07-13T15:20:35","18 SPCS","PAYLOAD B","2013-037B","EARTH","TEME","UTC","SGP4","2014-07-13T10:30:09.010655","14.67550950","0.00034030","98.0365","210.7938","324.4867","35.6120","0","U","39209","999","5256","0.00015507000000","0.00000832","0.0000000000000","7047.038","98.122","671.301","666.505","PAYLOAD","LARGE","PRC","2013-07-19","TSC","","1713008","96441020","0 PAYLOAD B","1 39209U 13037B   14194.43760429  .00000832  00000-0  15507-3 0  9995","2 39209 098.0365 210.7938 0003403 324.4867 035.6120 14.67550950 52567"
"2.0","GENERATED VIA SPACE-TRACK.ORG API","2014-07-13T14:21:50","18 SPCS","PAYLOAD A","2013-037A","EARTH","TEME","UTC","SGP4","2014-07-13T13:05:40.276320","14.67864402","0.00083020","98.0390","211.2832","331.9897","28.0801","0","U","39208","999","5261","-0.00094581000000","-0.00005449","0.0000000000000","7046.035","98.101","673.750","662.050","PAYLOAD","LARGE","PRC","2013-07-19","TSC","","1712906","96438911","0 PAYLOAD A","1 39208U 13037A   14194.54560505 -.00005449  00000-0 -94581-3 0  9999","2 39208 098.0390 211.2832 0008302 331.9897 028.0801 14.67864402 52610"
"2.0","GENERATED VIA SPACE-TRACK.ORG API","2014-07-13T14:23:30","18 SPCS","PAYLOAD A","2013-037A","EARTH","TEME","UTC","SGP4","2014-07-13T13:05:41.699327","14.67859444","0.00079340","98.0376","211.2811","325.1706","34.9849","0","U","39208","999","5261","-0.00094581000000","-0.00005448","0.0000000000000","7046.051","98.102","673.506","662.326","PAYLOAD","LARGE","PRC","2013-07-19","TSC","","1712908","96438945","0 PAYLOAD A","1 39208U 13037A   14194.54562152 -.00005448  00000-0 -94581-3 0  9998","2 39208 098.0376 211.2811 0007934 325.1706 034.9849 14.67859444 52613"
"2.0","GENERATED VIA SPACE-TRACK.ORG API","2014-07-13T23:57:29","18 SPCS","PAYLOAD C","2013-037C","EARTH","TEME","UTC","SGP4","2014-07-13T18:34:53.289695","14.93994010","0.00308820","97.6779","209.9800","283.4603","76.3152","0","U","39210","999","5349","0.00005924600000","0.00000579","0.0000000000000","6963.638","96.385","607.008","563.998","PAYLOAD","LARGE","PRC","2013-07-19","TSC","","1713235","96444912","0 PAYLOAD C","1 39210U 13037C   14194.77422789  .00000579  00000-0  59246-4 0  9995","2 39210 097.6779 209.9800 0030882 283.4603 076.3152 14.93994010 53492"
"2.0","GENERATED VIA SPACE-TRACK.ORG API","2014-07-13T23:56:18","18 SPCS","PAYLOAD B","2013-037B","EARTH","TEME","UTC","SGP4","2014-07-13T18:41:03.583679","14.67548663","0.00032670","98.0362","211.1279","321.6320","38.4657","0","U","39209","999","5261","0.00003268700000","0.00000138","0.0000000000000","7047.046","98.122","671.213","666.608","PAYLOAD","LARGE","PRC","2013-07-19","TSC","","1713233","96444859","0 PAYLOAD B","1 39209U 13037B   14194.77851370  .00000138  00000-0  32687-4 0  9996","2 39209 098.0362 211.1279 0003267 321.6320 038.4657 14.67548663 52618"
"2.0","GENERATED VIA SPACE-TRACK.ORG API","2014-07-13T22:31:57","18 SPCS","PAYLOAD A","2013-037A","EARTH","TEME","UTC","SGP4","2014-07-13T21:16:28.409087","14.67865104","0.00079960","98.0367","211.6161","325.3573","34.7206","0","U","39208","999","5266","-0.00043397000000","-0.00002527","0.0000000000000","7046.033","98.101","673.532","662.264","PAYLOAD","LARGE","PRC","2013-07-19","TSC","","1713096","96441976","0 PAYLOAD A","1 39208U 13037A   14194.88643992 -.00002527  00000-0 -43397-3 0  9991","2 39208 098.0367 211.6161 0007996 325.3573 034.7206 14.67865104 52667"
"2.0","GENERATED VIA SPACE-TRACK.ORG API","2014-07-14T07:28:19","18 SPCS","PAYLOAD C","2013-037C","EARTH","TEME","UTC","SGP4","2014-07-14T02:37:07.013280","14.93994847","0.00308880","97.6775","210.3068","282.1285","77.6505","0","U","39210","999","5354","0.00006275100000","0.00000617","0.0000000000000","6963.635","96.385","607.010","563.991","PAYLOAD","LARGE","PRC","2013-07-19","TSC","","1713448","96448132","0 PAYLOAD C","1 39210U 13037C   14195.10910895  .00000617  00000-0  62751-4 0  9991","2 39210 097.6775 210.3068 0030888 282.1285 077.6505 14.93994847 53548"
"2.0","GENERATED VIA SPACE-TRACK.ORG API","2014-07-14T07:27:19","18 SPCS","PAYLOAD B","2013-037B","EARTH","TEME","UTC","SGP4","2014-07-14T02:51:58.053888","14.67548930","0.00032560","98.0363","211.4626","320.7975","39.2995","0","U","39209","999","5266","0.00001826900000","0.00000056","0.0000000000000","7047.045","98.122","671.204","666.615","PAYLOAD","LARGE","PRC","2013-07-19","TSC","","1713446","96448086","0 PAYLOAD B","1 39209U 13037B   14195.11942192  .00000056  00000-0  18269-4 0  9997","2 39209 098.0363 211.4626 0003256 320.7975 039.2995 14.67548930 52668"
"2.0","GENERATED VIA SPACE-TRACK.ORG API","2014-07-14T06:24:33","18 SPCS","PAYLOAD A","2013-037A","EARTH","TEME","UTC","SGP4","2014-07-14T05:27:16.309439","14.67870565","0.00077960","98.0367","211.9509","322.8430","37.2354","0","U","39208","999","5271","-0.00002942000000","-0.00000216","0.0000000000000","7046.015","98.101","673.373","662.387","PAYLOAD","LARGE","PRC","2013-07-19","TSC","","1713351","96445760","0 PAYLOAD A","1 39208U 13037A   14195.22727210 -.00000216  00000-0 -29420-4 0  9991","2 39208 098.0367 211.9509 0007796 322.8430 037.2354 14.67870565 52713"
"2.0","GENERATED VIA SPACE-TRACK.ORG API","2014-07-14T15:21:15","18 SPCS","PAYLOAD C","2013-037C","EARTH","TEME","UTC","SGP4","2014-07-14T09:02:53.888640","14.93996921","0.00308860","97.6776","210.5694","281.4265","78.3506","0","U","39210","999","5358","0.00010695000000","0.00001092","0.0000000000000","6963.629","96.385","607.002","563.986","PAYLOAD","LARGE","PRC","2013-07-19","TSC","","1713680","96450839","0 PAYLOAD C","1 39210U 13037C   14195.37701260  .00001092  00000-0  10695-3 0  9991","2 39210 097.6776 210.5694 0030886 281.4265 078.3506 14.93996921 53582"
"2.0","GENERATED VIA SPACE-TRACK.ORG API","2014-07-14T15:19:58","18 SPCS","PAYLOAD B","2013-037B","EARTH","TEME","UTC","SGP4","2014-07-14T11:02:52.568160","14.67549388","0.00032840","98.0364","211.7974","319.9612","40.1372","0","U","39209","999","5271","0.00003421400000","0.00000146","0.0000000000000","7047.043","98.122","671.223","666.594","PAYLOAD","LARGE","PRC","2013-07-19","TSC","","1713678","96450807","0 PAYLOAD B","1 39209U 13037B   14195.46033065  .00000146  00000-0  34214-4 0  9993","2 39209 098.0364 211.7974 0003284 319.9612 040.1372 14.67549388 52711"
"2.0","GENERATED VIA SPACE-TRACK.ORG API","2014-07-14T14:29:50","18 SPCS","PAYLOAD A","2013-037A","EARTH","TEME","UTC","SGP4","2014-07-14T13:38:04.035263","14.67873077","0.00077550","98.0371","212.2864","321.8136","38.2510","0","U","39208","999","5276","0.00010849000000","0.00000572","0.0000000000000","7046.007","98.101","673.336","662.408","PAYLOAD","LARGE","PRC","2013-07-19","TSC","","1713597","96448947","0 PAYLOAD A","1 39208U 13037A   14195.56810226  .00000572  00000-0  10849-3 0  9995","2 39208 098.0371 212.2864 0007755 321.8136 038.2510 14.67873077 52764"
"2.0","GENERATED VIA SPACE-TRACK.ORG API","2014-07-14T23:12:00","18 SPCS","PAYLOAD C","2013-037C","EARTH","TEME","UTC","SGP4","2014-07-14T18:41:34.307519","14.93994905","0.00308260","97.6777","210.9623","279.9969","79.7734","0","U","39210","999","5364","0.00003987000000","0.00000370","0.0000000000000","6963.635","96.385","606.966","564.034","PAYLOAD","LARGE","PRC","2013-07-19","TSC","","1713823","96453256","0 PAYLOAD C","1 39210U 13037C   14195.77886930  .00000370  00000-0  39870-4 0  9998","2 39210 097.6777 210.9623 0030826 279.9969 079.7734 14.93994905 53641"
"2.0","GENERATED VIA SPACE-TRACK.ORG API","2014-07-14T23:11:06","18 SPCS","PAYLOAD B","2013-037B","EARTH","TEME","UTC","SGP4","2014-07-14T19:13:47.084159","14.67549932","0.00032420","98.0363","212.1320","317.4349","42.6639","0","U","39209","999","5276","0.00009478800000","0.00000490","0.0000000000000","7047.042","98.122","671.191","666.622","PAYLOAD","LARGE","PRC","2013-07-19","TSC","","1713822","96453219","0 PAYLOAD B","1 39209U 13037B   14195.80123940  .00000490  00000-0  94788-4 0  9997","2 39209 098.0363 212.1320 0003242 317.4349 042.6639 14.67549932 52767"
"2.0","GENERATED VIA SPACE-TRACK.ORG API","2014-07-14T22:21:35","18 SPCS","PAYLOAD A","2013-037A","EARTH","TEME","UTC","SGP4","2014-07-14T20:10:42.504672","14.67872151","0.00076530","98.0370","212.5540","320.5500","39.5137","0","U","39208","999","5280","0.00008594900000","0.00000443","0.0000000000000","7046.010","98.101","673.268","662.483","PAYLOAD","LARGE","PRC","2013-07-19","TSC","","1713745","96451414","0 PAYLOAD A","1 39208U 13037A   14195.84076973  .00000443  00000-0  85949-4 0  9990","2 39208 098.0370 212.5540 0007653 320.5500 039.5137 14.67872151 52801"
"2.0","GENERATED VIA SPACE-TRACK.ORG API","2014-07-15T07:30:52","18 SPCS","PAYLOAD C","2013-037C","EARTH","TEME","UTC","SGP4","2014-07-15T02:43:48.018144","14.93996617","0.00308340","97.6777","211.2899","278.8451","80.9300","0","U","39210","999","5369","0.00007370700000","0.00000734","0.0000000000000","6963.630","96.385","606.967","564.023","PAYLOAD","LARGE","PRC","2013-07-19","TSC","","1714026","96456400","0 PAYLOAD C","1 39210U 13037C   14196.11375021  .00000734  00000-0  73707-4 0  9992","2 39210 097.6777 211.2899 0030834 278.8451 080.9300 14.93996617 53693"
"2.0","GENERATED VIA SPACE-TRACK.ORG API","2014-07-15T07:29:35","18 SPCS","PAYLOAD B","2013-037B","EARTH","TEME","UTC","SGP4","2014-07-15T03:24:41.490432","14.67551153","0.00032870","98.0364","212.4664","316.8425","43.2533","0","U","39209","999","5281","0.00013466000000","0.00000716","0.0000000000000","7047.038","98.122","671.219","666.586","PAYLOAD","LARGE","PRC","2013-07-19","TSC","","1714025","96456361","0 PAYLOAD B","1 39209U 13037B   14196.14214688  .00000716  00000-0  13466-3 0  9999","2 39209 098.0364 212.4664 0003287 316.8425 043.2533 14.67551153 52813"
"2.0","GENERATED VIA SPACE-TRACK.ORG API","2014-07-15T06:26:22","18 SPCS","PAYLOAD A","2013-037A","EARTH","TEME","UTC","SGP4","2014-07-15T04:21:30.515616","14.67872569","0.00076620","98.0369","212.8886","319.4275","40.6353","0","U","39208","999","5285","0.00009202500000","0.00000478","0.0000000000000","7046.009","98.101","673.273","662.475","PAYLOAD","LARGE","PRC","2013-07-19","TSC","","1713927","96453987","0 PAYLOAD A","1 39208U 13037A   14196.18160319  .00000478  00000-0  92025-4 0  9997","2 39208 098.0369 212.8886 0007662 319.4275 040.6353 14.67872569 52852"
"2.0","GENERATED VIA SPACE-TRACK.ORG API","2014-07-15T15:30:02","18 SPCS","PAYLOAD C","2013-037C","EARTH","TEME","UTC","SGP4","2014-07-15T09:09:34.883135","14.93998307","0.00308590","97.6779","211.5521","278.1454","81.6281","0","U","39210","999","5373","0.00010485000000","0.00001069","0.0000000000000","6963.625","96.385","606.979","564.001","PAYLOAD","LARGE","PRC","2013-07-19","TSC","","1714188","96459668","0 PAYLOAD C","1 39210U 13037C   14196.38165374  .00001069  00000-0  10485-3 0  9994","2 39210 097.6779 211.5521 0030859 278.1454 081.6281 14.93998307 53732"
"2.0","GENERATED VIA SPACE-TRACK.ORG API","2014-07-15T15:28:26","18 SPCS","PAYLOAD B","2013-037B","EARTH","TEME","UTC","SGP4","2014-07-15T09:57:25.074720","14.67551143","0.00033600","98.0368","212.7347","317.5366","42.5588","0","U","39209","999","5285","0.00010424000000","0.00000544","0.0000000000000","7047.038","98.122","671.270","666.535","PAYLOAD","LARGE","PRC","2013-07-19","TSC","","1714182","96459505","0 PAYLOAD B","1 39209U 13037B   14196.41487355  .00000544  00000-0  10424-3 0  9992","2 39209 098.0368 212.7347 0003360 317.5366 042.5588 14.67551143 52857"
"2.0","GENERATED VIA SPACE-TRACK.ORG API","2014-07-15T14:23:23","18 SPCS","PAYLOAD A","2013-037A","EARTH","TEME","UTC","SGP4","2014-07-15T12:32:18.568895","14.67872009","0.00076710","98.0372","213.2237","318.9842","41.0789","0","U","39208","999","5290","0.00003443200000","0.00000149","0.0000000000000","7046.011","98.101","673.281","662.471","PAYLOAD","LARGE","PRC","2013-07-19","TSC","","1714084","96457289","0 PAYLOAD A","1 39208U 13037A   14196.52243714  .00000149  00000-0  34432-4 0  9999","2 39208 098.0372 213.2237 0007671 318.9842 041.0789 14.67872009 52908"
"2.0","GENERATED VIA SPACE-TRACK.ORG API","2014-07-15T22:59:31","18 SPCS","PAYLOAD B","2013-037B","EARTH","TEME","UTC","SGP4","2014-07-15T18:08:19.582944","14.67549985","0.00032000","98.0367","213.0688","314.1690","45.9263","0","U","39209","999","5290","0.00003735200000","0.00000164","0.0000000000000","7047.041","98.122","671.161","666.651","PAYLOAD","LARGE","PRC","2013-07-19","TSC","","1714314","96461502","0 PAYLOAD B","1 39209U 13037B   14196.75578221  .00000164  00000-0  37352-4 0  9990","2 39209 098.0367 213.0688 0003200 314.1690 045.9263 14.67549985 52908"
"2.0","GENERATED VIA SPACE-TRACK.ORG API","2014-07-15T22:59:49","18 SPCS","PAYLOAD C","2013-037C","EARTH","TEME","UTC","SGP4","2014-07-15T18:48:15.272640","14.93996423","0.00307820","97.6778","211.9441","276.4719","83.2972","0","U","39210","999","5379","0.00003657900000","0.00000335","0.0000000000000","6963.630","96.385","606.931","564.060","PAYLOAD","LARGE","PRC","2013-07-19","TSC","","1714315","96461535","0 PAYLOAD C","1 39210U 13037C   14196.78351010  .00000335  00000-0  36579-4 0  9990","2 39210 097.6778 211.9441 0030782 276.4719 083.2972 14.93996423 53794"
"2.0","GENERATED VIA SPACE-TRACK.ORG API","2014-07-15T22:17:55","18 SPCS","PAYLOAD A","2013-037A","EARTH","TEME","UTC","SGP4","2014-07-15T20:43:06.664512","14.67870554","0.00076110","98.0373","213.5581","317.4798","42.5828","0","U","39208","999","5295","-0.00003122600000","-0.00000227","0.0000000000000","7046.015","98.101","673.243","662.518","PAYLOAD","LARGE","PRC","2013-07-19","TSC","","1714242","96460081","0 PAYLOAD A","1 39208U 13037A   14196.86327158 -.00000227  00000-0 -31226-4 0  9998","2 39208 098.0373 213.5581 0007611 317.4798 042.5828 14.67870554 52950"
"2.0","GENERATED VIA SPACE-TRACK.ORG API","2014-07-16T07:55:49","18 SPCS","PAYLOAD C","2013-037C","EARTH","TEME","UTC","SGP4","2014-07-16T01:14:02.198112","14.93998630","0.00307880","97.6777","212.2063","275.6069","84.1664","0","U","39210","999","5383","0.00008957100000","0.00000905","0.0000000000000","6963.624","96.385","606.928","564.049","PAYLOAD","LARGE","PRC","2013-07-19","TSC","","1714557","96464977","0 PAYLOAD C","1 39210U 13037C   14197.05141433  .00000905  00000-0  89571-4 0  9990","2 39210 097.6777 212.2063 0030788 275.6069 084.1664 14.93998630 53837"
"2.0","GENERATED VIA SPACE-TRACK.ORG API","2014-07-16T07:54:14","18 SPCS","PAYLOAD B","2013-037B","EARTH","TEME","UTC","SGP4","2014-07-16T02:19:14.003039","14.67552253","0.00031710","98.0366","213.4038","312.2519","47.8453","0","U","39209","999","5295","0.00014553000000","0.00000778","0.0000000000000","7047.034","98.122","671.134","666.664","PAYLOAD","LARGE","PRC","2013-07-19","TSC","","1714555","96464929","0 PAYLOAD B","1 39209U 13037B   14197.09668985  .00000778  00000-0  14553-3 0  9993","2 39209 098.0366 213.4038 0003171 312.2519 047.8453 14.67552253 52955"
"2.0","GENERATED VIA SPACE-TRACK.ORG API","2014-07-16T06:26:53","18 SPCS","PAYLOAD A","2013-037A","EARTH","TEME","UTC","SGP4","2014-07-16T04:53:54.681504","14.67871131","0.00076230","98.0372","213.8932","316.4697","43.5917","0","U","39208","999","5300","0.00000570020000","-0.00000016","0.0000000000000","7046.013","98.101","673.250","662.507","PAYLOAD","LARGE","PRC","2013-07-19","TSC","","1714445","96462346","0 PAYLOAD A","1 39208U 13037A   14197.20410511 -.00000016  00000-0  57002-5 0  9999","2 39208 098.0372 213.8932 0007623 316.4697 043.5917 14.67871131 53001"
"2.0","GENERATED VIA SPACE-TRACK.ORG API","2014-07-16T11:29:26","18 SPCS","PAYLOAD B","2013-037B","EARTH","TEME","UTC","SGP4","2014-07-16T07:13:46.603776","14.67552298","0.00032720","98.0369","213.6050","312.1326","47.9591","0","U","39209","999","5298","0.00013053000000","0.00000693","0.0000000000000","7047.034","98.122","671.205","666.593","PAYLOAD","LARGE","PRC","2013-07-19","TSC","","1714597","96465831","0 PAYLOAD B","1 39209U 13037B   14197.30123384  .00000693  00000-0  13053-3 0  9996","2 39209 098.0369 213.6050 0003272 312.1326 047.9591 14.67552298 52987"
"2.0","GENERATED VIA SPACE-TRACK.ORG API","2014-07-16T11:12:26","18 SPCS","PAYLOAD A","2013-037A","EARTH","TEME","UTC","SGP4","2014-07-16T08:10:13.874304","14.67872250","0.00076120","98.0377","214.0276","316.1716","43.8918","0","U","39208","999","5302","0.00005251800000","0.00000252","0.0000000000000","7046.010","98.101","673.238","662.511","PAYLOAD","LARGE","PRC","2013-07-19","TSC","","1714575","96465294","0 PAYLOAD A","1 39208U 13037A   14197.34043836  .00000252  00000-0  52518-4 0  9993","2 39208 098.0377 214.0276 0007612 316.1716 043.8918 14.67872250 53026"
"2.0","GENERATED VIA SPACE-TRACK.ORG API","2014-07-16T11:29:26","18 SPCS","PAYLOAD C","2013-037C","EARTH","TEME","UTC","SGP4","2014-07-16T09:16:15.758399","14.93999725","0.00307820","97.6781","212.5340","274.6224","85.1477","0","U","39210","999","5388","0.00009748300000","0.00000990","0.0000000000000","6963.620","96.385","606.921","564.050","PAYLOAD","LARGE","PRC","2013-07-19","TSC","","1714597","96465842","0 PAYLOAD C","1 39210U 13037C   14197.38629350  .00000990  00000-0  97483-4 0  9990","2 39210 097.6781 212.5340 0030782 274.6224 085.1477 14.93999725 53883"
"2.0","GENERATED VIA SPACE-TRACK.ORG API","2014-07-16T20:20:50","18 SPCS","PAYLOAD A","2013-037A","EARTH","TEME","UTC","SGP4","2014-07-16T16:21:01.838592","14.67871396","0.00074990","98.0376","214.3620","314.7438","45.3143","0","U","39208","999","5307","0.00000063406000","-0.00000045","0.0000000000000","7046.013","98.101","673.161","662.594","PAYLOAD","LARGE","PRC","2013-07-19","TSC","","1714731","96467783","0 PAYLOAD A","1 39208U 13037A   14197.68127128 -.00000045  00000-0  63406-6 0  9998","2 39208 098.0376 214.3620 0007499 314.7438 045.3143 14.67871396 53071"
"2.0","GENERATED VIA SPACE-TRACK.ORG API","2014-07-16T21:23:23","18 SPCS","PAYLOAD C","2013-037C","EARTH","TEME","UTC","SGP4","2014-07-16T17:18:29.427551","14.93998152","0.00307690","97.6780","212.8609","273.2035","86.5653","0","U","39210","999","5393","0.00004445900000","0.00000420","0.0000000000000","6963.625","96.385","606.916","564.064","PAYLOAD","LARGE","PRC","2013-07-19","TSC","","1714828","96469976","0 PAYLOAD C","1 39210U 13037C   14197.72117393  .00000420  00000-0  44459-4 0  9990","2 39210 097.6780 212.8609 0030769 273.2035 086.5653 14.93998152 53933"
"2.0","GENERATED VIA SPACE-TRACK.ORG API","2014-07-16T19:12:51","18 SPCS","PAYLOAD A","2013-037A","EARTH","TEME","UTC","SGP4","2014-07-16T17:59:13.792415","14.67847186","0.00083290","98.0408","214.4305","312.9665","47.1324","0","U","39208","999","5308","0.00000000000000","-0.00001232","0.0000000000000","7046.090","98.102","673.824","662.086","PAYLOAD","LARGE","PRC","2013-07-19","TSC","","1714699","96467184","0 PAYLOAD A","1 39208U 13037A   14197.74946519 -.00001232  00000-0  00000+0 0  9991","2 39208 098.0408 214.4305 0008329 312.9665 047.1324 14.67847186 53085"
"2.0","GENERATED VIA SPACE-TRACK.ORG API","2014-07-16T21:22:37","18 SPCS","PAYLOAD B","2013-037B","EARTH","TEME","UTC","SGP4","2014-07-16T18:41:02.938272","14.67549778","0.00031700","98.0370","214.0731","308.6944","51.3968","0","U","39209","999","5305","-0.00001281800000","-0.00000120","0.0000000000000","7047.042","98.122","671.141","666.673","PAYLOAD","LARGE","PRC","2013-07-19","TSC","","1714827","96469938","0 PAYLOAD B","1 39209U 13037B   14197.77850623 -.00000120  00000-0 -12818-4 0  9996","2 39209 098.0370 214.0731 0003170 308.6944 051.3968 14.67549778 53058"
"2.0","GENERATED VIA SPACE-TRACK.ORG API","2014-07-17T07:13:37","18 SPCS","PAYLOAD C","2013-037C","EARTH","TEME","UTC","SGP4","2014-07-17T01:20:43.050911","14.93999841","0.00307650","97.6780","213.1883","272.1198","87.6512","0","U","39210","999","5398","0.00008218800000","0.00000826","0.0000000000000","6963.620","96.385","606.908","564.061","PAYLOAD","LARGE","PRC","2013-07-19","TSC","","1715113","96474819","0 PAYLOAD C","1 39210U 13037C   14198.05605383  .00000826  00000-0  82188-4 0  9999","2 39210 097.6780 213.1883 0030765 272.1198 087.6512 14.93999841 53982"
"2.0","GENERATED VIA SPACE-TRACK.ORG API","2014-07-17T07:12:06","18 SPCS","PAYLOAD B","2013-037B","EARTH","TEME","UTC","SGP4","2014-07-17T02:51:57.395519","14.67550792","0.00031770","98.0368","214.4077","307.5958","52.4962","0","U","39209","999","5310","0.00003784300000","0.00000167","0.0000000000000","7047.039","98.122","671.143","666.665","PAYLOAD","LARGE","PRC","2013-07-19","TSC","","1715111","96474770","0 PAYLOAD B","1 39209U 13037B   14198.11941430  .00000167  00000-0  37843-4 0  9996","2 39209 098.0368 214.4077 0003177 307.5958 052.4962 14.67550792 53102"
"2.0","GENERATED VIA SPACE-TRACK.ORG API","2014-07-17T15:36:59","18 SPCS","PAYLOAD C","2013-037C","EARTH","TEME","UTC","SGP4","2014-07-17T09:22:56.592192","14.94001183","0.00307430","97.6786","213.5159","271.0833","88.6864","0","U","39210","999","5403","0.00009479000000","0.00000961","0.0000000000000","6963.616","96.385","606.889","564.072","PAYLOAD","LARGE","PRC","2013-07-19","TSC","","1715264","96478119","0 PAYLOAD C","1 39210U 13037C   14198.39093278  .00000961  00000-0  94790-4 0  9992","2 39210 097.6786 213.5159 0030743 271.0833 088.6864 14.94001183 54030"
"2.0","GENERATED VIA SPACE-TRACK.ORG API","2014-07-17T15:35:28","18 SPCS","PAYLOAD B","2013-037B","EARTH","TEME","UTC","SGP4","2014-07-17T11:02:51.876095","14.67550676","0.00031650","98.0371","214.7424","306.9738","53.1189","0","U","39209","999","5315","0.00001259000000","0.00000024","0.0000000000000","7047.039","98.122","671.135","666.674","PAYLOAD","LARGE","PRC","2013-07-19","TSC","","1715262","96478069","0 PAYLOAD B","1 39209U 13037B   14198.46032264  .00000024  00000-0  12590-4 0  9994","2 39209 098.0371 214.7424 0003165 306.9738 053.1189 14.67550676 53156"
"2.0","GENERATED VIA SPACE-TRACK.ORG API","2014-07-17T13:22:05","18 SPCS","PAYLOAD A","2013-037A","EARTH","TEME","UTC","SGP4","2014-07-17T11:58:57.121536","14.67874655","0.00073840","98.0381","215.1658","311.7090","48.3603","0","U","39208","999","5319","0.00012280000000","0.00000654","0.0000000000000","7046.002","98.101","673.070","662.664","PAYLOAD","LARGE","PRC","2013-07-19","TSC","","1715131","96475010","0 PAYLOAD A","1 39208U 13037A   14198.49927224  .00000654  00000-0  12280-3 0  9999","2 39208 098.0381 215.1658 0007384 311.7090 048.3603 14.67874655 53199"
"2.0","GENERATED VIA SPACE-TRACK.ORG API","2014-07-17T23:24:05","18 SPCS","PAYLOAD C","2013-037C","EARTH","TEME","UTC","SGP4","2014-07-17T17:25:10.233695","14.93999694","0.00307040","97.6785","213.8428","269.5599","90.2099","0","U","39210","999","5408","0.00003871400000","0.00000358","0.0000000000000","6963.620","96.385","606.866","564.104","PAYLOAD","LARGE","PRC","2013-07-19","TSC","","1715405","96480914","0 PAYLOAD C","1 39210U 13037C   14198.72581289  .00000358  00000-0  38714-4 0  9997","2 39210 097.6785 213.8428 0030704 269.5599 090.2099 14.93999694 54085"
"2.0","GENERATED VIA SPACE-TRACK.ORG API","2014-07-17T23:22:33","18 SPCS","PAYLOAD B","2013-037B","EARTH","TEME","UTC","SGP4","2014-07-17T19:13:46.396416","14.67549276","0.00031200","98.0373","215.0766","304.2799","55.8120","0","U","39209","999","5320","-0.00005140200000","-0.00000339","0.0000000000000","7047.044","98.122","671.107","666.710","PAYLOAD","LARGE","PRC","2013-07-19","TSC","","1715402","96480882","0 PAYLOAD B","1 39209U 13037B   14198.80123144 -.00000339  00000-0 -51402-4 0  9996","2 39209 098.0373 215.0766 0003120 304.2799 055.8120 14.67549276 53204"
"2.0","GENERATED VIA SPACE-TRACK.ORG API","2014-07-17T22:24:37","18 SPCS","PAYLOAD A","2013-037A","EARTH","TEME","UTC","SGP4","2014-07-17T20:09:44.920799","14.67872172","0.00072480","98.0380","215.5003","308.7923","51.2608","0","U","39208","999","5324","-0.00000703680000","-0.00000088","0.0000000000000","7046.010","98.101","672.982","662.768","PAYLOAD","LARGE","PRC","2013-07-19","TSC","","1715315","96478840","0 PAYLOAD A","1 39208U 13037A   14198.84010325 -.00000088  00000-0 -70368-5 0  9999","2 39208 098.0380 215.5003 0007248 308.7923 051.2608 14.67872172 53242"
"2.0","GENERATED VIA SPACE-TRACK.ORG API","2014-07-18T09:34:43","18 SPCS","PAYLOAD B","2013-037B","EARTH","TEME","UTC","SGP4","2014-07-18T03:24:40.843296","14.67551086","0.00031210","98.0372","215.4110","302.0285","58.0658","0","U","39209","999","5325","0.00004611600000","0.00000214","0.0000000000000","7047.038","98.122","671.102","666.703","PAYLOAD","LARGE","PRC","2013-07-19","TSC","","1715654","96483661","0 PAYLOAD B","1 39209U 13037B   14199.14213939  .00000214  00000-0  46116-4 0  9992","2 39209 098.0372 215.4110 0003121 302.0285 058.0658 14.67551086 53255"
"2.0","GENERATED VIA SPACE-TRACK.ORG API","2014-07-18T08:00:37","18 SPCS","PAYLOAD A","2013-037A","EARTH","TEME","UTC","SGP4","2014-07-18T04:20:32.923968","14.67873142","0.00072470","98.0381","215.8352","307.6022","52.4527","0","U","39208","999","5329","0.00003554600000","0.00000155","0.0000000000000","7046.007","98.101","672.978","662.766","PAYLOAD","LARGE","PRC","2013-07-19","TSC","","1715569","96481625","0 PAYLOAD A","1 39208U 13037A   14199.18093662  .00000155  00000-0  35546-4 0  9993","2 39208 098.0381 215.8352 0007247 307.6022 052.4527 14.67873142 53296"
"2.0","GENERATED VIA SPACE-TRACK.ORG API","2014-07-18T09:34:56","18 SPCS","PAYLOAD C","2013-037C","EARTH","TEME","UTC","SGP4","2014-07-18T04:40:17.185440","14.94002903","0.00306880","97.6787","214.3010","268.0437","91.7268","0","U","39210","999","5415","0.00011405000000","0.00001168","0.0000000000000","6963.610","96.385","606.845","564.105","PAYLOAD","LARGE","PRC","2013-07-19","TSC","","1715655","96483694","0 PAYLOAD C","1 39210U 13037C   14199.19464335  .00001168  00000-0  11405-3 0  9998","2 39210 097.6787 214.3010 0030688 268.0437 091.7268 14.94002903 54157"
"2.0","GENERATED VIA SPACE-TRACK.ORG API","2014-07-18T15:34:04","18 SPCS","PAYLOAD B","2013-037B","EARTH","TEME","UTC","SGP4","2014-07-18T09:57:24.333407","14.67551855","0.00031150","98.0374","215.6785","300.3493","59.7421","0","U","39209","999","5329","0.00007558200000","0.00000381","0.0000000000000","7047.035","98.122","671.096","666.705","PAYLOAD","LARGE","PRC","2013-07-19","TSC","","1715797","96486886","0 PAYLOAD B","1 39209U 13037B   14199.41486497  .00000381  00000-0  75582-4 0  9997","2 39209 098.0374 215.6785 0003115 300.3493 059.7421 14.67551855 53296"
"2.0","GENERATED VIA SPACE-TRACK.ORG API","2014-07-18T14:25:46","18 SPCS","PAYLOAD A","2013-037A","EARTH","TEME","UTC","SGP4","2014-07-18T12:31:20.926271","14.67872798","0.00072790","98.0383","216.1698","306.4438","53.6089","0","U","39208","999","5334","0.00001716900000","0.00000050","0.0000000000000","7046.008","98.101","673.002","662.744","PAYLOAD","LARGE","PRC","2013-07-19","TSC","","1715678","96484039","0 PAYLOAD A","1 39208U 13037A   14199.52176998  .00000050  00000-0  17169-4 0  9990","2 39208 098.0383 216.1698 0007279 306.4438 053.6089 14.67872798 53346"
"2.0","GENERATED VIA SPACE-TRACK.ORG API","2014-07-18T15:38:52","18 SPCS","PAYLOAD C","2013-037C","EARTH","TEME","UTC","SGP4","2014-07-18T12:42:30.734496","14.94003512","0.00306640","97.6787","214.6288","266.8005","92.9712","0","U","39210","999","5420","0.00010406000000","0.00001061","0.0000000000000","6963.608","96.385","606.827","564.120","PAYLOAD","LARGE","PRC","2013-07-19","TSC","","1715804","96487022","0 PAYLOAD C","1 39210U 13037C   14199.52952239  .00001061  00000-0  10406-3 0  9992","2 39210 097.6787 214.6288 0030664 266.8005 092.9712 14.94003512 54208"
"2.0","GENERATED VIA SPACE-TRACK.ORG API","2014-07-18T23:21:26","18 SPCS","PAYLOAD B","2013-037B","EARTH","TEME","UTC","SGP4","2014-07-18T19:46:29.710271","14.67550387","0.00029940","98.0371","216.0794","296.3725","63.7172","0","U","39209","999","5335","-0.00000189790000","-0.00000058","0.0000000000000","7047.040","98.122","671.015","666.795","PAYLOAD","LARGE","PRC","2013-07-19","TSC","","1715963","96489742","0 PAYLOAD B","1 39209U 13037B   14199.82395498 -.00000058  00000-0 -18979-5 0  9993","2 39209 098.0371 216.0794 0002994 296.3725 063.7172 14.67550387 53358"
"2.0","GENERATED VIA SPACE-TRACK.ORG API","2014-07-18T22:25:56","18 SPCS","PAYLOAD A","2013-037A","EARTH","TEME","UTC","SGP4","2014-07-18T20:42:09.032256","14.67870294","0.00072110","98.0384","216.5039","304.3800","55.6723","0","U","39208","999","5339","-0.00010521000000","-0.00000649","0.0000000000000","7046.016","98.101","672.962","662.800","PAYLOAD","LARGE","PRC","2013-07-19","TSC","","1715878","96487699","0 PAYLOAD A","1 39208U 13037A   14199.86260454 -.00000649  00000-0 -10521-3 0  9998","2 39208 098.0384 216.5039 0007211 304.3800 055.6723 14.67870294 53397"
"2.0","GENERATED VIA SPACE-TRACK.ORG API","2014-07-18T23:23:19","18 SPCS","PAYLOAD C","2013-037C","EARTH","TEME","UTC","SGP4","2014-07-18T20:44:44.322432","14.94004037","0.00306400","97.6789","214.9561","265.5147","94.2588","0","U","39210","999","5425","0.00011425000000","0.00001171","0.0000000000000","6963.607","96.385","606.808","564.135","PAYLOAD","LARGE","PRC","2013-07-19","TSC","","1715965","96489781","0 PAYLOAD C","1 39210U 13037C   14199.86440188  .00001171  00000-0  11425-3 0  9998","2 39210 097.6789 214.9561 0030640 265.5147 094.2588 14.94004037 54258"
"2.0","GENERATED VIA SPACE-TRACK.ORG API","2014-07-19T07:39:15","18 SPCS","PAYLOAD C","2013-037C","EARTH","TEME","UTC","SGP4","2014-07-19T01:34:04.417824","14.94005587","0.00306560","97.6789","215.1524","264.8026","94.9727","0","U","39210","999","5428","0.00014270000000","0.00001477","0.0000000000000","6963.602","96.385","606.815","564.119","PAYLOAD","LARGE","PRC","2013-07-19","TSC","","1716174","96492630","0 PAYLOAD C","1 39210U 13037C   14200.06532891  .00001477  00000-0  14270-3 0  9996","2 39210 097.6789 215.1524 0030656 264.8026 094.9727 14.94005587 54281"
"2.0","GENERATED VIA SPACE-TRACK.ORG API","2014-07-19T06:27:03","18 SPCS","PAYLOAD A","2013-037A","EARTH","TEME","UTC","SGP4","2014-07-19T04:52:57.087264","14.67870323","0.00072110","98.0386","216.8387","303.4169","56.6355","0","U","39208","999","5344","-0.00008281400000","-0.00000521","0.0000000000000","7046.016","98.101","672.962","662.800","PAYLOAD","LARGE","PRC","2013-07-19","TSC","","1716085","96490587","0 PAYLOAD A","1 39208U 13037A   14200.20343851 -.00000521  00000-0 -82814-4 0  9996","2 39208 098.0386 216.8387 0007211 303.4169 056.6355 14.67870323 53447"
"2.0","GENERATED VIA SPACE-TRACK.ORG API","2014-07-19T15:30:09","18 SPCS","PAYLOAD C","2013-037C","EARTH","TEME","UTC","SGP4","2014-07-19T09:36:17.906399","14.94006029","0.00306600","97.6793","215.4800","263.7656","96.0081","0","U","39210","999","5433","0.00012450000000","0.00001281","0.0000000000000","6963.601","96.385","606.816","564.115","PAYLOAD","LARGE","PRC","2013-07-19","TSC","","1716324","96495904","0 PAYLOAD C","1 39210U 13037C   14200.40020725  .00001281  00000-0  12450-3 0  9993","2 39210 097.6793 215.4800 0030660 263.7656 096.0081 14.94006029 54332"
"2.0","GENERATED VIA SPACE-TRACK.ORG API","2014-07-19T14:27:14","18 SPCS","PAYLOAD A","2013-037A","EARTH","TEME","UTC","SGP4","2014-07-19T13:03:45.125856","14.67870056","0.00072060","98.0386","217.1733","302.3266","57.7242","0","U","39208","999","5349","-0.00008038600000","-0.00000507","0.0000000000000","7046.017","98.101","672.959","662.805","PAYLOAD","LARGE","PRC","2013-07-19","TSC","","1716221","96493584","0 PAYLOAD A","1 39208U 13037A   14200.54427229 -.00000507  00000-0 -80386-4 0  9991","2 39208 098.0386 217.1733 0007206 302.3266 057.7242 14.67870056 53491"
"2.0","GENERATED VIA SPACE-TRACK.ORG API","2014-07-19T22:28:48","18 SPCS","PAYLOAD C","2013-037C","EARTH","TEME","UTC","SGP4","2014-07-19T17:38:31.481376","14.94004140","0.00306760","97.6795","215.8073","262.4303","97.3422","0","U","39210","999","5438","0.00005719500000","0.00000557","0.0000000000000","6963.606","96.385","606.833","564.110","PAYLOAD","LARGE","PRC","2013-07-19","TSC","","1716406","96496714","0 PAYLOAD C","1 39210U 13037C   14200.73508659  .00000557  00000-0  57195-4 0  9997","2 39210 097.6795 215.8073 0030676 262.4303 097.3422 14.94004140 54382"
"2.0","GENERATED VIA SPACE-TRACK.ORG API","2014-07-19T22:14:33","18 SPCS","PAYLOAD A","2013-037A","EARTH","TEME","UTC","SGP4","2014-07-19T19:36:23.568480","14.67870485","0.00072720","98.0383","217.4410","301.8304","58.2205","0","U","39208","999","5353","-0.00004917900000","-0.00000329","0.0000000000000","7046.016","98.101","673.004","662.757","PAYLOAD","LARGE","PRC","2013-07-19","TSC","","1716387","96496235","0 PAYLOAD A","1 39208U 13037A   14200.81693945 -.00000329  00000-0 -49179-4 0  9998","2 39208 098.0383 217.4410 0007272 301.8304 058.2205 14.67870485 53539"
"2.0","GENERATED VIA SPACE-TRACK.ORG API","2014-07-19T21:13:20","18 SPCS","PAYLOAD B","2013-037B","EARTH","TEME","UTC","SGP4","2014-07-19T20:19:13.140768","14.67549885","0.00030330","98.0373","217.0830","291.7707","68.3209","0","U","39209","999","5350","-0.00005563200000","-0.00000363","0.0000000000000","7047.042","98.122","671.044","666.769","PAYLOAD","LARGE","PRC","2013-07-19","TSC","","1716368","96496155","0 PAYLOAD B","1 39209U 13037B   14200.84667987 -.00000363  00000-0 -55632-4 0  9998","2 39209 098.0373 217.0830 0003033 291.7707 068.3209 14.67549885 53506"
